,iter ,BETA_0,GAMMA_0,BETA_1,GAMMA_1,BETA_2,GAMMA_2,energy,best_energy,approx_ratio,best_approx_ratio,fidelity,best_fidelity,variance,corr_length,const_kernel,noise_kernel,std_energies,average_distances,nit,time_opt_bayes,time_qaoa,time_opt_kernel,time_step
0,0,1.0024069357670369,2.089081064493267,0.7294084714019824,0.05380509800939618,0.12232475421348635,0.46459351109608876,-5.76308953189069,-5.76308953189069,0.4802574609908908,0.4802574609908908,4.741093571295487e-05,4.741093571295487e-05,5.587693624725809,64.750487633079,51.45632085576507,1.1544115099481569,0.0,0.0,0,0.0,0.0,0.0,0.0
1,1,0.7107522847037803,0.4119980448843328,0.17686104158558713,1.7096847716244168,0.40260076871078393,0.9295721658559696,-6.794901018096203,-6.794901018096203,0.5662417515080169,0.5662417515080169,0.0018230397820623615,0.0018230397820623615,5.189406866771854,64.750487633079,51.45632085576507,1.1544115099481569,0.0,0.0,0,0.0,0.0,0.0,0.0
2,2,0.12058403904594461,2.9110895394583327,0.5114435037222975,2.0432859489142707,1.1910110776730163,2.6248190562160247,-7.162129409394149,-7.162129409394149,0.5968441174495124,0.5968441174495124,0.008183094029989433,0.008183094029989433,3.9490642818004247,64.750487633079,51.45632085576507,1.1544115099481569,0.0,0.0,0,0.0,0.0,0.0,0.0
3,3,1.5847889255220562,2.734888618065318,1.430856576837067,2.5492162343155025,2.3425978292190512,2.070129269124471,-7.52990775651097,-7.52990775651097,0.6274923130425808,0.6274923130425808,0.015039020697946095,0.015039020697946095,6.141220754882376,64.750487633079,51.45632085576507,1.1544115099481569,0.0,0.0,0,0.0,0.0,0.0,0.0
4,4,1.366514887793735,1.2529854204115187,3.0934298803497984,2.868729662656413,3.0920383802614126,1.2534092478383048,-7.8325952913233525,-7.8325952913233525,0.652716274276946,0.652716274276946,0.025011476290928467,0.025011476290928467,5.485863866240628,64.750487633079,51.45632085576507,1.1544115099481569,0.0,0.0,0,0.0,0.0,0.0,0.0
5,5,1.9120055116194181,0.7137361806255024,2.522341899369686,1.3378832979109143,2.5394473951703773,3.0337363922704226,-6.6049668889841815,-7.8325952913233525,0.5504139074153485,0.652716274276946,0.0013229791436991801,0.025011476290928467,5.460861556973143,64.750487633079,51.45632085576507,1.1544115099481569,0.0,0.0,0,0.0,0.0,0.0,0.0
6,6,2.592113190955874,0.2716732575486364,1.9441060354066508,2.285943826116999,1.5158789482525779,1.831344557328223,-7.57550264623919,-7.8325952913233525,0.6312918871865992,0.652716274276946,0.03287363605705186,0.03287363605705186,4.835351381919608,64.750487633079,51.45632085576507,1.1544115099481569,0.0,0.0,0,0.0,0.0,0.0,0.0
7,7,2.46244295975798,2.258836336005778,1.0545974166763588,0.5483778969186908,1.6840170697487629,0.10832523892893232,-5.905595462955651,-7.8325952913233525,0.49213295524630424,0.652716274276946,0.0018085108821448437,0.03287363605705186,6.4127523423609105,64.750487633079,51.45632085576507,1.1544115099481569,0.0,0.0,0,0.0,0.0,0.0,0.0
8,8,2.9258627405776507,1.577059337888745,2.250665912579304,0.8148238638765822,0.9347380770927466,2.4436874018116033,-7.13166388910677,-7.8325952913233525,0.5943053240922308,0.652716274276946,0.0397102995353419,0.0397102995353419,5.807795407926285,64.750487633079,51.45632085576507,1.1544115099481569,0.0,0.0,0,0.0,0.0,0.0,0.0
9,9,0.612892132747056,1.3301383180774842,1.6405163283219317,1.1955372875099297,1.9050923428958844,1.4746173497433201,-9.584067835306211,-9.584067835306211,0.7986723196088509,0.7986723196088509,0.12511033887535086,0.12511033887535086,3.236406113309897,64.750487633079,51.45632085576507,1.1544115099481569,0.0,0.0,0,0.0,0.0,0.0,0.0
10,1,0.8542136521304815,1.0817148575764568,2.454278086880338,2.7501239485171105,2.7130274745094174,2.373815982863444,-7.653887825386989,-9.584067835306211,0.6378239854489157,0.7986723196088509,0.0010153715931489338,0.12511033887535086,3.043608645202788,29.820856146293295,50.73140683484982,0.985752213426675,5.422030872315937e-06,0.008132578109472181,27,1.0861594676971436,7.647470712661743,0.3141472339630127,9.047837734222412
11,2,0.01,0.3345636858368081,3.141592653589793,3.141592653589793,3.141592653589793,3.141592653589793,-7.426413069425697,-9.584067835306211,0.6188677557854748,0.7986723196088509,0.0035741749617138334,0.12511033887535086,3.8078705410521962,38.87194183069543,51.170732940316185,0.9203592707399888,0.00020880422734756099,0.009844959488380448,91,3.586347818374634,7.680168390274048,0.3599832057952881,11.626549005508423
12,3,0.01,0.01,3.141592653589793,3.141592653589793,3.141592653589793,3.141592653589793,-7.496986847300388,-9.584067835306211,0.624748903941699,0.7986723196088509,0.003892091425942018,0.12511033887535086,3.7524020066607093,40.83199280216285,51.21311363579607,0.8440798739165856,0.0007385256507805399,0.006593595190742042,82,3.3579912185668945,7.231635808944702,0.4132242202758789,11.002943754196167
13,4,0.01,0.01,3.141592653589793,3.141592653589793,3.141592653589793,3.141592653589793,-7.497010502002346,-9.584067835306211,0.6247508751668621,0.7986723196088509,0.0038923078445582725,0.12511033887535086,3.7523944859578506,2.4051097724274118,17.54161083042806,9.999999999999997e-06,0.0008411356793674141,0.004716912596387885,86,3.7626657485961914,6.842458963394165,0.3893609046936035,10.994537353515625
14,5,0.01,1.1291028903197298,2.2119796592927954,1.278431617495131,1.935832169245798,1.163943582402345,-6.069585367640803,-9.584067835306211,0.5057987806367336,0.7986723196088509,0.0052849475092313575,0.12511033887535086,4.2302703897493075,41.68182736823322,50.62810417664312,0.8196303287346879,0.00014151664421833797,0.009870290824358571,34,1.4699037075042725,7.787064075469971,0.5066618919372559,9.763694763183594
15,6,0.01,0.01,3.141592653589793,3.141592653589793,3.141592653589793,3.141592653589793,-7.496993414430695,-9.584067835306211,0.6247494512025579,0.7986723196088509,0.0038922083674667986,0.12511033887535086,3.7524050268963975,1.2863957048819599,16.96600148010659,9.999999999999997e-06,0.0009039926304272827,0.005015771941505298,86,3.6984198093414307,7.476017951965332,0.4115886688232422,11.586095809936523
16,7,1.0479260944254893,1.4015375493614803,1.1397878367341086,1.2397519251929547,1.8874056974247997,1.7497485270082236,-10.07323779025122,-10.07323779025122,0.839436482520935,0.839436482520935,0.23985352495585657,0.23985352495585657,3.6855895762024034,1.3036057414818325,16.3833938507055,9.999999999999997e-06,0.0003737919307644861,0.009923667243367521,27,1.2562587261199951,7.8818957805633545,0.3124086856842041,9.45061993598938
17,8,0.9951929306104806,1.4517614665001137,1.3680010673315686,1.2729787092763145,1.8270540764425474,1.6548669503286935,-10.39089832887401,-10.39089832887401,0.8659081940728343,0.8659081940728343,0.16028034566637814,0.23985352495585657,1.98304572220475,1.258348638718365,15.497700506651078,9.999999999999997e-06,0.00024521288336836,0.008007241975759158,30,1.2757842540740967,6.769777536392212,0.34406399726867676,8.389677286148071
18,9,1.1315015050190147,1.560575829383356,1.5011162670701812,1.3852638996768432,1.6342005715396095,1.6490592010277374,-9.710684709174654,-10.39089832887401,0.8092237257645545,0.8659081940728343,0.046943767152660895,0.23985352495585657,1.851623548527627,1.1399620196914257,16.742652562716888,9.999999999999997e-06,0.0003483401172575564,0.00842224555612452,32,1.4608633518218994,8.032735109329224,0.4326620101928711,9.926426649093628
19,10,0.9724747199199718,1.4796564820433251,1.3873603147926958,1.2307724839517464,2.0338528678090357,1.5823458727770554,-9.939789175573791,-10.39089832887401,0.8283157646311493,0.8659081940728343,0.1070757057999684,0.23985352495585657,2.485064238736328,1.0660245904402907,16.785368556423283,9.999999999999997e-06,0.00044535875183861727,0.006332016843734768,29,1.668748140335083,7.214384317398071,0.3374192714691162,9.220604658126831
20,11,0.81658882219588,1.277536124890477,1.334436098718317,1.207086794253511,1.6784245582617916,1.7849214788557644,-9.856959737216926,-10.39089832887401,0.8214133114347438,0.8659081940728343,0.27252203856748236,0.27252203856748236,4.0913131093974044,0.9805750407223388,16.753566015379672,9.999999999999997e-06,0.0005251537438807992,0.008680533219151479,32,1.4374568462371826,7.831335544586182,0.4347951412200928,9.703656673431396
21,12,0.9528082587606187,1.4126611673805332,1.2975326566043557,1.328480601934948,1.7898024289100416,1.5700845617356387,-9.925502604132308,-10.39089832887401,0.8271252170110257,0.8659081940728343,0.1063963302280618,0.27252203856748236,2.7278695353545004,0.9244515087398132,17.548321390397597,9.999999999999997e-06,0.0008169232415262736,0.007229712789457687,33,1.3495721817016602,7.0568461418151855,0.3853418827056885,8.79181432723999
22,13,1.0393532191650379,1.5324523686274631,1.4611736429212807,1.06290269719495,1.8428871343362212,1.8655500942579188,-10.137565360134694,-10.39089832887401,0.8447971133445579,0.8659081940728343,0.24920778467008114,0.27252203856748236,3.8916074596274797,0.9036903645181943,17.168947380793753,9.999999999999997e-06,0.0008607656237874889,0.009239259267451661,35,1.531036376953125,8.423671007156372,0.46359920501708984,10.418376922607422
23,14,1.041356357906895,1.3810543071256627,1.4491553742192718,1.291768730303165,1.8836709954195852,1.7959229033989323,-10.172964946049463,-10.39089832887401,0.8477470788374553,0.8659081940728343,0.2191637382415379,0.27252203856748236,2.7605367124368314,0.9005702716310261,17.22497479813146,9.999999999999997e-06,0.000917878458030586,0.009310786909097042,33,1.4317634105682373,7.357475280761719,0.438277006149292,9.227569103240967
24,15,0.9434519033895463,1.5552303364036404,1.3597982237528359,1.2142121796247258,1.8177818290463257,1.738561319307326,-10.183220556740004,-10.39089832887401,0.848601713061667,0.8659081940728343,0.17440349936661897,0.27252203856748236,2.9502380827567407,0.8929624200099922,17.409898046808262,9.999999999999997e-06,0.0008078579885823492,0.007471514396108607,44,2.2803096771240234,8.32661509513855,0.46520352363586426,11.072182178497314
25,16,1.140981524069425,1.343346726867185,1.4117883068374624,1.0167361638687984,1.776543862103185,1.6152166966066013,-8.6170386855134,-10.39089832887401,0.7180865571261167,0.8659081940728343,0.0711519046567139,0.27252203856748236,5.40501745010323,1.2181000157315434,17.013499620130318,0.04007101457890234,0.0008163967271893767,0.007365259670367622,31,1.3566296100616455,7.187760591506958,0.4542050361633301,8.998659133911133
26,17,0.7264379490432799,1.650081571960841,1.2501713586513166,1.4799238066775366,2.0276977876972038,2.051029890130116,-8.798347226209575,-10.39089832887401,0.7331956021841313,0.8659081940728343,0.06832894367185438,0.27252203856748236,4.742416696205424,0.692197531538371,20.719023303791076,9.999999999999997e-06,0.000581178671319403,0.009389400423481527,27,1.2742464542388916,7.413639545440674,0.4165024757385254,9.104440450668335
27,18,1.0268230458403032,1.4869131181362596,1.3661022679657613,1.3272093470298352,1.8660479584487493,1.7116196487116395,-10.425463207906772,-10.425463207906772,0.8687886006588976,0.8687886006588976,0.15088695295959417,0.27252203856748236,1.7895234797563404,0.7042258023122074,20.491235281546437,9.999999999999997e-06,0.0007392454381978622,0.007417504508440217,52,2.4724714756011963,7.175527811050415,0.430084228515625,10.078152894973755
28,19,0.9700276447685838,1.4597865945064632,1.405151091261251,1.3065520760404699,1.855097710496829,1.6977934162478694,-10.53406866897207,-10.53406866897207,0.8778390557476725,0.8778390557476725,0.17669697621982236,0.27252203856748236,1.6770562605665873,0.7015446027381018,20.58490916440449,9.999999999999997e-06,0.000766774342281035,0.008401084536872994,42,2.131282329559326,7.6104631423950195,0.4828023910522461,10.224627494812012
29,20,0.9324563230474523,1.461525557990834,1.450692104567051,1.323142998911242,1.8586032955383622,1.6966889511931733,-10.544009490036718,-10.544009490036718,0.8786674575030599,0.8786674575030599,0.16924057710567725,0.27252203856748236,1.542110838807929,0.7129771748983046,20.418840631881107,9.999999999999997e-06,0.0007988560050248536,0.005644902249173104,48,2.1806037425994873,7.743733882904053,0.44385266304016113,10.368254661560059
30,21,0.935681974086512,1.4511932540955017,1.4238693006156418,1.318373018236784,1.86131266530626,1.702028563524789,-10.553916303148748,-10.553916303148748,0.8794930252623957,0.8794930252623957,0.18187381126487465,0.27252203856748236,1.6340320489535998,0.7225928119521255,20.278540913936094,9.999999999999997e-06,0.0007093198864713928,0.004986695864785199,42,1.7284584045410156,7.186564683914185,0.7066283226013184,9.621706008911133
31,22,0.9344280732902651,1.4501206719339277,1.422901359869783,1.318579734804303,1.8617761981055962,1.70258353438192,-10.554911091574965,-10.554911091574965,0.8795759242979138,0.8795759242979138,0.18071231842098084,0.27252203856748236,1.6156600857380994,0.7237297799117891,20.26759910957166,9.999999999999997e-06,0.00047049705501440336,0.0011210231069783165,55,2.2845561504364014,7.3629419803619385,0.6794822216033936,10.327037811279297
32,23,0.9314906520440989,1.4480589504143881,1.4218427090198795,1.3189171028682112,1.862939708355772,1.703812803618589,-10.557856335224836,-10.557856335224836,0.8798213612687363,0.8798213612687363,0.18529707435324277,0.27252203856748236,1.6511160365591593,0.7263735298678823,20.249406894671623,9.999999999999997e-06,0.0008417979739449438,0.001423143514582736,55,2.1793107986450195,7.271635055541992,0.639423131942749,10.0904381275177
33,24,0.91595705076037,1.4405511897246686,1.4240309323628864,1.3171305834069262,1.8703503606331613,1.7094257422212942,-10.58886904751106,-10.58886904751106,0.882405753959255,0.882405753959255,0.1950170475241032,0.27252203856748236,1.6278285753343056,0.7057739075760415,20.52467598731251,9.999999999999997e-06,0.0006312579759848924,0.003350186570998006,50,2.3413524627685547,7.752520799636841,0.6678299903869629,10.761773347854614
34,25,0.8269551875508324,1.4169647682768391,1.4785396006088425,1.2854090410451762,1.911884181800091,1.745038026155603,-10.740317299571531,-10.740317299571531,0.8950264416309609,0.8950264416309609,0.2708628188659685,0.27252203856748236,1.5475099984414982,0.7077244121876405,20.662259963555705,9.999999999999997e-06,0.0009434068941105414,0.008188655959424066,45,1.793933391571045,7.321618318557739,0.8346576690673828,9.95028567314148
35,26,0.7848056242053257,1.4113350856099394,1.5207229858052185,1.2675725431598817,1.928535265773345,1.7727980979821423,-10.78701648280201,-10.78701648280201,0.8989180402335007,0.8989180402335007,0.30711339557450723,0.30711339557450723,1.5492305411521272,0.7171077135280678,20.6261808087914,9.999999999999997e-06,0.0007352396466450285,0.006346663561544929,32,1.4263062477111816,7.692376613616943,0.6478514671325684,9.766618013381958
36,27,0.7655237135799976,1.413808749068831,1.553389287298822,1.2555512686616614,1.933920838653866,1.7928654452718498,-10.787518621234659,-10.787518621234659,0.8989598851028883,0.8989598851028883,0.32865851129254503,0.32865851129254503,1.6497180810899295,0.7260387011487907,20.50189848790651,9.999999999999997e-06,0.0005934734985994819,0.006010815435725368,33,1.432173252105713,7.334567308425903,0.591472864151001,9.358291387557983
37,28,0.7651829018662036,1.4012204802547918,1.5324224661780592,1.263606889385985,1.9393731928343518,1.7853000204482379,-10.769218122862362,-10.787518621234659,0.8974348435718635,0.8989598851028883,0.3231761348003615,0.32865851129254503,1.6451649118999967,0.7292271806795314,20.332275693046864,9.999999999999997e-06,0.0009397875757282553,0.005114056064982709,35,1.5221762657165527,8.336410522460938,0.557753324508667,10.416414499282837
38,29,0.778353674909288,1.4571604374518579,1.5928962803056503,1.263462027145737,1.9041087622007622,1.7832332476951411,-10.840712321129692,-10.840712321129692,0.9033926934274743,0.9033926934274743,0.2891778116398471,0.32865851129254503,1.364444712344735,0.7348055460743251,20.296557666132962,9.999999999999997e-06,0.0008730316251398596,0.009445749964329108,35,1.5817983150482178,7.322579383850098,0.5421714782714844,9.446617603302002
39,30,0.771859336664441,1.4681372703182594,1.6184274446236724,1.2686776062351484,1.8985309631616754,1.7875861102305288,-10.839997475160311,-10.840712321129692,0.903333122930026,0.9033926934274743,0.2819779910269774,0.32865851129254503,1.3377137658310119,0.7428597386836446,20.201290975111434,9.999999999999997e-06,0.0004934761258248309,0.004164252486123077,41,1.6561732292175293,8.014641046524048,0.6201186180114746,10.291003227233887
40,31,0.7719462908399894,1.4605515782402485,1.5992845295815261,1.2711970467864193,1.89497987154,1.7814295408112282,-10.83508985132015,-10.840712321129692,0.9029241542766792,0.9033926934274743,0.28399664296309746,0.32865851129254503,1.3627893014387524,0.749381835433499,20.11039533663096,9.999999999999997e-06,0.0003155760549167214,0.003927877015920293,43,2.385309934616089,7.36373233795166,0.5431747436523438,10.29228949546814
41,32,0.7830456393089988,1.4877173379163153,1.6217181846925053,1.2466757990223851,1.9221910742841455,1.7861490574448358,-10.840959005162079,-10.840959005162079,0.9034132504301732,0.9034132504301732,0.2776244069355397,0.32865851129254503,1.3512143512909063,0.7562643633058083,20.005508156354967,9.999999999999997e-06,0.0008001433329087529,0.007887726925909774,43,1.7822563648223877,7.623584032058716,0.629270076751709,10.035176753997803
42,33,0.7921420112395546,1.4658862316150358,1.6190420442628688,1.2681825328245817,1.9214856175955695,1.7809436323816872,-10.841798682072511,-10.841798682072511,0.9034832235060426,0.9034832235060426,0.27885313368914877,0.32865851129254503,1.2957483718104754,0.7634641129062161,19.91289904710672,9.999999999999997e-06,0.0009469998570325128,0.0068620617445138785,35,1.4929790496826172,7.4405927658081055,0.5856287479400635,9.519266366958618
43,34,0.7915976407140287,1.4704050326571523,1.625159635223414,1.2454120272746259,1.9039908098829061,1.7951978702748717,-10.847383974284337,-10.847383974284337,0.9039486645236948,0.9039486645236948,0.2937853075226089,0.32865851129254503,1.3963406883841714,0.7702364177344551,19.83964723737604,9.999999999999997e-06,0.000513659223554028,0.005409806685224641,40,1.7610507011413574,7.454218149185181,0.5547478199005127,9.770096063613892
44,35,0.7909866300655587,1.472355773543725,1.617182799660212,1.252326159310601,1.907819436035186,1.7957751971075444,-10.847050681326921,-10.847383974284337,0.9039208901105767,0.9039486645236948,0.294447695621763,0.32865851129254503,1.3922441137672763,0.7768635022289314,19.785351463972788,9.999999999999997e-06,0.0007030289734980587,0.0032885010667152376,44,1.9575541019439697,7.366503477096558,0.6731326580047607,9.997257471084595
45,36,0.7875895579201082,1.4674193523503403,1.6178180864280298,1.2484128671616086,1.9071069390694209,1.7848983376279195,-10.855934854114926,-10.855934854114926,0.9046612378429105,0.9046612378429105,0.288283322983418,0.32865851129254503,1.3552643592826144,0.7778435272651442,19.771233294460924,9.999999999999997e-06,0.0008738978783140529,0.0028434982552803007,57,2.4620628356933594,7.02539849281311,0.8212246894836426,10.308753967285156
46,37,0.789621262860086,1.464895373829783,1.6144733679825531,1.2407356165318273,1.9020292771628071,1.7663204165363986,-10.84948639563409,-10.855934854114926,0.9041238663028408,0.9046612378429105,0.2783331074487494,0.32865851129254503,1.3301099772595393,0.7826395753697069,19.737646717889582,9.999999999999997e-06,0.000354061763294812,0.0037915560194757792,48,2.0223140716552734,7.746958255767822,0.5486774444580078,10.318015813827515
47,38,0.7837730108860853,1.463217374542703,1.6174468733898082,1.244895931780204,1.908685916999899,1.7806698245657508,-10.854683258628283,-10.855934854114926,0.9045569382190236,0.9046612378429105,0.2880025086007968,0.32865851129254503,1.3358829748727885,0.7866377279504196,19.7166093288391,9.999999999999997e-06,0.0005301996714844853,0.000812580891633809,50,2.4149978160858154,7.503142595291138,0.7617461681365967,10.679969072341919
48,39,0.7854337907285369,1.4647223777855252,1.6167001738859144,1.2459536303953545,1.907587491390038,1.7803758931924791,-10.854035317865154,-10.855934854114926,0.9045029431554296,0.9046612378429105,0.29096938041836595,0.32865851129254503,1.3712627028729543,0.7876434633160573,19.71494409170608,9.999999999999997e-06,0.0008449905279135628,0.0005255978498751134,56,2.4363255500793457,7.150849342346191,0.6459643840789795,10.233206272125244
49,40,0.785601636633841,1.4649032859594144,1.617511453204168,1.2462714744424537,1.9072863979632602,1.7803945661662934,-10.857359078951848,-10.857359078951848,0.9047799232459873,0.9047799232459873,0.2901990641935534,0.32865851129254503,1.3415979410972767,0.786917350551012,19.71513457532899,9.999999999999997e-06,0.0008275263923025522,0.0005955425165812256,57,2.4669806957244873,7.840032577514648,0.8007843494415283,11.107884407043457
50,41,0.7821915224155422,1.4626592102735423,1.6240610466942964,1.246293456005664,1.9077275545262171,1.7790165082612042,-10.85995211821575,-10.85995211821575,0.9049960098513125,0.9049960098513125,0.2924351137527189,0.32865851129254503,1.3541673169256683,0.7884372586240853,19.741848151927627,9.999999999999997e-06,0.0007440851824367645,0.0006446367940138354,56,2.4417290687561035,7.470201015472412,0.7563822269439697,10.668392658233643
51,42,0.7779104426596909,1.4597586577468775,1.6325074079323934,1.2449056547449646,1.9087869005346692,1.7776258292363634,-10.865388665516708,-10.865388665516708,0.9054490554597256,0.9054490554597256,0.2922824856228504,0.32865851129254503,1.330296910746597,0.7887888954422558,19.790623267371505,9.999999999999997e-06,0.0007294388385826319,0.0009550859634483038,48,2.5906972885131836,7.712105989456177,0.6501779556274414,10.953048467636108
52,43,0.7663899028881612,1.4555619940545836,1.658911709734995,1.2376508496303313,1.912106949855377,1.7783754995775185,-10.868292486436644,-10.868292486436644,0.905691040536387,0.905691040536387,0.29681877826222125,0.32865851129254503,1.341896093846131,0.7949136174533122,19.77845051565958,9.999999999999997e-06,0.0009582900432555225,0.00400556740242865,50,2.1579442024230957,8.319581508636475,0.4952232837677002,10.972828388214111
53,44,0.7704659688493827,1.4546104705763638,1.6504686367867003,1.2411436230676545,1.9116165975294142,1.7745910872854458,-10.869553741289044,-10.869553741289044,0.9057961451074203,0.9057961451074203,0.29299699413738506,0.32865851129254503,1.3140349687111268,0.7976940092195156,19.75512227856268,9.999999999999997e-06,0.0007032817031279665,0.001934352502670609,55,2.230556011199951,7.678072214126587,0.5632643699645996,10.471962928771973
54,45,0.7696330014902147,1.454260782959667,1.650928799117026,1.240763415853331,1.9117301522868033,1.7757545445888967,-10.86502625922776,-10.869553741289044,0.9054188549356467,0.9057961451074203,0.290021375684985,0.32865851129254503,1.301374822497408,0.7991152442624455,19.78073592876719,9.999999999999997e-06,0.0005606421685315213,0.0007495302592535104,60,2.445310115814209,7.2230939865112305,0.5681931972503662,10.236681461334229
55,46,0.7698749338966067,1.4625548058678957,1.6642851517786212,1.2380073169139107,1.9099869685788853,1.775805441584342,-10.868658747051256,-10.869553741289044,0.9057215622542714,0.9057961451074203,0.287410172113267,0.32865851129254503,1.2976144247269303,0.8038694185751483,19.76545029256673,9.999999999999997e-06,0.0009756323162593525,0.00130420345036801,56,2.2758216857910156,8.152351140975952,0.5769164562225342,11.005157709121704
56,47,0.7692964676007588,1.4622899465933532,1.6607450710855027,1.2369893614433856,1.9097349676350983,1.7761334279739311,-10.86223833942483,-10.869553741289044,0.9051865282854025,0.9057961451074203,0.28661118547623216,0.32865851129254503,1.3256781382706322,0.8026359821208405,19.742078836411576,9.999999999999997e-06,0.0009337833783096667,0.0012178273333785083,54,2.8704357147216797,7.982513904571533,0.5891566276550293,11.442185878753662
57,48,0.7696466944120729,1.4512651777969812,1.6700916955658744,1.2450876929957992,1.9154399093476158,1.77790582690729,-10.860227405470566,-10.869553741289044,0.9050189504558804,0.9057961451074203,0.29273336740206124,0.32865851129254503,1.3200185798713449,0.8095713954162976,19.731934490908372,9.999999999999997e-06,0.0006286711678858643,0.002108423710444731,48,2.1070711612701416,7.169820308685303,0.569331169128418,9.846291780471802
58,49,0.7620626186399414,1.4540417689185137,1.6500816311237916,1.2374309797888667,1.9065996680636992,1.7761901104486972,-10.861921496201678,-10.869553741289044,0.9051601246834732,0.9057961451074203,0.295325224167415,0.32865851129254503,1.3700361693226313,0.8111848308585059,19.69199086726341,9.999999999999997e-06,0.0009502679744498928,0.0010526885937555402,55,2.235919713973999,7.33935809135437,0.5598185062408447,10.135179281234741
59,50,0.7753085387245602,1.4583773597280298,1.6519803412033194,1.2368527952354307,1.9185021881145383,1.7764778722514405,-10.869243433238948,-10.869553741289044,0.9057702861032456,0.9057961451074203,0.2916788334124384,0.32865851129254503,1.3175377835460296,0.8147916323424059,19.68106065012341,9.999999999999997e-06,0.0008617765993038553,0.0007598213227861001,64,2.7147347927093506,7.09473180770874,0.6351063251495361,10.444652080535889
60,51,0.7753293243595227,1.4583970427302788,1.6520690120567765,1.2366133475566947,1.9187013504870674,1.7765622880835512,-10.863949544180295,-10.869553741289044,0.9053291286816912,0.9057961451074203,0.2943570763223505,0.32865851129254503,1.3441532353698165,0.8156624490366481,19.6770180350445,9.999999999999997e-06,0.0006242804144376539,0.0005881641765956582,64,2.698840379714966,7.61733341217041,0.6456828117370605,10.961947679519653
61,52,0.7684248526237103,1.469343430048847,1.6790537395792857,1.2222727292786784,1.9184795770689507,1.7906101577457278,-10.88448948097691,-10.88448948097691,0.9070407900814091,0.9070407900814091,0.294845694777845,0.32865851129254503,1.2947188575668065,0.8158850184544437,19.914241101247406,9.999999999999997e-06,0.0007957805152083952,0.001744144853114018,54,2.273041009902954,7.393835783004761,0.562645673751831,10.229592084884644
62,53,0.7566517095515275,1.5052616072588696,1.762160559426899,1.171427512504378,1.9290367724966477,1.8416974605119567,-10.783355860868049,-10.88448948097691,0.8986129884056707,0.9070407900814091,0.30160736662372467,0.32865851129254503,1.7705569734349211,0.8104733228040323,19.53002412592255,9.999999999999997e-06,0.0007909088334632199,0.007201331862884218,32,1.4447362422943115,7.47700047492981,0.6021056175231934,9.523910522460938
63,54,0.7651505618492934,1.4699713660488694,1.6865182547097328,1.205711355564567,1.9253742927730153,1.8017438487246673,-10.859612735671073,-10.88448948097691,0.9049677279725894,0.9070407900814091,0.3089419793536538,0.32865851129254503,1.4904777211359317,0.8007072551180406,19.59260577055125,9.999999999999997e-06,0.0009406502462295796,0.0036116264758287524,61,2.532377004623413,7.5567686557769775,0.7117824554443359,10.801018953323364
64,55,0.7702168812575063,1.4774481229992031,1.6852838742596108,1.2281169318350567,1.9162652259623782,1.7916735804740316,-10.872440791369526,-10.88448948097691,0.9060367326141271,0.9070407900814091,0.293951633273033,0.32865851129254503,1.3415464016894134,0.804693028709903,19.62244586762493,9.999999999999997e-06,0.0009767569053865267,0.001318730609459682,49,2.0943422317504883,7.138917684555054,0.5636816024780273,9.797013282775879
65,56,0.8154423726206608,1.6033072147078369,1.9145741341064775,1.190328513953019,1.8592324536688232,1.880978674881395,-10.23513587015727,-10.88448948097691,0.8529279891797725,0.9070407900814091,0.18050799883170948,0.32865851129254503,2.2686639802149102,0.7978654338640845,19.39575761063989,9.999999999999997e-06,0.0007508951863182822,0.004880643829712942,40,1.6142184734344482,7.014542579650879,0.6091866493225098,9.238015174865723
66,57,0.7606527699351111,1.4695519797042433,1.6765334703215669,1.2247582081894548,1.9243306978583734,1.786823253802956,-10.874406956153425,-10.88448948097691,0.9062005796794521,0.9070407900814091,0.2993110543830899,0.32865851129254503,1.367023926186036,0.8029383330873775,19.346819539338284,9.999999999999997e-06,0.0007788198640516033,0.00047473911730277774,76,3.164022445678711,7.066016435623169,0.6354999542236328,10.865614175796509
67,58,0.7724851917849213,1.4647851128511251,1.678346630288381,1.2192660226892047,1.9133252083356858,1.7875849478677477,-10.869983967481476,-10.88448948097691,0.905831997290123,0.9070407900814091,0.30008651203189834,0.32865851129254503,1.3832274680314498,0.8111649926463822,19.338339232064538,9.999999999999997e-06,0.0006973270594130431,0.0004254153023950896,82,3.2989959716796875,6.859474182128906,0.5929229259490967,10.751460790634155
68,59,0.766062148272988,1.4682642316523598,1.6730596152069022,1.2296272425613584,1.9199297486125613,1.8006125625047407,-10.871151044281813,-10.88448948097691,0.9059292536901511,0.9070407900814091,0.30712252364770154,0.32865851129254503,1.400117115479631,0.8171477546844487,19.33327345519178,9.999999999999997e-06,0.0009717199960904884,0.0005004269130537897,63,2.670107126235962,7.209179878234863,0.4631366729736328,10.342489957809448
69,60,0.776124441703553,1.4755755688785663,1.680982544730976,1.2245789044657573,1.933054674422351,1.7860200806373816,-10.888424216220516,-10.888424216220516,0.907368684685043,0.907368684685043,0.29145584929118884,0.32865851129254503,1.2607174627673174,0.8079038920917021,19.311861932179735,9.999999999999997e-06,0.0009701508160190905,0.0005778746150885345,76,3.2018063068389893,7.289036512374878,0.7599682807922363,11.250879764556885
70,61,0.7797749074864988,1.4781825703071327,1.684081461455498,1.2240463739378364,1.939361528976518,1.785041181527225,-10.87752281726448,-10.888424216220516,0.90646023477204,0.907368684685043,0.2863873619009533,0.32865851129254503,1.2808038922778593,0.8069983853933341,19.32266317041181,9.999999999999997e-06,0.0007070655300896018,0.0006736801853895308,49,2.067039728164673,6.800935983657837,0.6406152248382568,9.50866961479187
71,62,0.7553002458474326,1.4854993239751153,1.7311890862526913,1.2228972515495513,1.9805042775142179,1.789235904504948,-10.89275813570936,-10.89275813570936,0.9077298446424468,0.9077298446424468,0.2822393468122316,0.32865851129254503,1.1737584809479955,0.8096364580142584,19.39630039967605,1.0713255931917224e-05,0.0009022020976079865,0.0020742409430036194,52,2.276463270187378,7.194278717041016,0.6581456661224365,10.128961086273193
72,63,0.75357434104761,1.4860163121348722,1.7347759009072592,1.2234388488063457,1.9847711883778334,1.7889263868667775,-10.890119496844443,-10.89275813570936,0.9075099580703703,0.9077298446424468,0.2811851520206902,0.32865851129254503,1.1712417811784093,0.8115618532236317,19.357698512230243,1.0455841173736721e-05,0.0005937581837268687,0.001463776732785873,52,2.2863306999206543,7.541301965713501,0.7579882144927979,10.585707664489746
73,64,0.7566986050577404,1.4847449668156487,1.7280772587871776,1.2242848087017748,1.9750981564860859,1.7880740378084943,-10.888622529966572,-10.89275813570936,0.9073852108305477,0.9077298446424468,0.2765972143626129,0.32865851129254503,1.1479584156093665,0.8130834087870594,19.38526020281214,1.0123192776631416e-05,0.0007812038643865299,0.0010342813182252462,44,2.0359463691711426,6.966979742050171,0.6830601692199707,9.686052799224854
74,65,0.7558079248635693,1.4873215856145552,1.7317788144080404,1.2171205376372196,1.989379387855273,1.794091649571571,-10.897084076752439,-10.897084076752439,0.9080903397293699,0.9080903397293699,0.2902663736089544,0.32865851129254503,1.197331274754191,0.8144133508803845,19.40518394381543,9.999999999999997e-06,0.0006082714480195617,0.000980489361008722,42,1.6745507717132568,7.544919967651367,0.7550063133239746,9.974548101425171
75,66,0.7578372459028638,1.4928373987431922,1.7346505067310531,1.2055502250067986,2.0099017356666784,1.8038670242713415,-10.901873108151937,-10.901873108151937,0.9084894256793281,0.9084894256793281,0.29697795096029156,0.32865851129254503,1.2155373836105667,0.8187231891861653,19.41789395683858,9.999999999999997e-06,0.00041040272969519433,0.0035324899470087654,36,1.632863998413086,7.981584072113037,0.6894495487213135,10.303966045379639
76,67,0.7578059264137904,1.4925833234739474,1.7342719181885664,1.2059588620565014,2.0090375331033012,1.8035186219938328,-10.897737836101506,-10.901873108151937,0.9081448196751255,0.9084894256793281,0.2907669433768221,0.32865851129254503,1.196896968500596,0.8190386651519438,19.413476884707258,9.999999999999997e-06,0.0009901048834617164,0.0017927080299670833,49,2.1585922241210938,7.189914226531982,0.7015385627746582,10.050123929977417
77,68,0.7578769332274012,1.4844306116137542,1.7391633261707873,1.208335116525164,2.0103184394414346,1.8072393006982495,-10.900128177665941,-10.901873108151937,0.9083440148054951,0.9084894256793281,0.2971206585026891,0.32865851129254503,1.2175098811562606,0.82366161621772,19.377117880564803,9.999999999999997e-06,0.0008080174578336342,0.0013597489609923922,42,1.7921061515808105,7.1690754890441895,0.7316451072692871,9.69291353225708
78,69,0.7510555026209185,1.4857150162288315,1.738960365085415,1.2031879185010268,2.0127068052587913,1.8029503658303447,-10.91014788301495,-10.91014788301495,0.9091789902512458,0.9091789902512458,0.2999297936211838,0.32865851129254503,1.1973827753431436,0.8260384727485102,19.59791952631104,9.999999999999997e-06,0.0009203358631788013,0.002084721405580614,54,2.422264575958252,7.349705219268799,0.7609157562255859,10.532967567443848
79,70,0.7151492435366885,1.4787768237142391,1.7612333430797213,1.1761018868373851,2.051912062654006,1.8028044857046814,-10.915874467956852,-10.915874467956852,0.909656205663071,0.909656205663071,0.3111394008878911,0.32865851129254503,1.2235890926056214,0.8310329574413512,19.580658194871344,9.999999999999997e-06,0.0007600574920536779,0.006531548040277672,33,1.3848376274108887,7.365067005157471,0.725862979888916,9.47584843635559
80,71,0.7160368926602232,1.4744658077979798,1.7369554729370191,1.1916684449966455,2.0308393448619864,1.803299661524524,-10.92287914752306,-10.92287914752306,0.9102399289602551,0.9102399289602551,0.3197048910465662,0.32865851129254503,1.2476624493899635,0.8356386705867906,19.554824059690855,9.999999999999997e-06,0.0007447801438791723,0.006570910745352748,40,1.943164348602295,7.0857484340667725,0.6689808368682861,9.697957754135132
81,72,0.7257403050198868,1.4741758866398063,1.7416845903787652,1.185852971476445,2.028925297742086,1.7959098467909347,-10.911234868628238,-10.92287914752306,0.9092695723856865,0.9102399289602551,0.31237068016908837,0.32865851129254503,1.2672159387527984,0.8375859707144488,19.623471258128127,9.999999999999997e-06,0.000996652281936426,0.003391553513338612,45,1.8994271755218506,7.28044581413269,0.7491018772125244,9.92904257774353
82,73,0.6851737718476877,1.490429175839748,1.7676626948568241,1.200800562212757,2.0687002718042633,1.8384513406336374,-10.876587746573387,-10.92287914752306,0.9063823122144489,0.9102399289602551,0.317735977380167,0.32865851129254503,1.3331725369093732,0.8354226458059228,19.4679719169525,9.999999999999997e-06,0.0009842054047034497,0.006937833510705795,35,1.434891939163208,7.003037214279175,0.6873927116394043,9.125391244888306
83,74,0.7143280356090012,1.48817637885678,1.744723215926493,1.1909738099954377,2.030715586324726,1.8152532472641387,-10.890028452833816,-10.92287914752306,0.9075023710694846,0.9102399289602551,0.31494068920094836,0.32865851129254503,1.3385307218327256,0.827373017289966,19.665961992538083,1.1334588007644186e-05,0.000991299654722292,0.004150185826511565,47,1.958625078201294,7.507714509963989,0.7843658924102783,10.250793695449829
84,75,0.6953479267244214,1.4183684102682559,1.7526061582911836,1.1998296129180308,2.1482783941693215,1.795372751757307,-10.922740869994442,-10.92287914752306,0.9102284058328701,0.9102399289602551,0.336542829586744,0.336542829586744,1.1437437020923937,0.8320987900407548,19.58429506583093,1.1432836151945219e-05,0.0009753315779083001,0.009215615796726391,31,1.6148180961608887,7.144147157669067,0.8004677295684814,9.559516429901123
85,76,0.6886081953759841,1.4063285400163523,1.7546430974183047,1.1804535269762884,2.0862880201822196,1.820738461157362,-10.850010633901816,-10.92287914752306,0.9041675528251513,0.9102399289602551,0.3440657561077553,0.3440657561077553,1.4594132298386313,0.8289442883940057,19.581366885498923,1.157186532124721e-05,0.00023963783130870914,0.009817229760144633,53,2.4712748527526855,7.186253309249878,0.7411789894104004,10.398793697357178
86,77,0.7032554460362238,1.497139997128475,1.7866387209865453,1.2254326722267723,2.182895760763893,1.7517145999404793,-10.824515891083836,-10.92287914752306,0.902042990923653,0.9102399289602551,0.24242411283486603,0.3440657561077553,1.0238076118454131,0.8247000122214132,19.42758285093985,1.1515643504968822e-05,0.0007123759607626649,0.009896936582574487,38,2.1008377075195312,7.680546283721924,1.0157248973846436,10.797186136245728
87,78,0.7188604527544481,1.468805583694029,1.6934200009229081,1.1896216275517069,2.134751549780776,1.7943424141676811,-10.884483752332615,-10.92287914752306,0.9070403126943846,0.9102399289602551,0.31239460207327785,0.3440657561077553,1.195964292705014,0.8276023438110047,19.372309464638246,1.1619475630168961e-05,0.00037820602020113473,0.009876719400642341,52,2.472219944000244,6.933157444000244,0.70778489112854,10.113231897354126
88,79,0.7021611384065203,1.4405105421604427,1.7389862689120548,1.256111226482359,2.0959396763526876,1.7652994385163732,-10.901798213323165,-10.92287914752306,0.9084831844435971,0.9102399289602551,0.29757841768439136,0.3440657561077553,1.0843603650852884,0.832985575465555,19.400988818567892,1.171117622960277e-05,0.0003731022792243915,0.009111236435508901,58,2.5321695804595947,7.327573537826538,0.6616222858428955,10.521437644958496
89,80,0.7404952717444925,1.4547825682876385,1.7719062171346565,1.2066976388272865,2.126169097528301,1.8046479813565361,-10.915711777767221,-10.92287914752306,0.9096426481472685,0.9102399289602551,0.30555324922091964,0.3440657561077553,1.078146061868111,0.8383437164401124,19.420828450471014,1.1750094083957743e-05,0.0003054305075246907,0.009941148133820035,60,2.795095205307007,6.969676494598389,0.6933517456054688,10.4582040309906
90,81,0.6815693952669274,1.4626209013165965,1.7603761770726085,1.1841890421338745,2.1129289094648365,1.7654898848169658,-10.899745223155803,-10.92287914752306,0.9083121019296502,0.9102399289602551,0.2937979414829669,0.3440657561077553,1.0812776125476375,0.8428996977251438,19.417981945257484,1.1966138612851417e-05,0.0001784042774819979,0.009965951335579816,94,4.189913272857666,7.306546211242676,0.7789466381072998,12.275490760803223
91,82,0.6902806013616111,1.4494465739706632,1.7529484553935302,1.222385262580479,2.1463447351912386,1.8122302079460082,-10.913102153848255,-10.92287914752306,0.9094251794873546,0.9102399289602551,0.33054930820150663,0.3440657561077553,1.1776403296790647,0.8483464258450815,19.41538917701633,1.2124671246991592e-05,0.00034088256272979715,0.009914696293190379,88,3.7760868072509766,7.045836448669434,0.6836333274841309,11.505644798278809
92,83,0.7414791489188233,1.447092869101649,1.706463257245773,1.2178767394741317,2.062633437655757,1.7776392898175428,-10.928235191606003,-10.928235191606003,0.910686265967167,0.910686265967167,0.31328311219817356,0.3440657561077553,1.1153388800783262,0.8533741575606101,19.420326497579328,1.2158789257224605e-05,0.00013871474300440904,0.0099905911462806,123,6.28169584274292,7.899030685424805,0.9694209098815918,15.150217533111572
93,84,0.725030454928431,1.4836350982310251,1.7427256449382653,1.2195039313491527,2.0755328638619295,1.780622951337702,-10.910323930463449,-10.928235191606003,0.9091936608719541,0.910686265967167,0.28454236363808927,0.3440657561077553,1.0504128433974387,0.8565856271336236,19.478177692334956,1.2294315569621098e-05,6.618430537489571e-05,0.009959704512478228,247,11.62418532371521,7.629836797714233,1.0127573013305664,20.26685643196106
94,85,0.7237563017484818,1.4336909788140646,1.7339136725109117,1.2069549940570377,2.1097480808654234,1.7808669861863367,-10.917551140703525,-10.928235191606003,0.9097959283919604,0.910686265967167,0.3109116403787048,0.3440657561077553,1.0755155978511368,0.8608617294362412,19.541022379231464,1.2342364974283617e-05,8.978345606758797e-05,0.009999609670567037,93,4.749065160751343,7.313140869140625,0.7098095417022705,12.772110223770142
95,86,0.708926354228874,1.4518653412129272,1.7075048187705786,1.220759314267487,2.0422210713219,1.7841277217210885,-10.927010875343415,-10.928235191606003,0.9105842396119512,0.910686265967167,0.31877332439513756,0.3440657561077553,1.1675505445890622,0.8660692287517626,19.552296142829835,1.2389958975156648e-05,0.0008030134844507748,0.008834809689215694,72,3.914306879043579,7.211194276809692,0.7352170944213867,11.860792875289917
96,87,0.7050362533686158,1.4389121225487105,1.763308525334892,1.1987342051410352,2.149323151194866,1.7975331299138075,-10.936177635270667,-10.936177635270667,0.9113481362725556,0.9113481362725556,0.3255843864692204,0.3440657561077553,1.072473759600598,0.8676432235169664,19.57091213960569,1.2250170465300663e-05,0.0005620409408723444,0.0022843280394625916,55,2.5267648696899414,7.370055437088013,0.8468477725982666,10.743739604949951
97,88,0.706206550057381,1.4429195476498893,1.7699194447664643,1.1905614952521348,2.1549528244443743,1.8004885040689518,-10.935701231852402,-10.936177635270667,0.9113084359877002,0.9113481362725556,0.3190242632569721,0.3440657561077553,1.049598628878087,0.8704161441616994,19.564363712181773,1.2056623729052542e-05,0.0009359913241011028,0.0018680558347472802,44,2.136305093765259,7.4969236850738525,0.7770488262176514,10.410372018814087
98,89,0.7062641435383124,1.4420854028644206,1.7677362257009552,1.193693438066467,2.151957404189201,1.7987073276337988,-10.929159977799884,-10.936177635270667,0.9107633314833237,0.9113481362725556,0.3187796718299224,0.3440657561077553,1.0619705039533898,0.8743337096109576,19.593841526771,1.3148994924609077e-05,0.0007788690934749312,0.0011924109115410424,54,2.8089237213134766,6.958975791931152,0.695563793182373,10.463564395904541
99,90,0.7062191360749359,1.4364913164332005,1.769957061868608,1.1932984546030352,2.168625997357209,1.8034362670971218,-10.924250094955084,-10.936177635270667,0.9103541745795903,0.9113481362725556,0.32344914434028255,0.3440657561077553,1.0766886162599434,0.8754052481190456,19.517226862409007,1.3205557888131626e-05,0.0008819197236309348,0.0009118034813502736,44,2.264537811279297,7.168371915817261,0.7215530872344971,10.154568195343018
100,91,0.7290109830246259,1.4576772171430032,1.723725314920903,1.2093667181200634,2.0496132400995863,1.7934761453382322,-10.924309151879534,-10.936177635270667,0.9103590959899611,0.9113481362725556,0.3154763048443473,0.3440657561077553,1.162787624726903,0.8781513958858898,19.507706698931035,1.3827282331518204e-05,0.0007464453168878225,0.0026556765091883647,60,3.2666916847229004,7.142537355422974,0.9978747367858887,11.407176494598389
101,92,0.7059510517760774,1.4469718693096913,1.7643515356424746,1.1928854442019905,2.1402659371418937,1.7990146616863496,-10.931656348694954,-10.936177635270667,0.9109713623912462,0.9113481362725556,0.31736984809424185,0.3440657561077553,1.0555553424151611,0.8802562897633472,19.50726079186051,1.3621938601987547e-05,0.0009455327541788421,0.0008931973577575117,66,3.6965787410736084,7.053153991699219,0.9005012512207031,11.650301933288574
102,93,0.7043053774283276,1.4399429359773182,1.7708787415123943,1.2012168386617943,2.1450243824913615,1.794257361291701,-10.933727171089973,-10.936177635270667,0.9111439309241645,0.9113481362725556,0.3177621549508827,0.3440657561077553,1.051064414700349,0.882597544870054,19.507514911272445,1.3383459399382548e-05,0.0007968746236419433,0.0006167934609674109,54,3.076340675354004,7.205954551696777,0.9228560924530029,11.205220699310303
103,94,0.7062743535103904,1.4402246037476676,1.7639649109603193,1.2007589734722495,2.1466224173694823,1.7929297825628114,-10.939811246087531,-10.939811246087531,0.911650937173961,0.911650937173961,0.3220982598715322,0.3440657561077553,1.0488886888166178,0.8805606011659589,19.466345054166336,1.3515353728526303e-05,0.0007729358881452318,0.000500398459592092,62,3.044887065887451,7.122957468032837,0.8798656463623047,11.047781944274902
104,95,0.7095994806310513,1.4402383378838237,1.7598316579898918,1.2037372109748268,2.1487984580138266,1.7869370096231187,-10.924772869156818,-10.939811246087531,0.9103977390964015,0.911650937173961,0.31442863394871295,0.3440657561077553,1.053104856340937,0.8857955685601795,19.527104391557444,1.4970567605236057e-05,0.001001481478851013,0.0005365580836436963,68,3.583834409713745,7.553340911865234,0.9343137741088867,12.07168960571289
105,96,0.6995793794296299,1.4431170872618018,1.7853604424996448,1.1975377460720613,2.1425232996497736,1.8019646086526049,-10.937036553138983,-10.939811246087531,0.9114197127615818,0.911650937173961,0.3206353002059503,0.3440657561077553,1.0577722887342844,0.8872954967355965,19.54677108492482,1.4702504917856063e-05,0.0008187507711290442,0.0006341609305570916,59,3.3257174491882324,7.459249258041382,0.8011386394500732,11.58619236946106
106,97,0.7002273739269971,1.440661612583593,1.7791473649065246,1.1996016064440964,2.142189823814464,1.800946664367943,-10.935793528661245,-10.939811246087531,0.911316127388437,0.911650937173961,0.3224847066915382,0.3440657561077553,1.0690352133225787,0.8871956470641632,19.5486929041866,1.4200109737569563e-05,0.0005120996069517558,0.0003715805148036056,58,3.423578977584839,7.290263414382935,0.8825130462646484,11.596430540084839
107,98,0.7014714922355887,1.4515737377510183,1.7938814276574042,1.187522228011479,2.142854215266409,1.8060629016558665,-10.931683045684444,-10.939811246087531,0.9109735871403704,0.911650937173961,0.3086781442434626,0.3440657561077553,1.0235989582035074,0.8898060212259042,19.54362881949861,1.402864752870803e-05,0.0007054048139903122,0.0007618766707401304,55,3.1123552322387695,7.709081411361694,0.9379453659057617,11.759456396102905
108,99,0.6963581724924076,1.4408933533809236,1.777056457718557,1.1987748176914157,2.1450267424287306,1.7991784853752633,-10.927466153707481,-10.939811246087531,0.9106221794756234,0.911650937173961,0.31140558940160346,0.3440657561077553,1.0369792198262076,0.8902627176586078,19.506180872822327,1.5081829118491737e-05,0.0007150612080420215,0.00048116464146920476,68,4.389494180679321,8.165513515472412,0.8902144432067871,13.445303440093994
109,100,0.7115886238699272,1.4397389328720083,1.781062010578604,1.1976517679090055,2.1408260881170897,1.8034454686737573,-10.926452664524774,-10.939811246087531,0.9105377220437312,0.911650937173961,0.3172649445583019,0.3440657561077553,1.0663838847855942,0.8962010586284741,19.616636115733105,1.603669236253288e-05,0.0009595336006110544,0.0005507401511587436,63,3.6170060634613037,7.800078868865967,0.8446383476257324,12.261820316314697
110,101,0.6906253131546365,1.4643256462145082,1.8198018371085631,1.1607776417710087,2.176082626720467,1.8262025608889147,-10.919475407245006,-10.939811246087531,0.9099562839370838,0.911650937173961,0.30355678609065917,0.3440657561077553,1.0148410856925523,0.9015418645570591,19.739541260580026,1.6016505215568755e-05,0.000968243391103632,0.001990276206826779,43,2.5739259719848633,7.907612323760986,0.8703773021697998,11.351997137069702
111,102,0.6703914201976195,1.4442024420743191,1.8726550046592052,1.157074214793714,2.264058227407552,1.850173068754205,-10.841106130796348,-10.939811246087531,0.9034255108996957,0.911650937173961,0.29019056295870527,0.3440657561077553,1.1146381192191939,0.9058560835782069,19.72318603641633,1.6040634996093294e-05,0.000982320723312741,0.00297659301717102,34,2.045883893966675,7.05730414390564,0.8443477153778076,9.94761610031128
112,103,0.7031474694069394,1.4666667543999459,1.7824482077559234,1.1746425154418527,2.1422742676031343,1.8125936470136508,-10.949116013907124,-10.949116013907124,0.9124263344922604,0.9124263344922604,0.32548199663447736,0.3440657561077553,1.082735376334,0.9010635844238573,19.7881499431397,1.6509527488100292e-05,0.0005972166494564116,0.0010058657180299461,68,3.8004069328308105,7.593768835067749,1.135699987411499,12.529959440231323
113,104,0.7051739276834443,1.4751699417913788,1.7811739647811247,1.1656965347908905,2.1414277490328826,1.8174895903128188,-10.936715757347786,-10.949116013907124,0.9113929797789821,0.9124263344922604,0.31465660441588295,0.3440657561077553,1.0558142944852307,0.9050999775145304,19.763736240387317,1.732558658601177e-05,0.0008517844449187025,0.0010299240048423856,56,3.3508636951446533,7.623424768447876,1.0751714706420898,12.049545049667358
114,105,0.6996135520820543,1.5066556051477051,1.8130990720394224,1.0761796531952004,2.2307260097326815,1.8721116844460424,-10.710347861174656,-10.949116013907124,0.8925289884312213,0.9124263344922604,0.253161156230599,0.3440657561077553,1.3259406503728144,0.8977101355930737,19.488841056070346,1.714291677390843e-05,0.0009734017965627069,0.0037210824619981248,39,2.7789173126220703,7.46740198135376,1.153761863708496,11.40015196800232
115,106,0.6978419557825305,1.4687353254661004,1.7828211823190456,1.1803697830529514,2.1426584472921926,1.8142360278702228,-10.937201118353023,-10.949116013907124,0.9114334265294186,0.9124263344922604,0.31501967169988804,0.3440657561077553,1.0579119494541231,0.9018337799064824,19.497084472424234,1.7528790954994005e-05,0.0008438015960806414,0.00040338146271478496,78,4.60862135887146,7.7263734340667725,0.9323220252990723,13.267423629760742
116,107,0.6425395651510176,1.4091091616161853,1.8228418790131133,1.2204690305819414,2.214299131608025,1.808431630241886,-10.887292443570631,-10.949116013907124,0.9072743702975526,0.9124263344922604,0.3361342911139008,0.3440657561077553,1.2254090583563908,0.9066781614048621,19.538171015967084,1.757403379584928e-05,0.000569637694085024,0.0019848369512032566,55,3.231088876724243,7.814175844192505,1.1727652549743652,12.21811056137085
117,108,0.6340575131741867,1.3474975847383328,1.9215002779440524,1.281404935679946,2.406466874479715,1.8366351728876609,-10.546385387128783,-10.949116013907124,0.8788654489273986,0.9124263344922604,0.3083626723758994,0.3440657561077553,2.077896203724535,0.9083847809317955,19.403364444302174,1.7607692379959623e-05,0.0009392146286655632,0.005599169199971778,33,2.013448715209961,7.219578742980957,0.8984525203704834,10.131560802459717
118,109,0.6861350202292186,1.4486855147647282,1.8716880913207359,1.214953532864679,2.177508632575786,1.8273715757815598,-10.869191208957352,-10.949116013907124,0.9057659340797793,0.9124263344922604,0.3009582606008493,0.3440657561077553,1.2072365968706436,0.9128093858718095,19.424569669215,1.7618371787909107e-05,0.000883912296980634,0.001664984682636112,45,2.970731496810913,7.961221933364868,1.081092119216919,12.013125896453857
119,110,0.707730568633633,1.464213770248498,1.7833013821066794,1.1679421078763232,2.1361313749624324,1.806012661615388,-10.934992802683606,-10.949116013907124,0.9112494002236339,0.9124263344922604,0.3070298198161458,0.3440657561077553,1.0330823217667984,0.9157010806110102,19.431381969009387,1.776693332694475e-05,0.0007535019865219378,0.0004725446489790143,66,3.868997573852539,7.274569511413574,1.006230354309082,12.149877548217773
120,111,0.6989433837093764,1.4590758032273041,1.7801640082009,1.1727025890475746,2.1480459255482276,1.821925744307644,-10.934294647324085,-10.949116013907124,0.9111912206103404,0.9124263344922604,0.3307883787758313,0.3440657561077553,1.1238282366388006,0.9185461577886853,19.45393207889952,1.7696895096999916e-05,0.0008256053347048192,0.0005109497593755793,81,4.344692945480347,7.380635499954224,1.1537158489227295,12.879148483276367
121,112,0.7117022697926624,1.4727753642469539,1.7870638819032898,1.1797384817955503,2.1472425181281176,1.8132150614995524,-10.935235546297799,-10.949116013907124,0.9112696288581499,0.9124263344922604,0.3063259401404492,0.3440657561077553,1.0181676529954302,0.9216774789352656,19.470708169069628,1.7621847569748164e-05,0.0008598707213584114,0.0004436571983925789,81,5.040719509124756,8.074331283569336,1.1525382995605469,14.26766061782837
122,113,0.6884594751295481,1.4667218182384172,1.7857053272986598,1.1715965988525467,2.1545322473264927,1.8055381476899768,-10.923944084072534,-10.949116013907124,0.9103286736727112,0.9124263344922604,0.3063173207531824,0.3440657561077553,1.0287309389538564,0.919978081800064,19.43625509276823,1.7726164263544894e-05,0.0009416336443905447,0.0004884265233907775,83,5.289446830749512,7.788277864456177,1.2588942050933838,14.336720705032349
123,114,0.6945485162482251,1.4315707645601976,1.80740638837374,1.1985851153972875,2.2119799673069713,1.8458764020469667,-10.851889212439277,-10.949116013907124,0.9043241010366064,0.9124263344922604,0.32101225249799314,0.3440657561077553,1.2941320490060377,0.9167939179237997,19.661662522264,1.7602455901550878e-05,0.0009144627238228231,0.0012831415434631556,75,4.371889591217041,8.130999326705933,1.4681148529052734,13.971101760864258
124,115,0.6135679886576803,1.4367362658756624,1.8886549802613684,1.1569197022907007,2.2032437759109316,1.8012994866319727,-10.894944756959676,-10.949116013907124,0.907912063079973,0.9124263344922604,0.30506906869923933,0.3440657561077553,1.048116067238709,0.9217826292291333,19.774788483868974,1.7605696926560802e-05,0.0009718189883447617,0.001967052744775185,53,3.4571051597595215,7.574516296386719,1.0564494132995605,12.088168144226074
125,116,0.5561577747589871,1.461629983070122,1.910405606695006,1.187566246783267,2.2429145796413974,1.843059509213966,-10.82193492257266,-10.949116013907124,0.9018279102143884,0.9124263344922604,0.3116801710939917,0.3440657561077553,1.2688090097830695,0.9256599507941826,19.76193079618426,1.763342359511438e-05,0.0008242985664477535,0.0025786689400150407,51,2.9039015769958496,7.059950828552246,1.043241024017334,11.007171392440796
126,117,0.6172266575935865,1.4466540834112978,2.0254381776826516,1.121855908203895,2.274407854478687,1.8113645775168246,-10.755887876736177,-10.949116013907124,0.8963239897280147,0.9124263344922604,0.2216383574750692,0.3440657561077553,0.9410962358402202,0.9299393725987078,19.780298248409444,1.7662367765185274e-05,0.0009810290719469755,0.004581598614882003,48,2.788090229034424,7.177873611450195,1.2435076236724854,11.209549903869629
127,118,0.5958075560537456,1.3736153793168282,1.9143801332780108,1.1438407798572763,2.2225800113972687,1.853161092440874,-10.702624148451399,-10.949116013907124,0.8918853457042832,0.9124263344922604,0.2995819179828337,0.3440657561077553,1.6313104609404974,0.9260787559162016,19.787548323075935,1.7595807374513305e-05,0.0008812977007526475,0.00197526923950893,65,3.855766534805298,6.924244403839111,1.330876350402832,12.110953330993652
128,119,0.6298198247609079,1.4622130941789724,1.8897492475200717,1.183334753654692,2.2469554889213046,1.7722196807669741,-10.872606033259693,-10.949116013907124,0.9060505027716411,0.9124263344922604,0.26854425551387423,0.3440657561077553,0.8960924736879292,0.927493454215404,19.817596847714448,1.7612903739763262e-05,0.0009086785686518329,0.001230310977334553,52,2.4222640991210938,7.045283079147339,1.0393614768981934,10.506978034973145
129,120,0.5828943080691619,1.5995847684619122,2.163828695574986,1.1432867100180593,2.490078305830208,1.8559435398415118,-10.093999191777966,-10.949116013907124,0.8411665993148305,0.9124263344922604,0.12485262438747366,0.3440657561077553,1.9648103691252174,0.9199258244347941,19.324526487034387,1.7621975843314263e-05,0.0007920248273768306,0.0048244448984964055,32,1.7405099868774414,7.131092071533203,1.2924525737762451,10.164148330688477
130,121,0.7079287903794867,1.4714311413160774,1.7862875488230894,1.1763578117674953,2.1230587238750322,1.8172546973941182,-10.941986555699824,-10.949116013907124,0.9118322129749853,0.9124263344922604,0.31300688142406696,0.3440657561077553,1.0534888473237771,0.9216145045591618,19.34427725569741,1.738065639565757e-05,0.000551619475329815,0.0004641101173402206,88,5.041959524154663,7.349673748016357,1.248645305633545,13.640368700027466
131,122,0.7011159072628106,1.4784854104006049,1.8104259418929907,1.1662726952127564,2.124184425665173,1.8174684985397136,-10.940033982490222,-10.949116013907124,0.9116694985408519,0.9124263344922604,0.3133866720437706,0.3440657561077553,1.0795185509086593,0.924256439972275,19.373977250294345,1.732186127854292e-05,0.0009092831396634352,0.0006634175203892653,86,4.999500036239624,7.196531057357788,1.1035962104797363,13.29972791671753
132,123,0.6587750095340377,1.4879303882499013,1.8665877580720647,1.1540886544652231,2.152919319006701,1.8116882484616543,-10.910580502987388,-10.949116013907124,0.9092150419156156,0.9124263344922604,0.2862894346350717,0.3440657561077553,1.0093678173212908,0.9281798293205326,19.39191715706738,1.732653887031481e-05,0.0009785113538863738,0.001208962056812514,64,3.5761425495147705,7.024184703826904,1.3006625175476074,11.901159524917603
133,124,0.7048342165158704,1.470572533160898,1.7938108831049209,1.173236589263628,2.12942258589106,1.8187029457781398,-10.930599310503949,-10.949116013907124,0.910883275875329,0.9124263344922604,0.30807190953999875,0.3440657561077553,1.059107110572569,0.9289224739046045,19.392719894460647,1.9083387177417677e-05,7.42988461031055e-05,0.000116757914893987,102,5.949254989624023,7.041845083236694,1.1991679668426514,14.190375566482544
134,125,0.735154615255138,1.46082243828635,1.6924441251809668,1.210897666435945,2.029980219321348,1.7681260579722478,-10.9139409493291,-10.949116013907124,0.9094950791107584,0.9124263344922604,0.2961127275413128,0.3440657561077553,1.112647175521218,0.9311215894863167,19.41167223287136,1.901523497390195e-05,0.0009679294138755596,0.0007726496879767021,90,5.363003730773926,7.004342555999756,1.083315134048462,13.450759410858154
135,126,0.7209462347756687,1.4296937761833766,1.6787820227442,1.2456452990490814,2.073168638389627,1.7792492067017909,-10.907728013495088,-10.949116013907124,0.9089773344579241,0.9124263344922604,0.32514224588137053,0.3440657561077553,1.1980266198051623,0.9350115123683373,19.437527136548777,1.8983964536773972e-05,0.0009002997852170595,0.0008564090887998804,70,4.1253886222839355,6.864134788513184,1.2931272983551025,12.282742261886597
136,127,0.7207193478044653,1.48777486040279,1.7991497980699716,1.1626555260135418,2.1126957292255844,1.8084900714378205,-10.92895530303623,-10.949116013907124,0.9107462752530191,0.9124263344922604,0.2928140999582702,0.3440657561077553,1.0194368128520352,0.9380850175116862,19.458327181579,1.8914593023473086e-05,0.0008653961220448908,0.0007852660898126824,71,3.579425096511841,6.722891092300415,1.2676026821136475,11.569994926452637
137,128,0.6931980138640723,1.4760107730118788,1.8126842806045926,1.1812600665674227,2.1137402004588774,1.8023714150433965,-10.933883561999428,-10.949116013907124,0.9111569634999523,0.9124263344922604,0.29584878172839246,0.3440657561077553,1.0082858344185581,0.9406384242597062,19.488173693265022,1.8746189282418085e-05,0.0009512027949581498,0.0009818035139003483,84,5.090034246444702,7.259095191955566,1.0845658779144287,13.43377423286438
138,129,0.6444005568993841,1.4540162833518877,1.8347530936046035,1.1880850166086259,2.163909060509584,1.7963005937953975,-10.937248440852452,-10.949116013907124,0.9114373700710376,0.9124263344922604,0.310012680944298,0.3440657561077553,0.9813763250478331,0.9415670432904865,19.505706539053804,1.8884920634957582e-05,0.0008641348382329861,0.0007584763898075356,70,4.043861627578735,7.237701416015625,1.4541521072387695,12.735800743103027
139,130,0.6669511427131853,1.451146462770329,1.8382281596607533,1.176296344413653,2.1583154445752877,1.7909287484507497,-10.944351262608887,-10.949116013907124,0.9120292718840739,0.9124263344922604,0.3095429075944242,0.3440657561077553,0.9681348678098516,0.9420320638545365,19.520102850715272,1.8923818617487895e-05,0.0009025245809694264,0.0008039289023386722,73,4.1830713748931885,7.395009994506836,1.2879724502563477,12.866121292114258
140,131,0.6620406400841377,1.448430462653946,1.8394135650488237,1.1763405461211538,2.1708958398857545,1.7898299013559351,-10.934491067521398,-10.949116013907124,0.9112075889601164,0.9124263344922604,0.3069437434333764,0.3440657561077553,0.9707294283341383,0.9437836610576874,19.53847593101966,1.8988350743660368e-05,0.0009019144672118733,0.0004865767932763804,60,3.4478538036346436,6.885580062866211,1.229963779449463,11.563474655151367
141,132,0.6674927114117596,1.456568502472845,1.8338800057203895,1.1781200557349356,2.1435401871544,1.7975719891797481,-10.940170095523829,-10.949116013907124,0.9116808412936525,0.9124263344922604,0.3099781097400191,0.3440657561077553,1.015961254241958,0.9462668803580585,19.55530523901091,1.8842763017786622e-05,0.0009022485180956964,0.0005833001109207858,56,3.5363547801971436,7.35109543800354,1.419600248336792,12.307143688201904
142,133,0.6561916053952029,1.4488817767270097,1.8440123937218584,1.190209759513378,2.1465286393367595,1.7817203100133578,-10.936237920965969,-10.949116013907124,0.9113531600804974,0.9124263344922604,0.29980869674267363,0.3440657561077553,0.9457744684973477,0.9492928041508933,19.57896255193417,1.8726074106362624e-05,0.0009238571133923309,0.0006682646353017106,57,3.505077838897705,6.976280212402344,1.2215001583099365,11.702929973602295
143,134,0.6710547031384702,1.4615758884819257,1.8339917236947803,1.1829842004999354,2.1529716989921655,1.7946051800057172,-10.940219321268465,-10.949116013907124,0.9116849434390387,0.9124263344922604,0.304788264006051,0.3440657561077553,0.9873329971296272,0.9511872770465738,19.593797800949577,1.8489792027069698e-05,0.0006221133522360654,0.0004586496128910531,62,3.723846912384033,7.194654226303101,1.614713191986084,12.533294916152954
144,135,0.6847851542740042,1.4622678053788722,1.8335543964058107,1.166170838125591,2.1409197351521465,1.7976565903053456,-10.929569974804965,-10.949116013907124,0.9107974979004138,0.9124263344922604,0.2968998967711626,0.3440657561077553,0.9797753060640133,0.9513962369674337,19.59966728622251,1.8477081122210823e-05,0.0008150284564926268,0.0005195863213551947,62,3.459932804107666,7.193608999252319,1.286374568939209,11.939996719360352
145,136,0.6628859707334727,1.4475687713943441,1.8263596951593628,1.1887242838536234,2.153381940211785,1.7951777344519606,-10.944517766225081,-10.949116013907124,0.9120431471854235,0.9124263344922604,0.31784275804313467,0.3440657561077553,1.0184544501137793,0.9521434322882483,19.60315735080233,1.827852067379622e-05,0.0008130684759393307,0.00044265343786560943,71,4.09938907623291,7.289388418197632,1.4490864276885986,12.837937116622925
146,137,0.6624971380308767,1.449045284895943,1.8289088692296855,1.18694268976761,2.153483513357083,1.7964813645286444,-10.942336876098219,-10.949116013907124,0.9118614063415182,0.9124263344922604,0.31463422284369674,0.3440657561077553,1.0010581853011473,0.9524411538150975,19.606449949548974,1.7902971234839338e-05,0.0009110790327571165,0.0004380036845167753,62,3.5478334426879883,7.3247904777526855,1.2089405059814453,12.081647396087646
147,138,0.6635364280240477,1.4476898161400154,1.8241892800435862,1.1908100694128008,2.1540626100687223,1.7905480610128661,-10.947190174666494,-10.949116013907124,0.9122658478888744,0.9124263344922604,0.31537292679681767,0.3440657561077553,0.9847504405819905,0.9520641138973573,19.60436313857804,1.779103945391712e-05,0.0008536245369266052,0.0005679864511224229,66,3.8655834197998047,6.927078723907471,1.3723978996276855,12.165155410766602
148,139,0.663476034939977,1.4460698494163395,1.8220878431990064,1.1928826870455451,2.154469848994897,1.788855775149409,-10.939638307232824,-10.949116013907124,0.9116365256027353,0.9124263344922604,0.3088652230999427,0.3440657561077553,0.9813580609711039,0.9535585445339676,19.614798894930214,1.7786766064134588e-05,0.0007611446372291413,0.0004581251791279512,68,3.9708776473999023,7.6499199867248535,1.246342658996582,12.86723256111145
149,140,0.6625774320554038,1.4511300700399443,1.8286302239786172,1.1862783387201663,2.1533761180923134,1.7946108123800117,-10.951976083852095,-10.951976083852095,0.9126646736543412,0.9126646736543412,0.3177747541692467,0.3440657561077553,0.9920591047831095,0.9521580114999156,19.596590625160584,1.84988822393542e-05,0.0009563120466741309,0.0003513293192770409,61,3.741647958755493,7.539393663406372,1.7261111736297607,13.007219076156616
150,141,0.6599384118585249,1.4529034191447856,1.8260421520371686,1.1837872805575775,2.1515022602216964,1.795871050840755,-10.946006377370345,-10.951976083852095,0.9121671981141954,0.9126646736543412,0.31356739228913344,0.3440657561077553,0.990239256131531,0.9521075048560734,19.59408080451419,1.8134620528415648e-05,0.0008570724766557549,0.0003468214793352992,68,4.305552244186401,8.12251901626587,1.5423390865325928,13.970478534698486
151,142,0.6608497426180017,1.4527912770787812,1.8270068730330586,1.1847273584297902,2.15221469490547,1.7959252654711488,-10.939381888504824,-10.951976083852095,0.911615157375402,0.9126646736543412,0.31128699774268975,0.3440657561077553,1.0023462202777296,0.9540321000295183,19.615105753346686,1.8521350146539067e-05,0.0008601738271657394,0.00034634124864056783,68,4.26215934753418,6.972320079803467,1.726431131362915,12.960981369018555
152,143,0.664109499294285,1.4506529389079201,1.8310439487603907,1.1887886560642136,2.1546805196097574,1.7961592082208453,-10.936199145177584,-10.951976083852095,0.9113499287647987,0.9126646736543412,0.3043302921595138,0.3440657561077553,0.9820463252810328,0.9559908328539718,19.61842152515169,1.9357148513950633e-05,0.0007883280998670593,0.0002891541576642447,71,4.155031204223633,7.867096900939941,1.5989339351654053,13.62113904953003
153,144,0.6561573280009654,1.447902902017257,1.8233527445265933,1.1796846936333691,2.1509407415375374,1.7886442187153826,-10.930967089234688,-10.951976083852095,0.9109139241028906,0.9126646736543412,0.30989410931639383,0.3440657561077553,1.018316839051522,0.9570924281343055,19.65010071777225,2.015173409795342e-05,0.0007137534513013288,0.00031557728039234844,58,3.4847421646118164,7.248445272445679,1.4005825519561768,12.133851528167725
154,145,0.6649985862300585,1.4577008691425701,1.826431067316787,1.195934538648048,2.149523241236714,1.7956719567706851,-10.939295960259816,-10.951976083852095,0.911607996688318,0.9126646736543412,0.3068200347461237,0.3440657561077553,0.9948417595549444,0.9580131692981191,19.6538988545029,1.99261049599981e-05,0.0009410988598393467,0.0004050971788099433,87,4.9492950439453125,6.996584177017212,1.5543920993804932,13.500356674194336
155,146,0.6166931813974188,1.4510014935728668,1.8702448767715274,1.2144132028359882,2.1614541013385145,1.7805119270510499,-10.930300394538076,-10.951976083852095,0.9108583662115063,0.9126646736543412,0.2937157852856555,0.3440657561077553,0.9343454946520069,0.9585270702275975,19.7083561789355,1.991585854077321e-05,0.0006587340192314793,0.0010040706828638244,78,4.496308088302612,7.428873777389526,1.4128899574279785,13.33814263343811
156,147,1.4128888637498052,1.5331098826966578,0.8327777654872921,1.5475935243271004,1.618555273610531,1.9069815008306341,-9.580951596229086,-10.951976083852095,0.7984126330190905,0.9126646736543412,0.06339679792778527,0.3440657561077553,2.7902148872778554,0.9595819678102478,19.580108766168046,1.993405114158887e-05,0.0008840367850011356,0.007751014537700679,35,2.1312105655670166,7.274398565292358,1.739612340927124,11.145301580429077
157,148,0.5918430133531459,1.2429969947436246,1.8747724297850332,1.216257865367516,2.8762655431964417,1.8063475862190261,-8.739382835716546,-10.951976083852095,0.7282819029763788,0.9126646736543412,0.11486587423315728,0.3440657561077553,4.721488789372927,0.9525272685089755,19.16145197685956,1.992681332697451e-05,0.0010007170954376093,0.009137762421521839,49,3.0262961387634277,7.637231111526489,1.6188058853149414,12.282413482666016
158,149,1.7432827572554026,1.7114193200960135,0.6422701001433754,1.7899497263670183,1.2675942632066086,1.941633003645859,-8.451589927052082,-10.951976083852095,0.7042991605876735,0.9126646736543412,0.0035954195890461832,0.3440657561077553,2.544857311820195,0.9359785663987764,18.273116376699246,1.9918478191159682e-05,0.0007721069803102506,0.009937785695175123,35,2.0625741481781006,7.4159722328186035,1.797924280166626,11.276546955108643
159,150,0.6083018712959557,1.4704157937452143,1.9413848270289455,1.211809461164517,2.171009647619759,1.778610015861723,-10.916397007774558,-10.951976083852095,0.9096997506478798,0.9126646736543412,0.2715492133973964,0.3440657561077553,0.8867460092607189,0.9374166768957757,18.322609278230523,1.9869409719898622e-05,0.00082435980413968,0.0012793405014026164,56,3.458699941635132,7.403651475906372,1.6613295078277588,12.52376127243042
160,151,0.5908973459465071,1.4332368942763902,1.9226197659795787,1.2618807838488408,2.187921574535297,1.7568880163010774,-10.895596185869719,-10.951976083852095,0.9079663488224766,0.9126646736543412,0.27064699389432645,0.3440657561077553,0.944018622758108,0.9409519343445297,18.365966615588402,1.985629392243006e-05,0.0007390201302482418,0.0013965602776761501,55,3.2394464015960693,7.306017875671387,1.439854621887207,11.985459089279175
161,152,0.5966789050224137,1.4836393639476262,2.0193652063036702,1.2631189628859252,2.2204410135799293,1.783331356194986,-10.761290442206338,-10.951976083852095,0.8967742035171948,0.9126646736543412,0.22298993644332865,0.3440657561077553,1.1130303619791704,0.9411996410091084,18.392626314275798,1.9832126968512092e-05,0.0009035835321935223,0.0017501157127216497,36,2.1800785064697266,7.1899049282073975,1.461742877960205,10.831801176071167
162,153,0.9564694229592999,1.7564565570444013,2.22591406856607,0.8528169226985094,2.2645057973745275,1.9964658863198197,-9.946758870617256,-10.951976083852095,0.828896572551438,0.9126646736543412,0.13995338228655088,0.3440657561077553,2.7817373625740345,0.9447073890666937,18.531822925771856,1.9828177470180686e-05,0.0006989464866130863,0.009943130891109736,39,2.3232269287109375,7.1891021728515625,1.7462027072906494,11.258612871170044
163,154,1.0396392452705183,1.6228954002165836,2.5776266918528488,1.2144609392198042,2.3966929799355117,1.8439052694638536,-7.0475224099831975,-10.951976083852095,0.5872935341652664,0.9126646736543412,0.0012915776885548047,0.3440657561077553,4.707274151046008,0.9544325622600446,20.739506394117363,1.9649673341059827e-05,0.0006708148282815329,0.008637184991082325,36,2.22531795501709,6.990786075592041,1.6787512302398682,10.894922256469727
164,155,0.7913688176692468,1.870166394937155,2.008939770181873,0.6541037203384064,2.1679550236278207,2.1625188810915006,-8.316333691571593,-10.951976083852095,0.693027807630966,0.9126646736543412,0.05162666600552407,0.3440657561077553,4.050556818488317,0.9190518705086377,20.327051604967433,1.945936747082996e-05,0.0007639015634337936,0.0063636779166072336,33,2.045478105545044,7.055411338806152,1.467170238494873,10.56812572479248
165,156,1.1609876863068398,1.1868599424811486,0.7775871239343414,1.7611972743342854,1.8833855398334638,1.8534063577982933,-7.081860925820602,-10.951976083852095,0.5901550771517169,0.9126646736543412,0.007912198563787854,0.3440657561077553,4.674378854115361,0.9026824881840306,20.5600001040244,1.9339130511471956e-05,0.000750916157633411,0.007138024585923901,43,2.6772658824920654,7.400436878204346,1.9340460300445557,12.011810779571533
166,157,1.5573213541962845,1.8142688458955003,1.034921048772565,1.2497166656201275,1.6594667149483038,2.0392861561347746,-8.636582656304057,-10.951976083852095,0.7197152213586714,0.9126646736543412,0.10857106597203266,0.3440657561077553,5.145629698061256,0.8960036819741205,20.526327834814214,1.933694445450925e-05,0.00048260457696423575,0.004655892065162968,37,2.2231805324554443,7.012593030929565,1.7130980491638184,10.948935270309448
167,158,1.1542421665781126,1.5823100139312276,0.9879180019928144,1.506402439278774,1.1871206804617467,1.9059130988290636,-8.597134305251629,-10.951976083852095,0.716427858770969,0.9126646736543412,0.020215342425738796,0.3440657561077553,3.0214550175172405,0.8938879629417652,20.416482365766075,1.9331484409340885e-05,0.0009398498785829002,0.006996444313629432,38,2.3806588649749756,7.060230016708374,1.6429190635681152,11.0838942527771
168,159,0.5697004324310712,1.4662379926471616,1.9028122788950244,1.2217745529136417,2.1499873442338555,1.7654872919371813,-10.900626150661548,-10.951976083852095,0.908385512555129,0.9126646736543412,0.27064021006527306,0.3440657561077553,0.9460146308635018,0.8971537139291481,20.44907962405525,1.9325649060996395e-05,0.0007884894964660736,0.0015062368097613825,54,3.2464599609375,6.936076402664185,1.446058750152588,11.628677368164062
169,160,0.6317883736443266,1.4269159098583142,1.82310582976935,1.2372501402799243,2.144292032499571,1.7718351517488615,-10.922374552286254,-10.951976083852095,0.9101978793571878,0.9126646736543412,0.303902031987312,0.3440657561077553,1.009978907593137,0.9007363549950548,20.51581369327326,1.9317719269680774e-05,0.000854884843972991,0.0010929397031335445,54,3.296154737472534,7.4282050132751465,1.7499637603759766,12.474377870559692
170,161,0.6208764236055642,1.4360777433665932,1.9028546186673077,1.2025356650935124,2.1599719707125624,1.7650734435660393,-10.908267568754347,-10.951976083852095,0.9090222973961956,0.9126646736543412,0.28769854010848056,0.3440657561077553,0.9492208743229469,0.9028541915467109,20.548525035934308,1.929365864762841e-05,0.0009193279947794992,0.0011222548448639297,63,3.6966049671173096,6.9559690952301025,1.954127311706543,12.606765508651733
171,162,0.602048007371753,1.4603642836430175,1.9016085048689746,1.2225445257686576,2.188541452325564,1.7947603830217604,-10.920299178963099,-10.951976083852095,0.9100249315802582,0.9126646736543412,0.2962996819300993,0.3440657561077553,0.9843967568219512,0.9062525218983778,20.609787581783156,1.9269260409781647e-05,0.0009843628122324878,0.0007368367429870006,62,3.679921865463257,7.011498212814331,1.8095457553863525,12.501039028167725
172,163,0.572750388137976,1.430698165535874,1.8305489848658343,1.2843323885189624,2.185311079053087,1.759868125608804,-10.879989560630408,-10.951976083852095,0.9066657967192007,0.9126646736543412,0.28118402836855827,0.3440657561077553,1.0583136067448464,0.9099909346389072,20.675530427491044,1.9272001320782437e-05,0.0009422080481189891,0.0016766642066364564,44,2.6010451316833496,7.2887208461761475,1.4384372234344482,11.328300476074219
173,164,0.6231393106546859,1.467085317118418,1.8697134307784304,1.2435353281852959,2.120140486582228,1.7801390567141198,-10.915825386883707,-10.951976083852095,0.9096521155736422,0.9126646736543412,0.28442570595010996,0.3440657561077553,0.9938557292513224,0.9132516715438375,20.728031492299138,1.9274637958366275e-05,0.0005497305056388081,0.0012484243787751113,65,4.271701097488403,7.7129223346710205,1.8663561344146729,13.851029872894287
174,165,0.5871717478308085,1.4292635601575139,1.878392000961105,1.2559381354692245,2.1411655280243815,1.7960564462202735,-10.915539882519534,-10.951976083852095,0.9096283235432945,0.9126646736543412,0.3155161857384803,0.3440657561077553,1.120230512411922,0.9155467540803931,20.768012755950842,1.9267705936808362e-05,0.0007464630987140953,0.0009565972154361434,54,3.256898880004883,8.207954168319702,1.7040727138519287,13.1689932346344
175,166,0.6030776826228269,1.4281085719718405,1.803090743393481,1.2867937540937624,2.064509846345554,1.7657915917455358,-10.90830266356019,-10.951976083852095,0.9090252219633492,0.9126646736543412,0.2943645631749855,0.3440657561077553,1.0810210070854964,0.9182411467046736,20.91447419129391,1.9289502329186783e-05,0.0008965282424358221,0.0020059475765266104,56,3.9965078830718994,7.547129392623901,1.713188886642456,13.256893157958984
176,167,0.561102796723448,1.4260078208417417,1.866736411591394,1.3325503584498342,2.096167459392468,1.7648702406169052,-10.822960223561852,-10.951976083852095,0.9019133519634877,0.9126646736543412,0.2556357427231618,0.3440657561077553,1.1419089391612829,0.9181345763765566,20.835823941116637,1.928312507289708e-05,0.0006251955467155763,0.001643641786969625,52,3.164867639541626,7.163757562637329,1.9352450370788574,12.263923406600952
177,168,0.683111535427385,1.5203509395468735,1.9554582484239822,1.1340388172541933,2.2022730062055396,1.8103164498107185,-10.826382127138048,-10.951976083852095,0.9021985105948374,0.9126646736543412,0.22915504581724522,0.3440657561077553,0.9178841319400561,0.9214194190632264,20.895044942669625,1.9290050462430895e-05,0.000892370847892563,0.00243333701408584,66,3.9378180503845215,7.24443244934082,1.7711482048034668,12.953478813171387
178,169,0.6412720859185308,1.4475575543400352,1.8074999397927423,1.2335690094749423,2.07502249228018,1.780202614797807,-10.936761404138265,-10.951976083852095,0.9113967836781888,0.9126646736543412,0.3059917435218805,0.3440657561077553,1.0536380529045744,0.9229883213243064,20.947484737461078,1.9253636031639543e-05,0.0008801359819882628,0.0013004392175377476,68,4.071043968200684,7.964054346084595,2.4021637439727783,14.437330961227417
179,170,0.6605573263701127,1.4465978736787153,1.7737014620475708,1.2411087161362775,2.036515197614945,1.7700982339621485,-10.935309452005656,-10.951976083852095,0.911275787667138,0.9126646736543412,0.30567423409559813,0.3440657561077553,1.0765825035677494,0.9256321809210295,21.011544554411557,1.9216058013502392e-05,0.0008225212726021176,0.0009557854424303438,68,4.08708381652832,7.0088889598846436,2.1004981994628906,13.196537017822266
180,171,0.6387454735782638,1.4437619550319878,1.769425432376386,1.2463942293483823,2.067270121281264,1.77570132699727,-10.93312724885882,-10.951976083852095,0.9110939374049017,0.9126646736543412,0.31038155212374047,0.3440657561077553,1.082052054553344,0.9288845923558369,21.07052302981546,1.9175388326825304e-05,0.0008233621552086465,0.000845407690448735,66,3.886030912399292,7.7093939781188965,1.7452938556671143,13.340786218643188
181,172,0.6280683977463177,1.4601055262334672,1.8006023243936233,1.2376929349670096,2.0434728597747065,1.7681728439188913,-10.927111191991603,-10.951976083852095,0.9105925993326336,0.9126646736543412,0.2913968019161351,0.3440657561077553,1.0528885987710055,0.9322746989489051,21.132347473624918,1.9144822650386575e-05,0.0009124274686138689,0.000960563609149866,90,5.42672872543335,7.047539472579956,2.2028255462646484,14.677194833755493
182,173,0.6396286334480076,1.4520376541085744,1.8329216559693193,1.2077896871904517,2.118918189664881,1.7977980107494733,-10.93985296007108,-10.951976083852095,0.9116544133392567,0.9126646736543412,0.31648830946035444,0.3440657561077553,1.0610170286735041,0.9352624687274468,21.201682655422246,1.9136092391569748e-05,0.0007696945459580811,0.0007648787578187047,79,4.852956056594849,7.741548299789429,1.9698176383972168,14.564387321472168
183,174,0.91568133042783,1.560498825036868,1.910324878769132,1.0325219954766078,2.27848921700822,1.872692435205733,-10.424363103015631,-10.951976083852095,0.8686969252513026,0.9126646736543412,0.13369482724955034,0.3440657561077553,1.3711076551224863,0.9369748719399144,21.167689987484106,1.913814287095477e-05,0.000799937007624653,0.003168869117356587,51,3.2552757263183594,7.329916477203369,1.8572275638580322,12.442486763000488
184,175,0.6595812588113275,1.4388484065017744,1.7343546812302515,1.2577248421067009,2.0198303501449724,1.7651108918653844,-10.913526729318278,-10.951976083852095,0.9094605607765232,0.9126646736543412,0.3006851036772949,0.3440657561077553,1.1040817729887067,0.9398004130972907,21.211645298102233,1.909614615561542e-05,0.0007249449428988902,0.0007847851111837863,76,4.4775776863098145,7.51715874671936,2.300706624984741,14.295508861541748
185,176,0.6484949243688557,1.44805447077743,1.7943091967410885,1.2536758699250576,2.050749733324047,1.78894062868157,-10.916128286141,-10.951976083852095,0.9096773571784166,0.9126646736543412,0.3081167532964972,0.3440657561077553,1.1374599686705125,0.9403026575111391,21.251308350437533,1.905136617505233e-05,0.0008428634500647978,0.0007722258280296019,74,4.6394782066345215,7.1637842655181885,2.1602280139923096,13.963578462600708
186,177,0.6388751483790029,1.4308405226468173,1.790715700055389,1.2372738626722317,2.063586854648394,1.7561576770507412,-10.926772157914176,-10.951976083852095,0.910564346492848,0.9126646736543412,0.3019924662959068,0.3440657561077553,1.0418200315366164,0.9428235026931016,21.29255005616743,1.902400632998328e-05,0.0007888346079069296,0.0006891206481902504,68,3.991258144378662,6.906118869781494,1.6419739723205566,12.539448499679565
187,178,0.6096330827552428,1.4470902768324767,1.8195019389954188,1.2312722128223144,2.0993645508701673,1.7809974731125646,-10.941152376256511,-10.951976083852095,0.9117626980213759,0.9126646736543412,0.3174354956305494,0.3440657561077553,1.078501147584305,0.9446318100958592,21.322073867968683,1.8965996139128743e-05,0.0008898306912612482,0.0007490471286086155,58,3.3809940814971924,7.010583400726318,2.319082498550415,12.7107253074646
188,179,0.6336933421195307,1.4564145932185193,1.8118336001482578,1.221577393737235,2.104543608127721,1.7815056475805096,-10.94060142063527,-10.951976083852095,0.9117167850529392,0.9126646736543412,0.3052814283747525,0.3440657561077553,1.021670170649898,0.9470696250720019,21.368293077383047,1.8848323432369787e-05,0.0008915305861089529,0.0006245488978466582,57,3.611147403717041,6.9793860912323,2.6052944660186768,13.195972919464111
189,180,0.6235705949819785,1.4524475573073186,1.8343677230110975,1.2139659385133479,2.092316278199382,1.7821218215155705,-10.940418053876378,-10.951976083852095,0.9117015044896982,0.9126646736543412,0.30494144222078656,0.3440657561077553,1.0277300884689424,0.9495114041705441,21.42084163131945,1.8746737333850924e-05,0.0006022375666816662,0.0005663917778562114,72,4.30650782585144,7.203972339630127,2.608558177947998,14.11910629272461
190,181,1.4945438110387592,1.8465637249995002,0.7951909986127627,1.5958785988778728,1.6644872929490255,1.5143507395570892,-7.081666001569678,-10.951976083852095,0.5901388334641399,0.9126646736543412,0.0015425803988242516,0.3440657561077553,2.4830252514004343,0.9585760749423878,22.774672437740545,1.8697300201701453e-05,0.0008338914384653376,0.00715768771227045,43,2.536940097808838,7.570075035095215,2.1355743408203125,12.242680549621582
191,182,1.7054224091519266,1.3272365038409424,0.8478196376600123,1.4612781875776553,1.4023893890902595,2.320270316171906,-6.091969110175084,-10.951976083852095,0.5076640925145903,0.9126646736543412,0.01016231466110333,0.3440657561077553,6.880218073039167,0.9701983145225762,25.70662396468765,1.8574352490357956e-05,0.0009541681501503222,0.007884879844670876,35,2.1280479431152344,7.1538965702056885,2.0437216758728027,11.325733423233032
192,183,0.6120367990921542,1.4496887330837789,1.8378152819363351,1.2183373208992736,2.1202777734279468,1.7889866519074504,-10.944187134573891,-10.951976083852095,0.9120155945478242,0.9126646736543412,0.3186980017906926,0.3440657561077553,1.0437784615676264,0.9720499497796721,25.76589773898526,1.8485677136899415e-05,0.0008307115363531041,0.0005771451983543447,63,3.9204652309417725,6.814221620559692,1.9487712383270264,12.683534383773804
193,184,0.6210030564907693,1.4439921254033103,1.832851754824934,1.223160889478886,2.111443274655214,1.7832066011760148,-10.939710923586473,-10.951976083852095,0.9116425769655394,0.9126646736543412,0.3088650248069079,0.3440657561077553,1.024360097794471,0.9738555118108245,25.820136388716605,1.8354313125264444e-05,0.000816395376859242,0.0005215669674678313,78,4.710486173629761,7.058643817901611,1.7992734909057617,13.568472623825073
194,185,0.6133577092712944,1.4632554127282946,1.8320155714622828,1.215389572699706,2.1075400509257216,1.794698067030678,-10.933428248676877,-10.951976083852095,0.9111190207230732,0.9126646736543412,0.31432270359847586,0.3440657561077553,1.0921783912714034,0.9768026058903,25.93314985794775,1.837604808261037e-05,0.0008694337729603377,0.0007090417790403673,60,3.7717695236206055,7.368991136550903,2.3035619258880615,13.444388628005981
195,186,0.6227369993441645,1.4413713551196834,1.8038894012465847,1.2186161066990506,2.0893520419877536,1.784176603841605,-10.93548203037638,-10.951976083852095,0.9112901691980316,0.9126646736543412,0.3184133242306208,0.3440657561077553,1.0941973289752696,0.9799316197326482,26.02917270874974,1.8292703118640974e-05,0.000969977493296598,0.0006378097845796147,78,4.712677001953125,7.081156253814697,2.493025064468384,14.286943912506104
196,187,0.5932844800987284,1.439721525927997,1.8392325764497535,1.2359183008439163,2.1078433102041645,1.772021317862073,-10.934666329462171,-10.951976083852095,0.9112221941218476,0.9126646736543412,0.3054915506498195,0.3440657561077553,1.021437911432102,0.9833125965840143,26.13938547099317,1.8207468655331035e-05,0.0009247111186020252,0.0008115923995113734,71,4.296256065368652,6.9924304485321045,2.280846357345581,13.569607734680176
197,188,0.622555102169401,1.4504122735920335,1.856273230510744,1.2025386524881565,2.130368405329715,1.794446506821116,-10.948834290643935,-10.951976083852095,0.9124028575536612,0.9126646736543412,0.3164616565368489,0.3440657561077553,1.016626023750888,0.9814998460773157,26.095166551966624,1.8170680918805492e-05,0.0009733813780621747,0.0006897632606284163,86,5.119512319564819,7.915167331695557,2.276226282119751,15.310973882675171
198,189,0.622469924497773,1.4502696489656224,1.8559862903020583,1.2027487539625896,2.1303904631306274,1.7943130469001594,-10.953289899609421,-10.953289899609421,0.9127741583007851,0.9127741583007851,0.32350905425137094,0.3440657561077553,1.0308513344234171,0.978108607089126,25.989019894736227,1.8037483756575017e-05,0.0008970269474083611,0.0006760227676649166,89,5.454066276550293,7.2910614013671875,2.5707969665527344,15.315993547439575
199,190,0.6214876593972906,1.4504070265868794,1.8595297279737908,1.2012688403934404,2.129807955250846,1.7957470195361587,-10.9427110557601,-10.953289899609421,0.9118925879800083,0.9127741583007851,0.3124392810053129,0.3440657561077553,1.0291723637017327,0.980846102074973,26.069041156647017,1.8394124146457383e-05,0.000991299181899678,0.00044071421202855035,90,5.448326826095581,7.094702482223511,2.2423105239868164,14.785432577133179
200,191,0.6241898529397596,1.449785949573063,1.8493810399549269,1.2044695959219587,2.1325815094192406,1.791323093835205,-10.957713587538901,-10.957713587538901,0.9131427989615751,0.9131427989615751,0.3224396047387871,0.3440657561077553,1.0262045905265893,0.9747290787932926,25.86108277134081,1.8689932591567898e-05,0.000947293237250686,0.0004027611819733982,80,4.716397762298584,7.518501043319702,2.334656000137329,14.569622278213501
201,192,0.5124413943819619,1.3989114663953768,1.9122295642982519,1.2679362775319414,2.214782707144341,1.772151261033789,-10.905209755390082,-10.957713587538901,0.9087674796158401,0.9131427989615751,0.31403577607118294,0.3440657561077553,1.1048117395844912,0.9768609787569793,26.197615420383627,1.866183987912325e-05,0.0009794930995752865,0.0016836295647183887,66,3.9190444946289062,7.086910247802734,2.2037320137023926,13.209753036499023
202,193,0.5362984806293017,1.38673427585499,1.8333587899472583,1.2572499035485356,2.1415812694112004,1.770975444191963,-10.896657398035217,-10.957713587538901,0.9080547831696014,0.9131427989615751,0.33260833458651284,0.3440657561077553,1.209666914121513,0.9810131730395212,26.337398567773555,1.8663801034928073e-05,0.0008475334878974894,0.0016032278917424395,56,3.533888339996338,7.188734292984009,2.6646909713745117,13.387378454208374
203,194,0.43778697520050347,1.3728529695043614,1.8714465866806727,1.340905940174511,2.244626104985167,1.7783741686539427,-10.743418276434744,-10.957713587538901,0.895284856369562,0.9131427989615751,0.2772706191869848,0.3440657561077553,1.4246732114462475,0.9839895857752703,26.3749169343681,1.86741492341412e-05,0.0007659951898434921,0.0022581557246002144,42,2.548978805541992,7.2442307472229,2.590022325515747,12.383317470550537
204,195,0.5580347400810753,1.4269362506410006,1.9398412966274095,1.2266599149744575,2.187082759572075,1.7873819271026334,-10.923604014993673,-10.957713587538901,0.9103003345828061,0.9131427989615751,0.30275476350696817,0.3440657561077553,0.9860539217450395,0.9878134962970736,26.538571437777687,1.865286124508147e-05,0.0008823578604424372,0.0008466325463050566,56,3.3920037746429443,7.302240610122681,2.9609599113464355,13.655271530151367
205,196,0.549670562971536,1.4267115420550713,1.9357237838455832,1.2235965437249074,2.2370947301703277,1.7621760677994744,-10.896135349069434,-10.957713587538901,0.9080112790891195,0.9131427989615751,0.2884153987041095,0.3440657561077553,0.9478825469484065,0.9919392125376224,26.668083675812017,1.8653324771911014e-05,0.0008844541750534342,0.0010506281271689252,83,5.2596917152404785,6.918868780136108,2.8955039978027344,15.074130773544312
206,197,0.4911087671297861,1.4214799176230928,1.9460897473021472,1.2511641509970948,2.1526120845569996,1.7762977491067191,-10.933380431250631,-10.957713587538901,0.9111150359375526,0.9131427989615751,0.31393328352564875,0.3440657561077553,1.06404020535075,0.9916803082121763,26.86747577522102,1.8685332078669875e-05,0.0009216706828857403,0.0016102983607501993,49,2.929788589477539,7.304597854614258,2.5165045261383057,12.750962257385254
207,198,0.5016547723228475,1.4312510644089342,1.9123636774568282,1.2597911269133748,2.158409667814513,1.787692165937971,-10.901205639490758,-10.957713587538901,0.9084338032908965,0.9131427989615751,0.30986041750242005,0.3440657561077553,1.1354196869830844,0.9932310631095492,27.022581511801473,1.868975374001398e-05,0.0008386278756690082,0.0010366153252930135,67,4.049826145172119,7.4093403816223145,2.9521219730377197,14.41135549545288
208,199,0.5062515932989895,1.3971560465523059,1.9612493444108057,1.2481604286875378,2.1584595608390207,1.7584316122973245,-10.914249045875845,-10.957713587538901,0.9095207538229871,0.9131427989615751,0.304708367117858,0.3440657561077553,1.0431995634477431,0.9947068006911376,27.044329147793402,1.872298420557151e-05,0.000993051500928384,0.0013037887328138473,61,3.703747034072876,7.078502416610718,2.469587564468384,13.25193190574646
209,200,0.4755390795747655,1.4330888216776714,1.9853592012136205,1.2344358370317314,2.176999323356907,1.7824341240108676,-10.909785964455223,-10.957713587538901,0.9091488303712686,0.9131427989615751,0.29816139493726646,0.3440657561077553,1.0418998418208076,0.9986372921773512,27.163838927431417,1.872250942221348e-05,0.0006703748649461996,0.0010805375183390983,57,3.495915412902832,7.600703001022339,3.015202522277832,14.111891269683838
210,191,0.6241898529397596,1.449785949573063,1.8493810399549269,1.2044695959219587,2.1325815094192406,1.791323093835205,-10.957713587538901,-10.957713587538901,0.9131427989615751,0.9131427989615751,0.3224396047387871,0.3440657561077553,1.0262045905265893,0.9747290787932926,25.86108277134081,1.8689932591567898e-05,0.000947293237250686,0.0004027611819733982,80,4.716397762298584,7.518501043319702,2.334656000137329,14.569622278213501
