# 25_runs
5.795265588988373073e-01 1.027314732683856507e-01
5.680215676362271315e-01 8.405000459654979328e-02
5.796369850155688175e-01 1.174457587252712848e-01
5.690526176811573356e-01 9.730515256174208927e-02
5.541648531209686368e-01 1.358336198998121302e-01
5.799293279803716672e-01 9.663571635784197478e-02
5.785885592735547922e-01 1.040375231147923213e-01
5.952607592664940217e-01 8.609535008511286225e-02
5.910309072278072673e-01 1.029982729014364273e-01
5.650323926878761949e-01 8.240769035957248856e-02
5.440461623532386604e-01 9.405234552554407601e-02
5.790457227648605487e-01 1.004781378897031396e-01
5.900385177670213199e-01 9.286714387846084495e-02
7.321172102762889544e-01 6.087198795792935629e-02
7.321172113029299489e-01 6.087198839484921076e-02
7.321172111859022280e-01 6.087198743396244477e-02
7.321172108320206373e-01 6.087198847312047523e-02
7.321172097742014717e-01 6.087198799248407649e-02
7.321172100149536677e-01 6.087198781349579396e-02
7.321172112910567797e-01 6.087198781366016942e-02
5.820691099430110871e-01 8.577404341528477305e-02
5.820691101401497258e-01 8.577404346296334248e-02
5.820691095297195750e-01 8.577404429371149330e-02
5.820691096711876344e-01 8.577404355714753070e-02
5.820691104362800683e-01 8.577404392079356066e-02
5.820691097686878646e-01 8.577404391536978812e-02
5.820691106172449780e-01 8.577404161546044181e-02
6.040725935418164161e-01 1.348622415227648252e-01
6.040725936848534428e-01 1.348622422753037176e-01
6.040725947364112836e-01 1.348622412125942416e-01
6.040725923918417450e-01 1.348622415325727575e-01
6.040725925993982726e-01 1.348622421032045215e-01
6.040725926873989904e-01 1.348622424613982185e-01
6.040725930434102109e-01 1.348622413724911151e-01
7.667342672247768887e-01 1.012381718825741544e-01
7.667342671209697036e-01 1.012381715817796957e-01
7.667342672799000169e-01 1.012381723258041766e-01
7.667342672328526509e-01 1.012381718500662969e-01
7.667342669044721060e-01 1.012381730179457012e-01
7.667342670849750519e-01 1.012381716858170438e-01
7.667342677706027176e-01 1.012381725604143690e-01
8.111258363070028565e-01 5.922568098138828591e-02
8.111258361024996644e-01 5.922568108749285548e-02
8.111258362915786391e-01 5.922568157711101400e-02
8.111258358986904726e-01 5.922568104838835112e-02
8.111258361353632651e-01 5.922568092169432086e-02
8.111258360181576865e-01 5.922568103253907784e-02
8.111258370413197971e-01 5.922568073945927436e-02
8.262427408190111677e-01 7.523858718358564235e-02
8.262427408472849955e-01 7.523858742526313981e-02
8.262427407916977939e-01 7.523858662045186663e-02
8.262427407552125347e-01 7.523858712755486511e-02
8.262427406788265261e-01 7.523858611759466630e-02
8.262427407163897009e-01 7.523858693252019614e-02
8.262427402092038520e-01 7.523858761759416591e-02
8.283021458894826994e-01 8.284549528666938778e-02
8.283021461250114070e-01 8.284549517280188902e-02
8.283021460676213144e-01 8.284549499886606494e-02
8.283021460600663577e-01 8.284549474011690395e-02
8.283021452212984137e-01 8.284549570322446987e-02
8.283021458423083239e-01 8.284549516230062249e-02
8.283021453099790321e-01 8.284549549856312645e-02
8.358553744106224093e-01 1.007103231517793018e-01
8.358553747967090164e-01 1.007103229880808026e-01
8.358553744286366660e-01 1.007103242673191568e-01
8.358553743995833507e-01 1.007103233861973701e-01
8.358553741672447579e-01 1.007103240677275774e-01
8.358553743445890083e-01 1.007103233776452667e-01
8.358553747325827565e-01 1.007103224443700873e-01
8.461766562102394085e-01 7.434452661316696964e-02
8.461766565066081158e-01 7.434452648680414666e-02
8.461766564759520826e-01 7.434452632808835615e-02
8.461766561810766252e-01 7.434452665984705999e-02
8.461766560025768547e-01 7.434452669139435255e-02
8.461766561843101497e-01 7.434452667125604486e-02
8.461766560456714936e-01 7.434452670792283946e-02
8.542037732840173092e-01 6.174986960467179070e-02
8.542037725889298772e-01 6.174987054101494649e-02
8.542037727193100283e-01 6.174987023022000809e-02
8.542037734132176263e-01 6.174986941289514752e-02
8.542037726678671783e-01 6.174987008917363907e-02
8.542037730339671064e-01 6.174986972761434961e-02
8.542037736023608829e-01 6.174986911735858008e-02
8.490041008789033228e-01 7.913234223940580903e-02
8.490041010326950799e-01 7.913234211491648740e-02
8.490041011080496913e-01 7.913234108870115247e-02
8.490041009326718680e-01 7.913234215061679122e-02
8.490041008678775869e-01 7.913234146505743194e-02
8.490041009093627355e-01 7.913234213531104844e-02
8.490041007739612677e-01 7.913234171991707921e-02
8.727641166813349116e-01 4.262927026716559903e-02
8.727641165817422442e-01 4.262927050798107770e-02
8.727641164022194031e-01 4.262927033486962197e-02
8.727641166895936387e-01 4.262927035833859180e-02
8.727641164036615828e-01 4.262927025318328372e-02
8.727641164911432714e-01 4.262927026172939893e-02
8.727641167145092638e-01 4.262927017113442990e-02
8.605699356917203557e-01 6.639156638266632826e-02
8.605699357005519579e-01 6.639156622971360833e-02
8.605699355213295432e-01 6.639156667966666925e-02
8.605699357934993854e-01 6.639156619902257528e-02
8.605699357974004871e-01 6.639156569380180728e-02
8.605699357907188318e-01 6.639156566165840823e-02
8.605699356026919045e-01 6.639156596991460657e-02
8.745428430194853719e-01 4.864682830055023360e-02
8.745428431968488292e-01 4.864682814658743970e-02
8.745428429235977408e-01 4.864682864908795312e-02
8.745428431025519256e-01 4.864682820696424742e-02
8.745428431291418780e-01 4.864682771648858733e-02
8.745428429327162245e-01 4.864682815803239579e-02
8.745428433996781381e-01 4.864682691035670387e-02
8.744996764525113653e-01 3.657823987579968822e-02
8.744996761716720135e-01 3.657824020781414581e-02
8.744996768371438023e-01 3.657823977904745699e-02
8.744996764175938520e-01 3.657823987941231925e-02
8.744996760704559779e-01 3.657824043181936297e-02
8.744996766335459970e-01 3.657823957059991304e-02
8.744996765144632533e-01 3.657823969099234518e-02
8.688831113586791277e-01 8.156564160221922710e-02
8.685296960703028368e-01 8.318427031738372113e-02
8.720095576859325792e-01 6.757135441995992808e-02
8.673822532448914879e-01 8.847868741477851739e-02
8.750182164436282051e-01 5.494462762751200352e-02
8.780098380656685686e-01 4.392562877154156109e-02
8.779451858983986501e-01 4.413925921375094763e-02
8.549063255333847478e-01 8.376583841696910726e-02
8.485470432527846274e-01 1.039148565355744180e-01
8.465634408073866579e-01 1.113174833031300714e-01
8.392840016642922896e-01 1.411537143947227957e-01
8.396161175828372736e-01 1.397247783834085488e-01
8.579479378330470141e-01 7.696006352012166318e-02
8.505534586034338984e-01 9.688565483370001341e-02
8.579254695639639827e-01 1.038696942488331748e-01
8.616753891343893468e-01 9.438769646098708888e-02
8.609793747959290089e-01 9.594174248905269764e-02
8.580571419150619938e-01 1.034939324342293021e-01
8.579583400950535621e-01 1.037756249104060113e-01
8.578971770186037960e-01 1.039508015379229794e-01
8.566401813341241178e-01 1.076802434598109065e-01
8.688065630068164680e-01 9.779498147155231413e-02
8.772347291100989208e-01 5.976593152533748315e-02
8.732025312017545060e-01 7.743041064103817206e-02
8.682749364989651442e-01 1.003040011913180346e-01
8.736970534790741150e-01 7.519644476663821242e-02
8.788638854729520222e-01 5.313533224322651571e-02
8.742413782802045397e-01 7.275535312683031886e-02
8.315637225397822796e-01 1.470470731227868644e-01
8.290443601025718756e-01 1.581889277754384704e-01
8.283011666914532611e-01 1.555337524502511393e-01
8.344413586582599685e-01 1.418309091042317116e-01
8.278328217013141144e-01 1.556225517762634958e-01
8.328658479803139336e-01 1.444902438166120462e-01
8.298454922032726389e-01 1.570493754469196868e-01
8.678573711877248797e-01 9.750522965243277329e-02
8.671185073085604378e-01 9.759260953352827395e-02
8.634527099309146081e-01 1.110226778066857878e-01
8.722020151559293222e-01 8.102180013640045142e-02
8.725257994620356783e-01 8.058038421303231891e-02
8.685251370336192211e-01 9.322631324557333066e-02
8.666061110080849339e-01 9.934931305500822873e-02
8.367205332133306195e-01 1.365004640917984735e-01
8.474767273800655198e-01 1.075630428361863955e-01
8.354073824886327770e-01 1.397711891726704792e-01
8.425288752504351830e-01 1.222077621956662169e-01
8.506213521565806346e-01 1.019504243424737694e-01
8.490376551186925580e-01 1.040146163835190818e-01
8.485515876560698612e-01 1.044465155930762862e-01
8.281615056557742882e-01 1.523005285326941294e-01
8.372050822062905295e-01 1.303101358278294652e-01
8.455972154465968282e-01 1.135496703596572537e-01
8.360075859838681511e-01 1.407144303338971059e-01
8.394081303247759029e-01 1.258526600323801314e-01
8.326259814676126858e-01 1.475625978504510327e-01
8.314990281801134531e-01 1.503882040562492250e-01
8.271729553959364933e-01 1.610186202962076985e-01
8.281031820214016514e-01 1.623773144886624664e-01
8.182321371463245896e-01 1.715558871160406118e-01
8.298699520029509946e-01 1.524890426694542611e-01
8.405064819852684499e-01 1.371717244177054762e-01
8.104885943389683600e-01 1.860484801422944978e-01
8.193231968288146039e-01 1.642288793023424232e-01
8.195900140263749911e-01 1.609747475861618426e-01
8.417037163437286473e-01 1.249246132404931015e-01
8.286665890548509106e-01 1.389997597670329377e-01
8.495075183608498115e-01 1.088168743300708813e-01
8.360421989248461028e-01 1.231894087175777752e-01
8.269719177793882769e-01 1.423476211105778322e-01
8.197708549556000923e-01 1.573545945334589025e-01
7.833949541446638687e-01 1.748653677157100128e-01
7.871557708651129026e-01 1.637700852928884732e-01
8.106905096599219540e-01 1.246796719518806357e-01
8.236940429193069235e-01 1.089870512431769800e-01
7.709763690609844344e-01 1.898461184019110681e-01
7.950694619493111626e-01 1.555801651564378829e-01
7.956479454110781946e-01 1.514176057086819849e-01
8.077437981907018560e-01 1.423086109354549655e-01
7.907897577154031632e-01 1.728573734078568958e-01
8.021278027240488218e-01 1.520906978916138075e-01
8.043895343286752153e-01 1.589842267790337882e-01
8.121695622089727395e-01 1.385832835683205866e-01
7.767347698608649820e-01 1.922006946301864083e-01
7.970930575139170138e-01 1.689661758034246286e-01
7.910667444195211839e-01 1.767996190582525606e-01
8.111568588397353174e-01 1.460245761902523309e-01
7.917343743272674539e-01 1.779578630142555629e-01
8.208668014788177425e-01 1.338511254520010074e-01
7.942176377284064781e-01 1.842531945332332444e-01
8.146364393451202002e-01 1.332695731942534767e-01
8.060999160972509570e-01 1.557816003817412975e-01
7.840504021511242039e-01 1.743537780777271451e-01
7.870584088586943805e-01 1.774386063888170606e-01
7.979684789175390813e-01 1.541604482135509047e-01
7.770426365139582181e-01 1.886881670538076428e-01
7.720486936001185185e-01 2.005398490466192563e-01
7.916988194573520987e-01 1.697607037174461153e-01
7.846133130789408883e-01 1.792979862142414782e-01
7.736267893516536320e-01 1.783901534612029882e-01
7.780137514188713022e-01 1.667864251426728894e-01
7.648264804604129052e-01 1.831960871627386911e-01
7.548405579605116378e-01 2.094023370085361935e-01
7.682447623707292506e-01 2.013427578875764956e-01
7.850767305546750841e-01 1.687507821911130301e-01
7.906906025126225757e-01 1.500310678207913695e-01
8.005616629507289472e-01 1.445140642986579571e-01
7.903667943006864594e-01 1.652271970842713045e-01
7.793809159634150774e-01 1.871612045747589603e-01
8.147531179269368318e-01 1.362533294391109484e-01
7.819859328185265746e-01 1.815451996035711557e-01
7.827458793356999456e-01 1.822290313371327797e-01
8.049922623589347292e-01 1.458008004286457382e-01
7.978717481843883297e-01 1.487979910411489914e-01
7.596547807277929110e-01 1.848795197014716785e-01
7.774927264941233762e-01 1.646327228870635151e-01
7.929935499452719361e-01 1.450631521869006346e-01
7.893738118908268930e-01 1.523217960305948693e-01
7.829586074326355671e-01 1.649632048550259411e-01
7.717671042092417721e-01 1.678672109561868686e-01
7.698977857826083682e-01 1.479494285038919499e-01
7.557904183017221111e-01 1.817990996532078685e-01
7.358120060109882843e-01 2.030493441432383028e-01
7.358630113462794053e-01 1.917811071306786685e-01
7.676971857462774329e-01 1.564471341779385960e-01
7.353009626879463134e-01 2.006598769554118478e-01
7.663067843556961023e-01 1.643665840525337374e-01
7.102780838524551665e-01 1.943852393147578184e-01
7.484374661626040925e-01 1.560298165337338228e-01
7.393989734803132485e-01 1.683068483414293937e-01
7.363134696726649775e-01 1.650962445657921940e-01
7.191500302495505981e-01 1.870588807616171689e-01
7.118044679364379235e-01 2.112849830618002411e-01
7.072560610233681322e-01 2.160670148739801399e-01
7.131249943902989719e-01 1.910710363863585559e-01
7.111459499686567653e-01 2.001963145317271764e-01
7.129409560276007696e-01 1.812041808203144755e-01
7.078847239371189870e-01 1.835992216496000751e-01
7.434540180953588262e-01 1.500515468853280132e-01
7.096225419453806582e-01 1.828230904897056863e-01
7.500575435111640488e-01 1.398534559480615336e-01
6.906540990112318701e-01 1.952455306640942800e-01
7.334466233177308059e-01 1.664599601105901938e-01
7.257783653799768642e-01 1.659159959206921997e-01
7.621888611732735574e-01 1.369535882216236233e-01
7.496033162719263343e-01 1.373715830774978330e-01
7.209649286256341050e-01 1.679091307453167981e-01
7.305355999192678640e-01 1.665495889008194452e-01
7.432813922551396724e-01 1.678191440555673042e-01
7.138872824603292866e-01 2.206657767488900412e-01
7.155316526377378805e-01 2.037885158078887871e-01
7.124106682572565186e-01 2.070103054707825296e-01
6.980250122330449170e-01 2.334434874122671977e-01
7.242183835393616320e-01 1.927960950710633226e-01
7.097865834350067793e-01 1.956193787711732190e-01
7.252442136707836218e-01 1.770871883614927589e-01
7.394510323116472161e-01 1.611898038813296130e-01
7.271401963602837082e-01 1.851427493689773718e-01
7.230716363064171315e-01 1.673785821807057261e-01
7.032859485453422099e-01 1.861765831119459591e-01
7.078537055295894831e-01 1.909311103575125623e-01
7.180738990467991911e-01 1.875943441805630885e-01
7.047261744135491224e-01 1.685906928842430541e-01
6.934889760519641344e-01 1.749321643778757041e-01
6.791801546479570018e-01 1.904925652169597861e-01
6.848668269200196557e-01 1.672708642193908024e-01
6.637356139500389940e-01 1.781552371498369425e-01
6.931136800370309992e-01 1.705098628736944899e-01
6.804373281159377118e-01 1.592581931545969387e-01
7.115528746422548068e-01 1.674396469395607323e-01
6.884126145677665898e-01 1.795407611452574381e-01
7.104302789875163171e-01 1.810014428263319597e-01
7.126828210844254885e-01 1.620941026543440133e-01
6.979381217846555296e-01 1.836502435645205045e-01
6.746680048741190427e-01 2.163761547716740452e-01
7.078349506690423398e-01 1.769813145959560907e-01
7.119920213135583209e-01 1.657978994393322913e-01
7.043528730241083169e-01 1.932930337276609900e-01
6.686414378894801613e-01 2.100256157154576919e-01
7.148636532452847803e-01 1.647004419404787257e-01
6.772250908395254232e-01 1.920756016829117951e-01
7.162822676154676493e-01 1.745266428083439569e-01
7.483439372159201852e-01 1.460094179128676173e-01
6.987601299568185764e-01 1.972760019231375728e-01
7.181047888332707796e-01 1.720095153029702895e-01
7.328169025748482168e-01 1.695072963251926523e-01
6.955837847191196355e-01 1.794985771955431575e-01
7.125913927364715406e-01 1.866697675865060524e-01
7.079201486931431253e-01 1.857321901218185189e-01
7.131778626101588081e-01 1.785255742615577679e-01
7.080565265230365224e-01 1.799988614802755238e-01
7.145501272951871874e-01 1.820527359010486734e-01
7.051792137080759026e-01 1.771135468277341141e-01
6.968699570698083656e-01 1.883467638868966398e-01
7.336922322398742313e-01 1.604197702075740306e-01
6.795073506681856834e-01 1.984475437204089310e-01
6.898745648496636962e-01 1.930434785852705726e-01
6.985690544241986988e-01 1.750157964365037788e-01
7.325655618825144266e-01 1.651614531941148212e-01
6.760207305853330739e-01 2.049277224614093895e-01
6.959220421371898890e-01 1.806607584084496121e-01
7.195685590708229551e-01 1.826347199938916643e-01
7.310382861786024478e-01 1.673969126534201601e-01
7.098260213443494671e-01 1.793735785471071431e-01
7.203887479439778918e-01 1.690344244228967618e-01
7.008971465690018166e-01 1.845886094226762975e-01
7.017988165926175581e-01 1.938261307891606111e-01
7.349713013942844597e-01 1.535353640159785871e-01
7.085877823538685449e-01 1.825743317691578549e-01
7.241863682999445384e-01 1.702438072438308136e-01
7.276641603273852343e-01 1.632214205048194700e-01
7.061549680016021568e-01 1.655368020197861001e-01
7.002533901657126414e-01 1.763735018363103424e-01
7.250314181783019674e-01 1.843571467682829368e-01
7.179281477560821578e-01 1.708860312312180385e-01
6.914728706406383374e-01 1.933608482272060614e-01
7.297395600453646658e-01 1.500402700499774700e-01
7.151268352159285691e-01 1.818701861121920227e-01
7.052468783032408428e-01 1.774949686667913196e-01
6.931927638756505416e-01 1.894042023557180043e-01
7.441241209671625167e-01 1.485660276161329396e-01
7.005256820409059282e-01 1.854690151113765340e-01
7.208201096150584908e-01 1.686601569149384638e-01
7.387695281748327680e-01 1.466731903398385273e-01
7.382084855128800971e-01 1.539754840492506827e-01
6.879931293376934098e-01 1.797783954767847303e-01
6.960350661901393288e-01 1.659545921389569967e-01
6.678191458731538299e-01 1.970716824125867961e-01
7.028419864393390393e-01 1.609076125525845113e-01
7.035822855615330162e-01 1.595918989222148976e-01
7.244261195298773437e-01 1.650451438048512742e-01
6.875119899166445281e-01 1.763599232880094514e-01
6.854013365269358005e-01 1.785829142408205950e-01
6.902998302658676089e-01 1.947441206862844387e-01
6.836450977219683534e-01 1.832963315066318544e-01
6.834296391870391396e-01 1.792420318335134488e-01
6.786746553999009057e-01 1.732418438969585972e-01
6.757003861471615469e-01 1.835129595695516869e-01
6.965281586542134695e-01 1.809284940127063868e-01
7.264904042542952300e-01 1.525458136437985723e-01
7.117552711865080539e-01 1.540362917642429386e-01
7.223182135819864458e-01 1.570353321071900066e-01
7.097234944242895027e-01 1.595657823545280352e-01
7.157523119507591680e-01 1.604905776050390698e-01
6.961819800254169799e-01 1.888164660671236839e-01
7.003090489072650859e-01 1.815668491812886254e-01
7.011341211999286838e-01 1.734109679477059407e-01
7.035779997272066932e-01 1.896252148754417610e-01
7.002798086826480528e-01 1.786789482133961104e-01
7.375794734063818581e-01 1.457928542403382211e-01
7.320195642663034352e-01 1.640566232950453063e-01
7.372731058470987087e-01 1.640723319698627614e-01
7.347680348298392117e-01 1.625100886360195673e-01
6.923385765523130120e-01 1.899275490732431348e-01
7.031860399725051725e-01 1.835773840043234961e-01
7.183030118969554456e-01 1.696359228614329473e-01
7.229540217527403723e-01 1.682665369043843950e-01
6.961974411508436988e-01 1.835002044421931156e-01
6.782421538468668132e-01 1.970605581476299606e-01
6.985194794339313340e-01 1.964466216973057011e-01
7.125495126894823006e-01 1.751941778536751371e-01
6.897305852277553218e-01 1.822823621686641415e-01
6.941193380285933801e-01 1.916117020865819309e-01
6.934371706810444902e-01 1.782197700008485153e-01
7.103405773321215255e-01 1.650635910082549340e-01
6.792719395139330540e-01 2.013717400098038735e-01
7.164671339158422692e-01 1.561309237233282909e-01
7.026817050545463017e-01 1.813694114945487990e-01
6.747810619326523041e-01 1.900259404134898855e-01
7.024176812477712639e-01 1.681699103358132719e-01
6.694635177797164660e-01 1.869309211987451869e-01
6.670949459001215276e-01 2.020246700170928167e-01
7.028043109761459295e-01 1.583061976507058322e-01
7.301854741783102565e-01 1.432135729429718785e-01
7.025697228184992760e-01 1.692137051012137239e-01
6.975993622330038946e-01 1.695588258868631903e-01
6.990112038877535072e-01 1.800021558636462071e-01
6.764108675729397779e-01 1.859709676181445781e-01
6.831610194967623340e-01 1.964812237316271859e-01
7.035679691078091658e-01 1.707196673380897978e-01
7.021422481765207113e-01 1.706679281661734326e-01
6.826300358258117207e-01 1.764081982755456302e-01
7.130875312336262262e-01 1.663536648358122927e-01
6.695882282457091828e-01 1.823137498194095096e-01
6.843958383401802514e-01 1.754858599344786552e-01
6.674878167944074958e-01 1.896722477138757246e-01
7.097414330760269952e-01 1.527069687363782069e-01
6.680944090046395667e-01 1.745957994944764280e-01
6.712288881439838484e-01 1.781915357005446343e-01
7.323931531713836485e-01 1.298620950139035279e-01
7.255960716864915394e-01 1.334625144030146537e-01
6.911982784933010660e-01 1.812581551120330536e-01
6.743567885268002549e-01 1.810761028905274739e-01
6.881317966975799560e-01 1.692893287006289049e-01
6.721249532416453398e-01 1.709392625629881091e-01
6.995257588051305708e-01 1.482926966411548808e-01
6.781958455698672283e-01 1.622654606756399609e-01
6.872360780324763274e-01 1.912697386959557322e-01
7.064446260257885024e-01 1.784595773246626382e-01
7.223612859269255004e-01 1.409762667403469671e-01
7.037575824823680826e-01 1.555736411136228181e-01
6.884438088872016914e-01 1.800935696361730121e-01
6.810124438392359814e-01 1.789336709815898818e-01
6.752375275541666610e-01 1.622341903208309455e-01
6.594431867931299651e-01 1.580367304183993848e-01
6.845527380810770834e-01 1.612154434212706156e-01
6.822285344544780639e-01 1.620917808061768661e-01
6.667272776402255463e-01 1.621862846944097936e-01
6.509993459434870733e-01 1.968940505060807755e-01
6.110036789936723611e-01 1.781912803339480711e-01
6.532784243293910942e-01 1.475197851139041227e-01
6.492640521571992895e-01 1.481466424012345129e-01
6.698044625575900746e-01 1.378560156276358584e-01
6.665264869462045327e-01 1.307153873495090490e-01
6.754714286258329814e-01 1.568875512805799621e-01
6.232628515776569289e-01 1.623428918665345555e-01
6.263264439187924415e-01 1.718350650572920135e-01
6.635726482691520767e-01 1.588555351742950150e-01
6.292175506866145573e-01 1.701976173861816377e-01
6.249894978042219718e-01 1.707725029099186886e-01
6.615183160482623892e-01 1.408639641186326952e-01
6.657045147367903759e-01 1.468488631796721622e-01
6.732619862808577604e-01 1.499756250021886117e-01
6.304386850740629766e-01 1.681776142997961632e-01
6.129362161306257661e-01 1.867556565854602557e-01
6.466534580399371235e-01 1.480409810763919087e-01
6.639219768154418500e-01 1.311611022300801788e-01
6.473518348451304805e-01 1.584674882004024066e-01
6.488089963782573966e-01 1.646060450215353910e-01
6.400434759814137564e-01 1.641094811962416633e-01
6.425853883621843732e-01 1.633475158406843264e-01
6.294843277800050707e-01 1.537360451511796677e-01
6.380518031819115699e-01 1.580047078831051388e-01
6.451326602378251174e-01 1.514113910525254902e-01
6.541215292127446901e-01 1.458681075009697070e-01
6.637140108129938598e-01 1.404014671277153403e-01
6.629829781828812107e-01 1.317867781968790064e-01
6.556136603096638371e-01 1.564249125467057633e-01
6.848146311050655743e-01 1.375084138771630327e-01
6.433306010847644751e-01 1.562710088467018643e-01
6.516741277777553520e-01 1.582222781492033936e-01
6.766711856117363366e-01 1.487959674447045799e-01
6.899776038793019595e-01 1.525845404318607323e-01
6.609580837334689818e-01 1.380002087828700874e-01
6.689418167976561858e-01 1.400177329374738822e-01
6.601547852252188653e-01 1.611830643951593922e-01
6.502759572566843005e-01 1.698171555330488247e-01
6.361728451199202272e-01 1.508589143131716659e-01
6.365368707374488011e-01 1.434013806395680879e-01
6.631956031688542863e-01 1.454906091949063895e-01
6.669591554583937931e-01 1.441810468852195992e-01
6.431292558799437398e-01 1.562269142216430595e-01
6.324133689181317131e-01 1.537622386353263981e-01
6.677014072334230832e-01 1.300591695057937147e-01
6.728840294775986219e-01 1.544430875651992829e-01
6.717140758291588742e-01 1.551968225554266889e-01
6.500378442173107008e-01 1.627797914193593876e-01
6.291373601256577963e-01 1.379770498508273990e-01
6.725359671156044827e-01 1.378356109802580942e-01
6.145846201877922521e-01 1.631055069422976400e-01
6.422130261052194644e-01 1.458799728743578883e-01
6.159648409550534387e-01 1.625328348530469813e-01
6.803732646082153446e-01 1.489185294634295942e-01
6.208211488690880131e-01 1.800589295900039688e-01
6.277669134784962246e-01 1.596298016278084320e-01
6.511375014755033108e-01 1.494033010782870041e-01
6.154386815258735544e-01 1.878055833229456406e-01
6.401987397081573272e-01 1.638538987469625730e-01
6.401156635820370866e-01 1.326667904828401634e-01
6.721531358090889752e-01 1.445906987509988639e-01
6.561953148406611813e-01 1.726114619515552728e-01
6.047529036927964396e-01 1.792055776121984356e-01
6.379686354700447870e-01 1.699662825440840519e-01
6.396039775873973987e-01 1.480631359307638117e-01
6.405118651833704435e-01 1.702126288866658010e-01
6.791336019512695943e-01 1.376420173929096269e-01
6.495288173249668118e-01 1.739186948708608405e-01
6.679490875818622220e-01 1.159529119170577688e-01
6.375898315960196738e-01 1.717112291857352258e-01
6.185029060371155518e-01 1.573294689010352743e-01
6.589638255101061270e-01 1.376097074934919395e-01
6.261945485269639899e-01 1.624141655278903140e-01
6.409879701389287199e-01 1.516198043878039525e-01
6.165514117767242341e-01 1.419147937013297833e-01
6.550688085429610119e-01 1.227232122916161600e-01
6.245755773601183725e-01 1.721047966663640238e-01
6.585999666766224614e-01 1.531703760541672510e-01
6.385083908084507875e-01 1.227069596956262276e-01
6.629336084236528981e-01 1.370629391220718474e-01
6.954171861126101639e-01 1.315318258682918184e-01
6.419657209155406052e-01 1.484374353084303988e-01
6.421308784857591156e-01 1.367203837572050495e-01
6.427936263875210221e-01 1.445622085875721274e-01
6.326979314741091320e-01 1.637098309419314501e-01
6.417421218395609195e-01 1.455926112729258870e-01
6.526645070249706970e-01 1.445799743429689310e-01
6.287826902569393361e-01 1.418954522198750123e-01
6.139556718540150060e-01 1.227950531198012674e-01
6.568110096392291153e-01 1.094796173714429471e-01
6.410807571672537675e-01 1.443043386531640826e-01
6.132505708209164963e-01 1.444739373702543517e-01
6.766281833525286116e-01 1.120196435036634186e-01
6.541747175147423210e-01 1.192908592992598105e-01
6.317564704422272692e-01 1.209548940144554857e-01
5.986225895031914712e-01 1.423660123198577376e-01
6.659900859504148674e-01 1.253041612366667390e-01
6.663807871794859006e-01 1.391073487135564835e-01
6.447875151780956271e-01 1.351964303001077783e-01
6.417029186811334940e-01 1.578664627878477444e-01
6.620206109293519381e-01 1.770953797236736460e-01
6.779845295986514087e-01 1.327425456168615236e-01
7.014699289185318820e-01 1.347157600443989189e-01
6.758452245714831053e-01 1.530060638662072980e-01
7.117992323536261878e-01 1.371898549941723278e-01
6.315797071905159266e-01 1.613298345126230326e-01
6.339662239381763653e-01 1.730825079672057565e-01
6.594827484245956439e-01 1.332607733485928203e-01
6.629727777024793101e-01 1.577889340313167188e-01
6.538454907098719682e-01 1.543009896706874773e-01
6.106669854252201324e-01 1.435822578855067144e-01
6.388785375095441532e-01 1.333184958240566931e-01
6.171786811043563636e-01 1.508939267874599421e-01
6.674472802113600167e-01 1.246326564203606574e-01
6.141401202889270605e-01 1.107661567060090890e-01
6.329403438644207736e-01 1.473662328985366754e-01
6.211763007741282205e-01 1.283708321371214989e-01
6.643644928924262727e-01 1.639380749433183293e-01
6.099684909369257335e-01 1.443191109378675896e-01
6.492847126490959297e-01 1.359164864756490232e-01
6.288087655680137944e-01 1.632809215384495305e-01
6.316429177268555462e-01 1.569913087260517426e-01
6.438077568605232726e-01 1.254811420527339183e-01
6.451678404941074696e-01 1.844757792855402090e-01
6.514028117934130835e-01 1.400033424118269365e-01
6.071161430363386513e-01 1.871378637544700574e-01
6.616743448497648394e-01 1.330639161585060182e-01
6.478890096351793693e-01 1.559897658021287548e-01
6.660195945592564115e-01 1.199182287484830273e-01
6.372312940993459796e-01 1.813495513661426417e-01
6.149308228802241594e-01 1.335727098072465313e-01
6.489335796447283089e-01 1.249773596957852312e-01
6.533551274262044961e-01 1.309795888377315587e-01
6.278147730659154879e-01 1.520731046891815319e-01
6.448003520474717698e-01 1.221941789896918429e-01
6.057081189121670262e-01 1.752131841474340035e-01
6.666953887352118358e-01 1.498364874629576904e-01
6.052990330681926601e-01 1.580888781582030500e-01
6.183621408462900426e-01 1.346995889945693803e-01
6.330756278726901165e-01 1.809395953908649046e-01
6.409586990198875567e-01 1.575517099961804834e-01
6.264282113786115991e-01 1.451459218016277475e-01
6.310373657557329929e-01 1.598561035617472037e-01
6.587260795656443291e-01 1.451851947194577608e-01
6.459079164150326458e-01 1.683236082525776667e-01
6.647793189795631053e-01 1.445302745676285139e-01
6.288536540696028077e-01 1.641376580835408050e-01
6.631326844616646232e-01 1.264733838839017244e-01
6.625343352409746034e-01 1.584569111643312767e-01
6.561674973108946318e-01 1.382601876934799467e-01
6.851559964446662931e-01 1.322555097179098638e-01
6.090979467288942795e-01 1.611889946805463714e-01
6.199079087398692289e-01 1.615902411149625351e-01
6.377878490412322021e-01 1.537349088361003036e-01
6.680866704115540067e-01 1.409127721650901555e-01
6.403476898565548803e-01 1.587783690253914970e-01
6.455675026646022774e-01 1.625064508555561504e-01
6.491036330265028687e-01 1.452208045620295707e-01
6.225254348703750384e-01 1.680382071544518352e-01
6.883666060729484171e-01 1.276711776567378831e-01
6.542625655345122304e-01 1.495253286091655642e-01
6.469463752348300067e-01 1.343954595426073984e-01
6.389703489580790263e-01 1.574949163261050722e-01
6.568381690021454222e-01 1.778245422153229838e-01
6.588061843148544927e-01 1.484903345999138702e-01
6.342448474895725496e-01 1.537758103290845779e-01
6.516199111363655261e-01 1.542897840963943223e-01
6.700066570086987694e-01 1.589238797689211946e-01
6.530730731978194870e-01 1.335581494232987998e-01
6.191001766224455416e-01 1.604107085507676389e-01
6.241123845966175532e-01 1.369890066702569020e-01
6.523724863263749008e-01 1.521105326583656603e-01
6.627322209144242970e-01 1.442908209390382224e-01
6.394357706036369882e-01 1.657904192979603175e-01
7.320244122159595968e-01 1.781730374940460326e-01
6.036858015727704085e-01 2.585589692412309515e-01
7.882383827486405536e-01 1.220997417420290054e-01
7.279805061195597782e-01 2.067688356133238203e-01
6.543622922766795247e-01 2.243224983111116733e-01
6.724995001436345765e-01 2.208026484984864091e-01
7.197420907045497529e-01 2.012646793382572574e-01
7.755934013923594383e-01 1.853327562872968681e-01
7.290666618926215925e-01 1.987710648153500070e-01
7.568171288046174894e-01 1.588633348656198763e-01
7.358093615216501071e-01 1.658000099022867990e-01
6.985416716839627504e-01 1.866646506866219968e-01
7.055326865762676647e-01 1.739800110758926432e-01
7.819353042509985530e-01 1.626807124647130787e-01
7.083340925888114148e-01 2.189282156549966774e-01
6.859128159512096756e-01 2.005627356407132522e-01
7.389344880857958708e-01 1.731996698498407816e-01
7.300090965629065787e-01 1.605699405746123798e-01
7.863356509576134856e-01 1.431257914644178952e-01
7.843130388109224027e-01 1.476097883996117799e-01
7.457998214761575317e-01 1.565067390329891728e-01
7.556133875707530256e-01 1.544481265374963164e-01
6.873243722708549663e-01 2.564477039229843824e-01
7.495658072445942066e-01 2.030153549687234438e-01
7.737504064205751320e-01 1.470975421029064312e-01
7.094986750233687189e-01 2.144066136822481150e-01
7.363630216008746343e-01 1.565442082278161728e-01
6.947624596952844955e-01 1.865072669347490053e-01
6.967082083415497840e-01 2.333227955524533326e-01
7.627012915615224431e-01 1.556239364704118389e-01
7.040763405946061093e-01 2.033380080136513168e-01
7.886770845545357789e-01 1.304270004475635292e-01
7.582417658955673545e-01 1.399480065203762003e-01
7.172167487663658747e-01 1.890734664569986567e-01
7.175816893996721513e-01 1.235682848854592064e-01
7.213271934953962017e-01 1.969027733611739550e-01
6.334173859635938708e-01 1.499102486099009313e-01
6.466504364589251708e-01 1.944983144555887944e-01
6.555776133092291458e-01 1.808488446491328672e-01
6.825303818307487669e-01 1.834061855600355451e-01
7.288922472564718369e-01 1.837115352877249919e-01
7.123652017008460513e-01 2.078844210098928502e-01
7.384428519780996680e-01 1.689081493161484482e-01
6.548811997903755122e-01 1.968638880947771175e-01
6.434837869789925557e-01 2.589131229068298290e-01
7.198337506047076673e-01 1.010945630705322174e-01
7.052627565915471353e-01 1.729971332676055462e-01
6.913228927854724315e-01 1.018556326430236914e-01
6.680071315225221129e-01 8.403912343610878133e-02
6.808133374757574519e-01 1.323093161407586926e-01
5.923541187442612488e-01 1.413863942843767429e-01
6.064886137656821941e-01 9.997774517048012288e-02
6.461697602918363703e-01 1.649323643459135180e-01
6.758079382403914259e-01 2.166921971035102590e-01
6.513078363908991752e-01 1.837030131309708159e-01
6.167548680929919591e-01 1.288819091937298267e-01
6.587414618608058436e-01 1.835090159289381462e-01
6.521195958180083796e-01 1.898170724662132380e-01
6.370410487379027931e-01 2.166798364295992596e-01
6.003585941545470650e-01 1.817008909171048125e-01
6.300045728694991798e-01 8.315448266798719512e-02
5.786779455492895297e-01 2.495369727296930240e-01
7.163960516604417350e-01 1.717085570806981543e-01
6.312627078343047149e-01 1.557565982584731834e-01
5.697203127126820865e-01 1.882826416202224851e-01
7.107533522921783975e-01 1.869601344173874302e-01
7.061748565716065018e-01 1.771827037436130847e-01
7.174432170416579213e-01 1.524493825929890412e-01
7.900750442179185207e-01 1.310690116254684678e-01
7.098662938253166299e-01 1.238650088266890492e-01
6.926118310884488150e-01 1.803456687101399059e-01
6.580453854740512254e-01 1.626133690256422737e-01
5.809622794122124567e-01 2.605690611723036065e-01
7.313403522093612219e-01 1.313326028593560235e-01
6.544900457701794405e-01 2.005074621675159707e-01
7.059885027576321415e-01 1.602164567707655696e-01
5.739471174531818320e-01 2.018275905260603631e-01
6.678397305978075460e-01 1.510079788624248409e-01
6.481654762467938813e-01 2.025796356052338432e-01
6.853029036045925615e-01 2.173707895644297339e-01
7.058910093650807571e-01 2.262871370396711823e-01
6.394734229787129021e-01 1.750127418524210776e-01
7.476265126704919606e-01 1.650670581092048561e-01
6.203152956302757648e-01 2.066419222954109514e-01
6.474165913426073171e-01 1.638636038745630297e-01
6.408090267946540131e-01 2.442457930500013252e-01
6.657056541700004937e-01 1.714506607075060585e-01
7.083465333334679759e-01 1.463519124931115245e-01
6.979495483858769722e-01 1.270899360219147622e-01
7.162625476470217967e-01 1.395691865826946543e-01
7.051070318114194269e-01 1.993994081289419684e-01
6.985516486320333396e-01 1.830164412857963052e-01
7.351811295604656626e-01 1.356086876149541764e-01
7.207632459409023529e-01 1.317451581116728665e-01
6.044367365018239457e-01 2.475587619215710855e-01
7.108982916312509559e-01 1.151929883689545436e-01
6.626435174821606600e-01 1.980758692088359640e-01
5.779253217455393443e-01 1.946185143477500989e-01
6.835950518629826389e-01 1.495699758859746487e-01
6.041133568805416854e-01 2.039580273283373435e-01
6.796554337085898290e-01 2.070109001453273312e-01
6.990119113860329136e-01 1.811827802369633811e-01
7.715442483384028494e-01 1.832400259296345091e-01
7.984020756807469477e-01 1.094224582932193934e-01
7.151230279906360954e-01 2.614355650539333942e-01
7.290633744949684969e-01 1.376637526268862655e-01
6.894101425248996273e-01 1.212618249258081010e-01
6.658067222004759866e-01 2.234079876036918766e-01
6.238721133157145715e-01 1.708258140817053850e-01
6.709546793955747379e-01 1.309198006372699619e-01
6.401690532531343347e-01 1.529105364178593440e-01
7.150413967652715641e-01 1.763641614407121805e-01
5.979528331768991789e-01 2.104595831428494879e-01
6.880705455537569071e-01 1.324575061757586603e-01
7.209749070074973343e-01 1.752225323964630155e-01
7.386333260678099588e-01 2.069451036860225357e-01
7.519350755632614458e-01 1.768549073090202040e-01
7.886513619693527044e-01 1.645185284840747220e-01
8.254718309466506643e-01 7.305526068619019875e-02
7.485652006362430999e-01 1.606922141788496572e-01
7.626498678324049596e-01 1.987425368442794493e-01
7.162768189891854931e-01 1.640030087642157519e-01
7.802746383591334656e-01 1.347746530287418087e-01
6.934428343919044613e-01 1.841239245636672739e-01
6.719989961942511858e-01 1.287193541457609391e-01
6.964112627942677936e-01 1.376665568287963881e-01
6.771905284000698799e-01 1.739041709542319680e-01
6.711111925144511714e-01 1.389747149499988843e-01
7.027574128851078461e-01 1.885698174957848028e-01
7.085371871752852435e-01 1.719463442003390519e-01
6.392972606169667893e-01 1.715854109682835860e-01
6.615441291202598384e-01 2.032029029758560257e-01
5.651224953399005546e-01 2.106196698450904792e-01
6.193324589391623336e-01 2.174939283889120167e-01
6.007178528605443546e-01 1.963839513394529945e-01
5.841836926427992349e-01 2.308324849489951924e-01
6.406471187188397254e-01 1.960602512361843963e-01
6.355563671758173161e-01 2.394972067181626585e-01
7.197047865751053930e-01 2.586827615660531876e-01
8.289112904053321795e-01 1.592542230626543265e-01
8.193552544325679587e-01 1.304405476229971717e-01
7.807663268877276241e-01 1.524502958421407872e-01
8.498477617171165122e-01 8.771395482885227524e-02
6.229055123425426554e-01 3.030519284421440696e-01
6.507709920295168260e-01 2.403524509893200101e-01
6.825307910583389148e-01 2.055905972215482103e-01
7.202988333277742239e-01 1.720977566767760147e-01
6.755149482810678396e-01 2.235770266594288569e-01
7.349245516870618333e-01 1.598837817920342463e-01
7.783829423364992950e-01 1.349637672476333428e-01
7.607620733157504089e-01 1.809751061359466950e-01
7.922422822796386654e-01 1.098498783261839667e-01
7.568589333378544781e-01 2.095599198905462035e-01
7.599443593719003021e-01 1.665371819096427564e-01
7.439296152912835414e-01 1.637754438633383380e-01
7.825019144199208965e-01 1.362674697676460045e-01
7.226755350569967762e-01 1.713726727750282952e-01
7.880108080977992202e-01 1.227957147057991694e-01
7.187465375829996672e-01 1.796453233379000369e-01
7.241922598996746174e-01 1.765229933506761995e-01
7.260150263971121287e-01 1.786001263012521323e-01
7.556151310448975256e-01 1.584610659802717370e-01
8.285742493631202965e-01 1.349709611490173822e-01
7.709052581892382738e-01 2.111550242882588024e-01
8.290472727148614496e-01 1.193474540976093151e-01
7.722076444753821489e-01 1.429087926143659537e-01
7.613835691323620480e-01 1.874198104092016093e-01
7.205414901957404306e-01 2.069714662170889230e-01
6.617733797386222694e-01 2.321200285408338282e-01
7.072842469346939387e-01 1.910896529886687290e-01
6.981759054942783260e-01 2.332471720162443141e-01
7.175776314243412779e-01 1.791128219811488065e-01
7.799060263028119167e-01 1.797952987947624703e-01
8.398581508623603753e-01 8.218115908111509049e-02
6.779724663707037413e-01 2.991096951160470696e-01
8.180531203810892382e-01 1.340617729296415539e-01
7.628863889473220805e-01 2.036173112707804489e-01
8.470434004574460829e-01 1.264573699739253709e-01
7.215123249884705103e-01 2.514469864606183047e-01
7.650982948599296396e-01 1.402299195921795638e-01
7.169592291135198359e-01 2.787693865811730620e-01
7.514632022809920597e-01 1.466687917688987985e-01
7.683092841331519152e-01 1.716839045047295065e-01
6.620216645438672387e-01 2.334836165023048415e-01
7.127228445882642927e-01 1.827088399697769927e-01
7.034078992549568365e-01 2.182331996993967793e-01
7.595823754510443448e-01 1.771402585687621156e-01
7.353426147076282948e-01 1.660710771110061046e-01
8.314179772123477807e-01 9.616727010213768634e-02
7.760597158630140324e-01 1.913111785158666811e-01
7.735925011649691374e-01 1.723538301014612140e-01
7.190776308515283155e-01 1.870460322499886419e-01
7.405929576600112085e-01 1.616041971527911181e-01
7.560392029855722562e-01 1.448625541889221324e-01
6.978850961290679056e-01 2.007513101585153004e-01
7.611349181593392021e-01 1.493933821998924549e-01
6.875909709294324434e-01 2.070468078079569507e-01
7.912961238236563277e-01 1.184005553766327018e-01
8.019995843085897524e-01 1.392484524077057806e-01
7.615020450321380308e-01 2.261299373143543789e-01
8.001683350021689956e-01 1.591133795048026156e-01
6.912630573063588413e-01 2.076088861056722690e-01
7.172169458706083578e-01 2.584072694150459371e-01
6.977669630504108600e-01 2.125558793020624893e-01
7.570423412943864117e-01 1.538817586113849500e-01
7.362171540381462487e-01 1.777219435142920190e-01
7.933788080500339124e-01 1.355454462008470196e-01
6.600079688491937713e-01 2.730010604959149934e-01
7.255813801745683023e-01 1.226976147764301112e-01
7.307749396906209061e-01 1.776305877337072681e-01
6.990468579569932839e-01 2.043058916799183333e-01
7.123016375278187207e-01 1.988031290143462970e-01
7.534146414936701008e-01 1.725858135958777406e-01
7.135058686971420538e-01 1.542859709563561832e-01
7.818944665188511944e-01 1.392591950910530563e-01
6.343583165065569407e-01 2.247077743606597788e-01
7.374729865101958826e-01 1.253266054661708317e-01
7.163688770548044538e-01 1.649656044044832126e-01
6.398610541726016399e-01 2.399039846113803776e-01
6.746186672005396456e-01 2.214923470954856533e-01
7.285553709085084151e-01 1.490140804908089145e-01
6.796060351209979311e-01 1.789201571987705797e-01
6.608248053430244573e-01 1.704247765986641461e-01
7.384094093844240092e-01 1.667796724870174163e-01
8.016154667337666018e-01 1.453904273308849193e-01
7.628566908306119165e-01 1.461588650277408918e-01
6.715494960261715329e-01 1.657791247168778348e-01
6.946282371487819685e-01 2.054665495526459829e-01
6.873110084991930213e-01 1.338659643763698559e-01
5.396262153820934326e-01 2.479840542456553942e-01
7.057218973641962156e-01 1.481181590368468304e-01
6.588647584039267757e-01 1.720441526345396210e-01
7.053682079625576140e-01 1.457090501828943452e-01
6.302300649679649647e-01 1.954740949510692938e-01
8.032932132398571401e-01 1.465480264467629024e-01
6.457045194593387105e-01 1.626932340610622030e-01
7.383215396969815547e-01 1.435369132640221257e-01
6.233358997133531254e-01 1.690050605618099722e-01
6.950724772805243479e-01 2.324109138950055109e-01
7.759741661297991921e-01 1.464352385035262161e-01
7.069768493950325805e-01 1.389127540900103874e-01
6.491527471459895837e-01 1.709647636775710744e-01
7.488638811252934513e-01 1.411904827977834564e-01
7.234285993138700466e-01 1.685573845669517123e-01
7.022253669000024789e-01 1.254547948492856224e-01
6.527564211014063034e-01 1.625821515670342887e-01
7.582705276032957187e-01 1.485651262388900384e-01
7.203688734990713050e-01 1.412314448653067822e-01
7.036056903073191204e-01 1.635079672590693811e-01
7.721672249746849293e-01 1.867813167971662247e-01
5.762889172900514945e-01 2.055465832055970998e-01
6.952251007398972948e-01 1.813220011573059565e-01
7.107801482124296300e-01 1.919209901257823703e-01
6.583888606019945300e-01 1.969330991830916811e-01
7.885097360727740812e-01 1.023477129132488589e-01
6.810702663607003382e-01 1.532936784100484839e-01
7.343360890903815053e-01 1.671687843766975490e-01
6.058840111304932829e-01 1.705885946151629862e-01
7.673973993045881681e-01 1.461901187274976532e-01
6.485038416261752481e-01 2.511924212765904163e-01
6.357826185016444143e-01 1.177489845537663393e-01
6.891332653892089377e-01 1.473412531403217318e-01
6.239964246026852290e-01 1.570334139378679328e-01
6.306093309765605781e-01 1.150140160106328246e-01
4.616241472680370217e-01 1.370907722251735184e-01
6.317441898275742984e-01 9.232225734661006489e-02
5.839200710994341126e-01 1.090089191552777725e-01
6.051865877642347291e-01 1.783673459997052457e-01
6.010653444694458170e-01 2.020840607668930311e-01
5.912772525424296877e-01 1.210029277627685390e-01
6.259865583759538499e-01 9.923578014641712408e-02
5.707417945492710976e-01 1.329325168803255075e-01
6.907212608373634044e-01 1.696819485742906697e-01
7.400376908903617545e-01 1.572805887751042853e-01
5.678209324204166464e-01 7.339909412710575454e-02
6.405263140755682594e-01 8.739939053921380596e-02
5.368683896140259426e-01 1.395477503664100671e-01
6.476116619490182025e-01 1.576641986200673640e-01
6.763074129962199921e-01 1.916873106421240758e-01
6.944613501073465534e-01 1.179266142722308341e-01
7.161918013597767807e-01 1.188882527620217372e-01
6.770684513542828409e-01 4.360248511052015885e-02
5.897505235299556059e-01 1.550142431591414460e-01
6.317894592344782678e-01 1.805153143654550929e-01
6.250619033527810009e-01 1.619784398781208834e-01
6.950294936814026547e-01 6.509134577709489722e-02
6.489110728745428602e-01 1.788230908253511109e-01
7.076957034103183997e-01 1.676170504741790190e-01
5.793192695118987157e-01 1.473393658349124447e-01
6.209220578804269808e-01 1.837224460841613838e-01
6.509761034985072081e-01 1.000251904656669077e-01
6.183661319346542840e-01 1.395243011105282982e-01
5.874012850906504823e-01 9.628479386551479224e-02
5.878256302937870936e-01 1.212025088171674869e-01
6.581750909064216781e-01 1.673931704867386572e-01
6.727198475850111326e-01 1.262960554819849979e-01
7.470396206888791912e-01 1.795637283082385793e-01
6.116437922977402408e-01 2.096134382585561340e-01
5.805564447351700963e-01 1.968039367601862877e-01
7.270351694974352963e-01 1.306429586457413528e-01
7.270799221434528503e-01 1.286485932310769131e-01
5.891618963578963974e-01 7.732778224431456626e-02
7.418705203350876021e-01 1.678569355158572030e-01
6.436309407989375675e-01 1.297361195786601584e-01
6.201641141298623872e-01 1.009901403600243081e-01
5.853094743566251701e-01 4.142527302174289772e-02
6.801881695125100435e-01 1.669410339725246328e-01
7.965307715874264671e-01 7.209537397859777652e-02
6.605354290887603952e-01 1.283804625101480634e-01
7.066300799219855655e-01 1.263004317370984564e-01
7.555740369139677393e-01 6.282821606871723252e-02
7.027488874714059586e-01 1.706689688464045340e-01
6.818007107088106533e-01 2.173387596073283190e-01
6.153180882231336080e-01 1.121569702579935240e-01
5.041942525563694044e-01 1.146551414713249673e-01
6.980412724271611857e-01 1.939101313808181681e-01
6.625695091356847977e-01 1.457223757591746272e-01
6.926891469612524999e-01 1.391479236613623327e-01
6.452013598122434690e-01 7.474033055433743078e-02
6.470929608070952188e-01 9.554761335183308002e-02
6.811877879988738060e-01 1.663761925750855963e-01
6.979371514541101718e-01 1.188135456138961488e-01
6.730345985429690980e-01 1.651312420893101818e-01
6.307837012370680618e-01 1.080883001862625176e-01
7.484553181171428315e-01 8.321767100120525118e-02
6.682406100825891704e-01 1.051263205280732610e-01
5.256987764312328615e-01 7.937169564234285157e-02
6.892570167073776011e-01 1.839186209687667384e-01
6.670664037178053452e-01 1.724725075487216208e-01
6.794337108475307918e-01 1.084422907257698299e-01
6.256744103432156923e-01 6.498661589086784929e-02
5.909623915677499895e-01 1.370997142380745992e-01
6.423496024255086478e-01 1.956860156187925082e-01
5.972450578786164810e-01 6.730492803337731478e-02
6.323643459898080632e-01 1.967297672245121587e-01
5.647114617895245825e-01 2.157223709394300859e-01
5.620294644145075180e-01 1.573613036894523087e-01
5.758101484272037940e-01 1.059990298699854533e-01
6.005523388093328974e-01 1.843426960387549163e-01
6.771969041499172892e-01 7.808539359655825018e-02
6.290460721602766370e-01 1.571007497476689385e-01
6.656851930572408316e-01 1.855319511396150978e-01
6.389895818762857393e-01 7.550233461053418305e-02
6.231626620755928991e-01 1.595243449826975746e-01
6.998259494915617385e-01 1.680152560992164978e-01
7.078468993420595767e-01 1.126484681827630008e-01
5.364014799804364131e-01 1.213054771838730644e-01
6.304048841134861636e-01 1.631683438326907987e-01
6.312350324233346743e-01 1.826130018559750379e-01
5.368940662786499951e-01 1.312686135992811587e-01
5.983587595706555406e-01 1.818237591971900713e-01
7.115573353640829435e-01 1.231638141266040293e-01
6.099117048843363253e-01 2.779381353848205810e-02
6.901832977740137709e-01 1.488183457510516838e-01
6.848689794151756605e-01 1.260840601283546580e-01
7.159948124439303729e-01 7.538223139773131409e-02
7.508387499825145417e-01 1.386622826744274006e-01
6.630690215617024430e-01 1.857683474494490616e-01
5.910413173874475845e-01 8.323684566688017983e-02
6.825053788644679376e-01 1.571373300516000771e-01
6.595015028480890606e-01 1.817526488846578081e-01
6.527845680357121649e-01 1.491364955136784132e-01
6.698495531765739086e-01 1.089872515707791673e-01
5.780030396855136976e-01 1.420244565694868677e-01
6.205971489576517230e-01 1.164323588004915894e-01
6.843185821392796520e-01 4.255976566712473680e-02
6.213429538359120929e-01 2.128648868357556068e-01
6.328589060669289612e-01 1.367942168412809856e-01
7.198594497077164256e-01 1.258565705180018646e-01
6.650185067252080140e-01 1.786267323738971458e-01
6.524660121227181531e-01 1.287789214579385944e-01
6.354455748008759342e-01 9.159388068198387467e-02
6.839013900102884902e-01 1.252655663593487956e-01
5.534022743352217111e-01 1.342094906160167245e-01
6.463979161267661144e-01 1.561471164405850709e-01
7.072191896998800686e-01 1.485863868211295402e-01
6.005038073799694454e-01 1.058005924520480645e-01
6.394233427097395506e-01 1.625137732241408450e-01
6.423540996572856265e-01 1.040328744515404691e-01
6.561453588915215906e-01 6.607135215527033811e-02
6.580395862360852721e-01 1.300367977160386823e-01
6.676711935410117871e-01 7.890213728602914200e-02
6.931412986863051406e-01 1.200564570222308336e-01
7.198876182367699439e-01 1.268496919633823605e-01
6.820190711638256520e-01 2.142647247690116219e-01
6.228155591358579546e-01 1.423860435567695371e-01
5.829908241889761866e-01 4.751646315280846911e-02
5.990815741749602186e-01 1.107495448047654957e-01
5.551954049272465053e-01 1.730875929900811960e-01
6.739765990915164151e-01 1.341680170037168607e-01
6.691167726734136290e-01 1.654951323577155409e-01
5.910152987907342226e-01 2.286492100011636441e-01
7.897437583316005982e-01 1.228534701510904520e-01
6.877290418757918689e-01 1.851392364534603652e-01
5.554947444653033362e-01 1.497212790754734180e-01
5.824039057940033626e-01 5.117151144411744706e-02
6.965841972811890326e-01 1.501140555889123596e-01
6.157737132300140637e-01 8.445481159266926552e-02
7.558382987783012208e-01 1.270571169065307648e-01
6.174225824662784579e-01 1.798039535881396644e-01
6.082530289885050845e-01 1.151384537766158844e-01
6.294116452063083234e-01 1.120728916150721260e-01
6.602170746762787701e-01 1.786593544799275346e-01
7.027722434087830816e-01 1.419026022239851248e-01
6.775458334386075254e-01 1.769946738890573745e-01
6.057146811279932042e-01 5.004069762897628976e-02
6.841010868777106513e-01 1.350426120570591970e-01
6.733178524383599539e-01 9.694967808133304887e-02
6.758965252561879300e-01 1.702173974588033767e-01
6.146992679953258154e-01 1.967000303836861641e-01
6.827882696489733227e-01 2.244502038305969394e-01
6.308778661268059640e-01 1.310720096125660983e-01
7.021957195955129682e-01 1.351718655297982907e-01
7.226290207844074942e-01 2.062904292450805366e-01
7.294901875114667700e-01 1.698781171065087414e-01
7.051261543355800132e-01 2.278988607265695909e-01
7.160542488079651990e-01 2.643639110026992367e-01
7.147004441034796596e-01 1.520671633185275706e-01
6.854775683965591559e-01 1.899283077610438020e-01
6.542281756110788216e-01 1.242064445030170994e-01
5.141429072240517595e-01 1.551368403913475913e-01
6.206696176669710407e-01 1.580134020351996460e-01
6.358759618995599716e-01 1.589944611826325793e-01
6.665762222178002183e-01 1.157621050603360596e-01
7.303605015274224899e-01 1.576826949837553116e-01
6.636440693868373986e-01 1.718202946071182569e-01
7.362080846446110716e-01 1.289934283437506601e-01
6.776837094468947109e-01 1.021428341683464358e-01
6.950170551954203413e-01 1.521567190008681070e-01
6.400605404496257922e-01 6.829174267816780219e-02
6.850754211941467720e-01 1.292412234733648357e-01
6.634891484568894438e-01 6.217445039343459656e-02
5.052074504484219686e-01 1.953399403252574218e-01
6.335660257885088464e-01 1.857235511254337890e-01
6.694364118571881628e-01 1.801998231199385403e-01
6.902764123986442346e-01 2.214187352646931062e-01
7.038639094127222551e-01 2.244091804726334460e-01
8.512604532958535364e-01 7.378124642985016413e-02
6.938307522779202374e-01 2.001332348110779757e-01
7.687852198467709508e-01 1.616720160673773554e-01
7.199338744128033207e-01 1.692726569529764691e-01
6.942390324184766204e-01 2.226743776027608479e-01
7.218539350038157831e-01 2.403734763138176134e-01
7.561462985099811629e-01 1.630692364366662095e-01
5.828807892275272851e-01 2.137951398013348270e-01
6.380567401488030921e-01 1.654747430867752334e-01
6.449721591004579091e-01 2.435423445260004871e-01
7.178339584746840085e-01 1.983906744780389586e-01
6.304141508432576924e-01 2.098315251884892985e-01
6.649323449090762672e-01 1.630582326122472503e-01
7.558041678309347366e-01 1.410707206948342285e-01
7.210423726726283844e-01 1.480521205427260678e-01
7.331258850519344339e-01 1.632551464196664581e-01
7.442989162022918270e-01 1.706889477290154111e-01
6.871508404503003931e-01 1.965906961679887988e-01
7.220045105654115947e-01 2.133773975199454442e-01
6.076404536836282899e-01 1.961107504260206913e-01
6.499434523630199800e-01 1.681631267004442820e-01
6.571612902179496674e-01 1.686952045215431295e-01
7.291634724557101155e-01 1.834437318968582253e-01
7.809946823764454260e-01 1.630031725188309522e-01
6.603225036938011883e-01 1.725117679162390671e-01
6.957624909763240328e-01 1.879998578892374816e-01
8.176928536562838579e-01 1.055096544706482647e-01
7.629972433510985308e-01 1.713719551695831456e-01
7.449318105071232043e-01 1.568189953117247737e-01
6.000101235976249558e-01 2.089192748408209011e-01
7.364143254828141583e-01 2.304628849251273148e-01
6.269397629198427691e-01 2.161178422344178507e-01
7.302292157306486953e-01 1.530157582050257759e-01
5.702110191455542765e-01 2.566197061285195868e-01
6.884825944355331684e-01 1.734583688441902471e-01
6.861187646517012961e-01 1.599972500277857812e-01
7.574546406184738956e-01 1.515039067589252775e-01
6.768705791721179033e-01 1.882151067472336292e-01
6.830144009881518041e-01 1.469321955903660493e-01
7.387922765957758431e-01 1.535428620320956616e-01
7.023716878649869377e-01 1.530799872239823889e-01
6.228059386561939359e-01 2.600557725979177337e-01
7.544782110968284439e-01 1.468401830687524334e-01
5.678730161497858031e-01 2.784076980373660359e-01
7.205456602047879411e-01 1.449618809087740712e-01
7.563523215449833303e-01 1.720742610074355305e-01
7.090687407714257873e-01 1.540477155948554167e-01
6.728504562158937885e-01 2.072640453262861726e-01
7.088332878551565353e-01 1.776965765712195666e-01
7.563151770530477380e-01 1.471279993061841984e-01
7.450359426165913401e-01 1.164530799613901352e-01
8.526825187395667971e-01 6.927609051791169814e-02
6.301353457698452010e-01 1.741786487914443182e-01
7.191452850702774180e-01 1.784993798547115651e-01
6.842586559486678599e-01 2.565405708423190712e-01
7.131134639955177823e-01 1.729931808998708131e-01
6.441296378144178991e-01 1.734954222797907564e-01
6.656432557253370019e-01 2.303881771101626286e-01
7.510551430343512802e-01 1.706001257374650248e-01
7.537391542955516055e-01 1.490427967266785281e-01
7.245593402681070883e-01 1.864316560660877753e-01
7.098470418462509146e-01 2.596770120721861863e-01
7.235219533106709289e-01 1.738345205744423749e-01
7.773532823039136508e-01 1.895950077157279035e-01
7.361949889557101168e-01 1.624852590830766497e-01
6.638354752337100040e-01 2.116998161373240817e-01
7.562712312799223513e-01 1.828078658700637293e-01
6.060921534957608436e-01 2.073357639312869705e-01
7.416981155700371753e-01 1.513755788654385648e-01
7.337781052241452162e-01 2.151079806351695045e-01
7.207967183057517602e-01 1.703461617974234565e-01
7.085832412107013756e-01 1.599046080527327940e-01
6.077702854583139080e-01 2.795636177275352408e-01
7.537704299831082810e-01 1.498066638790067906e-01
6.771662221718579566e-01 2.094205829739293201e-01
6.812531657781265571e-01 2.347684584904447813e-01
8.162098058623186159e-01 1.611405733465834378e-01
7.066216842467545334e-01 1.520683111305337620e-01
7.483301865512947959e-01 1.606584314480375142e-01
7.470851470834858343e-01 1.477307625088307708e-01
7.275954188002483614e-01 1.770101092790026531e-01
6.545749712902523276e-01 2.040149186510474000e-01
7.273240775056269980e-01 1.577753704235917709e-01
6.649195882392251455e-01 2.169058413131360052e-01
6.884630707445357212e-01 2.486377113659427596e-01
6.384427793068245816e-01 2.432277237912711387e-01
7.701110999500990761e-01 1.438420315258555071e-01
7.313972370509229659e-01 1.509182792409104190e-01
7.327343503443881634e-01 1.879076379702479260e-01
7.488329772321574707e-01 1.868134279546996845e-01
6.997881053219295877e-01 1.651753520291435740e-01
6.653853050372073863e-01 2.446710207135569248e-01
6.967690208963219778e-01 2.251860539091911639e-01
5.837194450008950097e-01 2.131778313352236387e-01
6.562193835026831623e-01 1.117461989100759084e-01
6.415700213794776063e-01 1.686672062661408178e-01
6.626079417095189772e-01 1.372101802992378161e-01
7.082435466803395085e-01 9.942127885058581194e-02
7.096496753597099083e-01 8.162457885405832725e-02
7.363253617966238895e-01 1.238258921196644102e-01
6.314004652633339321e-01 7.775542993267328673e-02
7.772773559056707082e-01 7.000972002681461748e-02
6.517941582464714667e-01 3.801059140776704565e-02
7.862139595340160714e-01 9.698232507711009032e-02
7.310258999571527250e-01 1.560184779378429587e-01
5.921183330995227756e-01 2.061232422073874526e-01
7.152165381520787513e-01 8.945766204656288578e-02
6.157988968220214909e-01 1.700723387069893455e-01
6.291854180566371912e-01 1.280658778592438374e-01
6.255197786918874625e-01 9.622072017685751044e-02
6.362386212718316170e-01 5.095956892603092925e-02
6.917753430284157012e-01 1.149849308303876189e-01
6.995665317953742024e-01 1.460906082592741129e-01
6.313765271726448081e-01 6.237672336178146093e-02
6.216535033117597253e-01 1.141764404386671483e-01
6.333471306593763117e-01 1.902087100502458938e-01
6.653298349925522714e-01 1.525986978583831477e-01
6.295122160993320559e-01 1.774625476002212321e-01
5.785352503031935267e-01 1.356930172854765304e-01
7.323356831830073466e-01 1.544187680783048466e-01
5.490461736680367633e-01 4.338539241247217626e-02
5.952792307030082553e-01 1.794288277094838457e-01
6.146691010439149228e-01 2.478281429951173787e-01
6.946589447406505968e-01 1.749771889901892974e-01
7.319137211391322229e-01 1.135818596603370978e-01
6.337430442901483829e-01 1.413500965354782535e-01
7.078194494012723936e-01 2.065410217658674163e-01
5.585839174760237613e-01 1.599554229014845397e-01
6.896605174090286727e-01 1.856525217068959732e-01
6.957781321384273188e-01 1.408881206331600855e-01
6.377930787165343451e-01 1.278381513024402505e-01
7.097119670117202350e-01 1.377877598149162552e-01
6.280036897339114077e-01 2.266143909109896715e-01
6.564596291938177286e-01 1.783971266631076968e-01
6.470755621450675621e-01 1.195406818543994637e-01
6.704085228371043925e-01 1.130495174192332891e-01
6.438553040815007122e-01 1.167726698981033095e-01
5.882036006790701821e-01 1.810860727270922343e-01
6.731352802272719815e-01 1.374485680207809535e-01
5.089804113761152715e-01 9.810056077653483975e-02
7.022554179209795633e-01 1.227991054116778780e-01
6.498164362680098893e-01 1.960361917235434459e-01
6.654005266531621832e-01 1.458480097977926937e-01
6.509259779249669808e-01 1.300747299913618815e-01
6.264810905136294350e-01 9.739916126741994529e-02
6.446558412668348392e-01 1.648274689976815810e-01
6.780558683556049404e-01 1.396954500643969310e-01
6.476749832733064149e-01 1.690296088664518248e-01
6.630737453711044171e-01 1.285537196717195241e-01
5.375164271536471139e-01 1.023403645583281230e-01
6.949356527273113926e-01 1.396122156905636735e-01
5.963557809697663803e-01 2.161663555821654870e-01
5.675656757742866265e-01 1.720851147701288331e-01
6.794044006344550635e-01 1.694475639449636861e-01
6.157436901272570484e-01 1.522280166250081779e-01
6.036235041240771704e-01 6.682807831978015978e-02
6.663176362719865908e-01 1.810630272896424642e-01
6.210723244783675767e-01 2.367431310415440415e-01
6.431183737076994200e-01 1.090831308237520531e-01
6.741784160443695662e-01 1.966851451741862544e-01
6.858825284229493890e-01 2.001648781452352033e-01
6.376426624549340616e-01 1.897387502847689977e-01
6.764073763000294504e-01 8.702369018463979033e-02
6.677701875818844446e-01 1.886529943989590508e-01
5.697860731919736077e-01 1.708769804786908764e-01
6.076923630836262857e-01 6.232346324152620437e-02
6.374754067678399805e-01 1.569703781980102408e-01
6.386924233876510870e-01 1.446819473732523786e-01
6.279021464212481973e-01 2.641485190599674945e-02
5.609219141233806605e-01 1.824553809993649245e-01
5.128309754583790792e-01 1.934792616608708715e-01
6.891945942894011079e-01 1.307060771278989453e-01
6.412300219127200496e-01 1.389625674998866967e-01
6.042790468907165424e-01 1.727182174441299067e-01
6.437261406950899323e-01 2.030325312106098234e-01
5.618363725293942235e-01 1.086810425363184118e-01
6.275106458510623098e-01 1.847797040978863548e-01
5.966474698860280146e-01 1.752058862841580356e-01
6.359120967561737725e-01 1.676458991023969114e-01
6.363054779072260247e-01 1.849917542097261891e-01
6.543488474588462500e-01 9.151841208348238110e-02
6.330260767936495281e-01 1.494620102997175071e-01
6.653281466313829551e-01 1.002155196443594576e-01
6.503766183920136612e-01 1.309072535420597594e-01
6.309698727658192841e-01 7.578911783980860073e-02
6.488032803378934732e-01 1.973495278324536861e-01
6.349207791117417177e-01 5.579870486378001038e-02
6.293324270732635339e-01 1.894584146990876128e-01
6.909757589282408130e-01 7.743437313109520492e-02
6.903049061591810531e-01 2.047148500966534945e-01
6.268774746342591353e-01 1.878755561788763295e-01
5.728223386977528975e-01 1.198974418559383137e-01
6.277733940238421351e-01 9.978298381099996728e-02
6.912152678007456030e-01 2.027686427404446212e-01
5.860427346840512142e-01 1.497512423026771400e-01
6.898248357023148980e-01 1.515844761549610398e-01
6.555722264575205571e-01 2.427205265406893742e-01
5.623155012168462585e-01 1.361236775742924732e-01
7.636562326379235932e-01 7.833219925730067201e-02
6.112369671834716467e-01 1.599252045821927259e-01
6.840111989096777645e-01 1.297242812598143891e-01
5.848622804720126078e-01 2.030869638818631473e-01
6.356049235441758594e-01 1.680570018009276967e-01
6.585546050358135339e-01 1.245257197437937280e-01
5.783496822429523565e-01 1.255821054677184745e-01
6.304717849716138245e-01 1.806152655276408725e-01
5.776180872661316190e-01 2.072046215086994214e-01
6.541174061360202074e-01 1.892498517397989966e-01
6.613081057370233662e-01 2.084666806668900862e-01
7.222688936469485732e-01 1.070987504609615393e-01
6.391963326191997252e-01 8.718135879927653431e-02
5.971453311839587386e-01 2.051830161617605730e-01
7.312280857261646005e-01 1.366251997685994923e-01
5.210293859779433490e-01 2.503235755297336662e-01
6.141333477713765143e-01 9.193213652071868802e-02
5.888119519813141967e-01 9.740152212977346013e-02
6.984926696748052777e-01 6.688357190793040030e-02
6.619271781452666925e-01 1.916016595065140882e-01
6.860512091967934101e-01 1.218507955628526235e-01
6.978852659754026799e-01 1.483785978244309134e-01
6.657223304993441504e-01 1.072227189310803463e-01
5.696888037866397747e-01 1.361082379667368780e-01
7.623589302184663463e-01 1.186440278955570582e-01
6.417424089480124882e-01 1.150612900098555852e-01
7.064622575693995099e-01 1.293290204137318988e-01
7.784943528516712341e-01 1.467913830461560210e-01
6.575871842523518529e-01 1.538707469932434624e-01
5.935125322992444996e-01 1.384363540664899361e-01
6.075251684640037286e-01 6.159189112779483305e-02
6.142595451721799549e-01 1.059268156854238363e-01
6.103650614517299733e-01 1.761184068217481469e-01
6.450556210312876626e-01 1.176415669698263888e-01
6.962974026319248555e-01 1.386395917152301038e-01
7.002520522346167287e-01 1.606719732843558957e-01
5.976160603568401175e-01 1.781204254108907092e-01
5.792607580755502195e-01 1.090481637199043341e-01
6.905472352463999375e-01 9.970194361143196182e-02
6.046541837170045230e-01 1.094454318063286385e-01
6.536259090013486484e-01 8.395077585073859594e-02
6.944425568585189668e-01 1.279318437471387016e-01
5.949704884577979858e-01 8.155490551039883129e-02
6.266379155963079928e-01 8.304342064895678388e-02
6.682754195406993558e-01 1.196796640508031584e-01
6.263066714005867119e-01 2.012752732585599280e-01
8.056858379717886098e-01 1.012629947446951617e-01
5.730665771389297225e-01 1.912603122878950568e-01
6.818017496435618829e-01 1.391377370427804572e-01
6.472082585244712805e-01 1.614706414801348744e-01
6.947688020301915346e-01 1.276207712621552082e-01
6.800114230498774948e-01 1.843445499876462668e-01
6.059259517319370847e-01 1.581536806437720544e-01
6.810696286120598852e-01 1.375252531124852018e-01
6.402659409035312832e-01 2.258712819644940750e-01
6.713309462220961032e-01 2.048182343619777412e-01
6.560367961896423905e-01 1.893815608862521316e-01
5.904031298669198957e-01 2.213099536553043145e-01
5.943616523590936618e-01 6.026212340806447187e-02
7.684134934376881665e-01 1.111415154007310835e-01
6.305084052259317673e-01 1.120907081701264796e-01
6.055781015734490458e-01 1.819466679079564941e-01
6.244122611812552570e-01 1.109815506296914639e-01
6.798752565664305525e-01 1.551753031056717358e-01
6.362640454546691915e-01 1.736385121230525075e-01
6.762502437302194691e-01 9.321895566555675472e-02
7.026966832307850463e-01 7.504477855330070335e-02
6.811492026875277661e-01 9.829462467607859300e-02
6.329734478761074312e-01 1.251113428469736999e-01
7.103415396505534662e-01 1.556491827903024872e-01
6.804563068594858821e-01 1.525841375715452641e-01
6.524788493157372971e-01 1.209411413220394388e-01
7.696182219597290652e-01 1.099006864056246285e-01
6.962240206228524908e-01 1.927806289559402531e-01
7.029484290496919030e-01 1.099361573783133039e-01
6.115044601702780414e-01 1.513016840792598960e-01
5.796365164717129925e-01 1.558042228909938542e-01
6.348380889965592466e-01 1.513002944896101321e-01
6.795319549275203874e-01 3.810344857554923831e-02
6.928126657647206699e-01 1.799761777675832897e-01
6.406454172376901957e-01 1.204448313858320768e-01
6.501163451946089245e-01 1.145205384944134319e-01
6.938359334284676105e-01 1.535732444112468675e-01
6.425613766841982155e-01 1.988359135963184698e-01
6.824543916762821905e-01 1.853498613350943180e-01
5.004719378567632493e-01 1.947555875987915519e-01
6.554705429356761925e-01 1.408787016566543371e-01
6.772199282872021220e-01 2.008254643564779396e-01
6.723155201941058978e-01 9.141030798876727259e-02
6.167832951980141143e-01 1.107538246128708659e-01
6.032327889376271068e-01 8.876855330354116447e-02
5.995139451436821698e-01 1.033907634192506447e-01
6.808394400574486749e-01 1.623609055125552203e-01
6.225109556568351188e-01 1.268387476701322569e-01
6.381212445992858751e-01 2.500615818120063283e-01
6.230122223011717031e-01 1.007418424594489215e-01
7.282710069018746291e-01 1.292040880950556525e-01
6.474421702642019216e-01 1.584705124561476830e-01
6.930862057600133408e-01 1.265926402201172918e-01
5.456754481411281166e-01 1.110499437896051433e-01
6.892913366670544439e-01 1.438064424267876118e-01
6.151396963945399143e-01 9.205379089775543588e-02
7.226779439025585727e-01 1.221430691983065170e-01
5.934796880132788832e-01 1.566123803522519453e-01
6.691151691968331150e-01 2.195207149221822807e-01
6.719177992851731451e-01 2.162286284418349913e-01
6.434701180905535445e-01 1.556180079345008405e-01
7.617562488333258219e-01 1.280046463621570818e-01
7.046043657038558727e-01 1.215579881936138251e-01
5.655552669101522323e-01 1.489997641436242026e-01
6.064664165662343454e-01 1.222515744466992765e-01
7.282962666305514698e-01 1.639833107886051189e-01
7.155902571895326192e-01 8.821664897875779177e-02
6.986236382585692128e-01 1.399653847854765709e-01
6.503871466549179248e-01 1.674120862397232012e-01
7.207744179166721832e-01 1.025939220912465005e-01
6.381512864170948429e-01 1.386054983184818734e-01
6.400386279924863420e-01 1.577280598591413452e-01
7.119036227353314761e-01 2.038084199985263356e-01
6.194059933334258305e-01 1.264349112929276098e-01
6.799286265085231484e-01 7.266360562907300813e-02
6.804108844950084167e-01 2.104818634344275685e-01
6.571427485882993524e-01 1.082202195895912156e-01
6.402732152822931955e-01 6.684091872192664263e-02
6.878399624645766819e-01 1.162839982187569565e-01
7.449132518233229083e-01 1.745295530136648232e-01
6.954838455995366875e-01 1.543501289370880214e-01
5.970133202844458697e-01 1.434387216095134865e-01
5.994231414573093497e-01 8.324014002275489932e-02
6.602692931704592372e-01 2.194943274324571980e-01
5.913391578110884783e-01 7.118004554483374491e-02
6.421266197007403642e-01 1.566768614242320667e-01
6.090988341092546943e-01 2.024441320237979069e-01
7.563221046801213987e-01 6.960955431708575059e-02
6.618217275082461937e-01 1.534738145397198661e-01
7.446159177172344545e-01 7.791455295334716313e-02
6.202167178719111273e-01 2.166459133686614857e-01
5.981241396741738825e-01 3.603337223876389855e-02
6.739920277959525752e-01 9.239849787614834442e-02
6.522498524485778049e-01 1.201614489240734052e-01
6.310520645983483945e-01 5.751949177322066009e-02
6.617247373852241932e-01 1.547947585327673070e-01
6.433474929679598997e-01 1.578017002826750670e-01
7.506471807815191521e-01 1.161194836081231030e-01
6.758323659596721100e-01 8.728007443281057820e-02
6.949912797361117445e-01 1.972516283072043020e-01
6.638101843686134984e-01 1.790733305289585187e-01
7.054565758958778465e-01 2.180098008996050329e-01
6.703517151715197020e-01 1.441624477307821006e-01
7.221429570636279660e-01 1.541241749338206068e-01
7.078982982993234918e-01 1.351096139455833234e-01
6.769143256603074033e-01 1.251463028973770208e-01
6.993326173551249747e-01 1.156093034231740480e-01
6.711614247978796577e-01 2.189494093552917520e-01
5.900897418648055615e-01 7.909284756379553194e-02
6.073165709860866013e-01 1.818780360944892982e-01
7.398868286174342668e-01 1.735370884972399774e-01
6.273990651395414675e-01 8.298080103928741347e-02
6.046056750097460464e-01 1.606488150939853199e-01
6.257680163390231254e-01 1.915460555075474136e-01
6.654436070808815717e-01 1.353365215377407560e-01
6.181775693685823692e-01 1.294388662851572724e-01
6.478937982069042922e-01 7.227074644050490715e-02
6.125650023666316946e-01 9.358794446191570637e-02
7.230036212638346615e-01 1.054072265991732454e-01
6.704567383859717511e-01 1.131401186821894972e-01
7.593555988940952073e-01 1.791602738860349209e-01
5.517775116610855735e-01 9.233986093217136371e-02
6.766785154588708107e-01 1.139650123085086120e-01
6.608984753665306799e-01 2.043978106786959181e-01
6.855972471853644112e-01 1.009637352508532121e-01
5.502228450104045265e-01 9.714711277806777068e-02
6.019249205631823640e-01 1.491403515125109547e-01
6.008267022364751631e-01 1.895077764946384302e-01
6.494209504596242244e-01 1.493401680617044702e-01
5.683945732500770287e-01 2.044543246706083117e-01
6.655550882890377551e-01 2.058624095460135639e-01
6.495404246079099497e-01 1.858863262742641853e-01
6.810709150320487515e-01 2.267902500440402702e-01
5.226665080798882368e-01 1.345201213900672488e-01
6.724411415726521124e-01 1.155198405194658856e-01
5.102415900113546066e-01 1.817808113800056247e-01
6.173266404005577357e-01 1.791709466126679695e-01
6.310077306197257041e-01 2.508424000385943153e-01
6.084171335317619667e-01 2.268640656711487513e-01
5.783545790442584655e-01 5.614426540503767576e-02
6.156024584923904808e-01 2.112714977231548996e-01
6.032071155733929047e-01 7.784881184881461968e-02
6.213487325815003626e-01 8.154208220673109242e-02
5.966605854281397114e-01 2.006877107678890770e-01
7.331996031063587882e-01 1.415943567104951673e-01
6.061629995162929330e-01 2.045351008132914872e-01
6.968489448565468036e-01 1.545660146697735993e-01
5.816197935890872195e-01 1.552637159080700047e-01
6.503549311618812556e-01 1.223065525738072784e-01
6.218512939619079694e-01 1.107403417972658427e-01
6.997824224385135183e-01 1.354950329492234373e-01
6.038419161165737847e-01 4.352659053149410956e-02
5.616374718897889640e-01 1.692983728734243354e-01
6.829652343395047343e-01 4.907216412253931348e-02
5.992310696996068220e-01 1.167194578168414543e-01
6.112113891504362684e-01 2.335993491876322548e-01
6.825197519797239210e-01 1.515121777497361599e-01
5.982906757993229352e-01 1.901583716612621211e-01
6.430168078345637195e-01 1.745873170030610988e-01
4.936586878281267188e-01 1.564836187684295610e-01
7.425419679180368382e-01 2.034797811884072882e-01
6.724283237633941201e-01 2.044244671148586767e-01
6.195144322516685786e-01 1.158783185588394687e-01
6.224787098270451180e-01 1.328131332607145609e-01
6.518693954904410948e-01 1.684743409156535809e-01
6.469105060940254504e-01 8.437724260635656726e-02
6.894365666918217395e-01 8.296002466323047775e-02
7.226095839029937906e-01 1.478930446312398672e-01
6.863523696580429156e-01 1.106583880472573195e-01
6.739625486781769537e-01 1.148878953717998586e-01
7.046090433006103604e-01 1.876192301252784800e-01
4.554276022479640806e-01 1.491367723346323504e-01
6.649324325082802689e-01 1.480845785655455216e-01
6.136225625841086329e-01 1.719388082638469428e-01
6.202028140765076802e-01 1.803297102654351225e-01
6.770567997406479188e-01 1.471410225575333075e-01
6.846393963338287536e-01 1.124259477667468865e-01
5.713248775173493943e-01 2.291509593244238641e-01
6.730805529295054157e-01 1.916535265185558556e-01
6.500261834682480311e-01 1.621857780905023860e-01
6.016770014368850727e-01 5.307675696046013775e-02
6.561137497705396004e-01 2.141691401627371372e-01
6.183173717653360768e-01 2.299737893998808347e-01
5.849274061141567227e-01 8.144111910364866536e-02
7.491248715003060443e-01 1.775009929189866054e-01
6.672064505285753011e-01 1.874831294537001591e-01
6.344398020788395431e-01 2.313860541762332301e-01
6.709445657317513190e-01 1.422437469426893197e-01
6.285385095334391492e-01 1.842759197682793115e-01
6.824692196570363301e-01 9.123137453025098598e-02
6.770776730649108455e-01 9.958590113888940443e-02
7.296950458314729326e-01 1.381446187437770645e-01
7.369312275228467879e-01 2.111820909797438306e-01
5.982765864100519915e-01 1.370316590607402185e-01
7.018810536800926814e-01 1.900673478523296211e-01
5.714319830452790905e-01 7.449923576763846367e-02
6.386908766986544306e-01 1.440952354508351352e-01
7.613293023572478280e-01 1.321796406336415708e-01
5.674758176002818733e-01 1.557902971623831012e-01
5.532657292284445250e-01 1.066417404769122446e-01
6.465410310920918224e-01 5.276229327068902158e-02
5.779874991591337219e-01 1.116687820561683975e-01
6.776410532583607704e-01 1.507817797570311646e-01
6.897444831436693180e-01 1.238779610701622180e-01
6.552371390435939302e-01 1.658538534519548580e-01
7.105522050186126037e-01 1.484733029154643724e-01
7.122788294564400546e-01 1.807145026459604231e-01
5.342272583195866176e-01 1.895328474413593700e-01
6.781467020645679522e-01 1.222319104856528088e-01
5.912135136358819265e-01 1.772707208628737374e-01
6.251254668643346779e-01 1.722918833817654038e-01
6.636767744866218788e-01 1.167303784568389374e-01
6.266182130327654365e-01 1.378157170038818435e-01
7.071802741705537354e-01 1.039734011839704569e-01
5.034604197634726663e-01 1.456828369029038728e-01
6.787419185306289293e-01 1.541109037549320826e-01
6.434379686907885088e-01 1.138268347562661625e-01
4.950369725722428282e-01 7.105136280765257661e-02
6.596288662666431879e-01 2.216274425374109847e-01
