# 10_runs
5.684803800015371111e-01 8.337962589085876064e-02
6.477677936728599706e-01 8.924893908772878193e-02
6.761323408582725625e-01 8.792152542297769491e-02
6.803196068224421911e-01 8.902940550761528904e-02
6.890528766968053720e-01 8.192355710075706343e-02
6.957685076315605066e-01 8.007442305875911437e-02
7.021389611315692614e-01 7.715624298144192761e-02
7.206321304868483768e-01 7.073589300581806238e-02
7.206321304868483768e-01 7.073589300581806238e-02
7.206321304868483768e-01 7.073589300581806238e-02
7.206321312564982762e-01 7.073589243611379251e-02
7.206321330756617627e-01 7.073589362789516055e-02
7.206321330814938753e-01 7.073589361831704447e-02
7.206321340034291811e-01 7.073589333295784987e-02
7.215242220218034408e-01 6.931274816094719349e-02
7.215242220218034408e-01 6.931274816094719349e-02
7.215242220218034408e-01 6.931274816094719349e-02
7.215242220218034408e-01 6.931274816094719349e-02
7.215242220218034408e-01 6.931274816094715185e-02
7.348026266061956635e-01 6.555137466931387769e-02
7.365927922003311368e-01 6.238765003053496627e-02
7.365927924354208622e-01 6.238765025561548994e-02
7.365927924354208622e-01 6.238765025561548994e-02
7.365927925466139170e-01 6.238765016936065333e-02
7.909412000429498768e-01 5.319789477032423747e-02
7.909412005709361981e-01 5.319789482968620420e-02
7.909412012758372246e-01 5.319789485918965943e-02
7.909412013269350172e-01 5.319789492434340988e-02
7.909412021182946617e-01 5.319789504702698846e-02
7.984091307657422698e-01 5.656948044501710487e-02
7.984091309482025389e-01 5.656948029419979485e-02
7.984091309874363773e-01 5.656948029419040652e-02
7.984091310507936967e-01 5.656948036051463041e-02
7.984091310964647192e-01 5.656948037649268263e-02
8.105756089842145462e-01 5.999968662032073574e-02
8.105756094877589746e-01 5.999968670856069275e-02
8.105756096579035397e-01 5.999968678844429248e-02
8.105756096766733032e-01 5.999968680414889677e-02
8.105756100839917044e-01 5.999968700414912842e-02
8.154626672634218698e-01 6.075459097447703100e-02
8.154626675334892827e-01 6.075459097616480592e-02
8.154626678404367501e-01 6.075459116400738768e-02
8.178556937685035333e-01 5.395068684713359014e-02
8.178556937930736570e-01 5.395068684573464668e-02
8.222292319758139900e-01 5.545762711727748873e-02
8.222292322612171356e-01 5.545762692274777694e-02
8.222292323479238885e-01 5.545762698926914869e-02
8.225764578269314509e-01 5.448345650324591671e-02
8.225764578269624261e-01 5.448345650324303707e-02
8.256352331895285834e-01 5.507779939285242093e-02
8.256352332827056051e-01 5.507779943617241436e-02
8.256352333313182745e-01 5.507779945549985678e-02
8.258605814708820381e-01 5.444092321437209170e-02
8.258605814802721934e-01 5.444092322139083145e-02
8.283916392795880324e-01 5.576498124100707360e-02
8.283916394650763237e-01 5.576498139152376299e-02
8.283916394982844267e-01 5.576498138182311992e-02
8.285708361423950175e-01 5.526287307846398933e-02
8.285708361712427195e-01 5.526287310117426049e-02
8.301998557369636433e-01 5.641631946112863477e-02
8.301998559669628852e-01 5.641631956377799600e-02
8.301998560122445525e-01 5.641631954847005359e-02
8.302617483362675355e-01 5.624474728754395858e-02
8.302617484295096162e-01 5.624474729223354064e-02
8.328662528178656377e-01 5.702818488827755133e-02
8.328662529089010391e-01 5.702818491977328791e-02
8.328662530663590857e-01 5.702818491217826607e-02
8.328852041788703531e-01 5.697544134759736922e-02
8.328852042233754194e-01 5.697544136470041737e-02
8.340039372023211328e-01 5.778815743161162810e-02
8.340039372689938002e-01 5.778815749276751401e-02
8.340039372740990498e-01 5.778815749636704441e-02
8.340049796774273716e-01 5.778527540250946726e-02
8.340049796778353786e-01 5.778527540238039689e-02
8.348100448033918264e-01 5.808922198204485854e-02
8.348100449507004361e-01 5.808922206003159366e-02
8.348100451339141026e-01 5.808922203604179740e-02
8.348100674954810341e-01 5.808916029342804654e-02
8.348100675561390682e-01 5.808916034953808677e-02
8.359174392767698691e-01 5.867230719930087435e-02
8.359174393298607342e-01 5.867230725075152364e-02
8.359174393323728358e-01 5.867230725023946103e-02
8.359174394557005172e-01 5.867230697008538748e-02
8.359174394821206056e-01 5.867230699471536609e-02
8.371897571700716023e-01 5.925099187155263847e-02
8.371897572894955175e-01 5.925099191581074259e-02
8.371897574810777121e-01 5.925099185738740004e-02
8.371897574810791554e-01 5.925099185738830904e-02
8.413155043640619946e-01 4.830383971668630178e-02
8.486557608110540940e-01 3.499636521959205437e-02
8.486557608635763028e-01 3.499636528775888072e-02
8.508871576897177880e-01 3.177524561874866399e-02
8.508871576897177880e-01 3.177524561874866399e-02
8.508871577238308337e-01 3.177524563375067057e-02
8.526682774958895816e-01 3.093430405958462470e-02
8.526682775698330996e-01 3.093430408893656919e-02
8.526682778037717458e-01 3.093430386794659634e-02
8.526682778037717458e-01 3.093430386794659634e-02
8.526682778669366636e-01 3.093430392295720352e-02
8.535661594860727286e-01 3.153445840570323622e-02
8.535661595409301805e-01 3.153445847128335394e-02
8.535661597857189253e-01 3.153445833201744264e-02
8.535661597857189253e-01 3.153445833201744264e-02
8.535661601469211046e-01 3.153445800518316078e-02
8.547764077361049706e-01 3.132032291892705711e-02
8.547764077531692095e-01 3.132032291469601104e-02
8.547764078920104813e-01 3.132032283516893167e-02
8.547764078929059872e-01 3.132032283635392128e-02
8.547764079091957345e-01 3.132032282592039224e-02
8.562123259357548033e-01 3.114648379763751765e-02
8.574286130282834373e-01 2.967168357914349436e-02
8.574286132897623869e-01 2.967168338984682227e-02
8.574286132939690219e-01 2.967168339483711170e-02
8.574286132939690219e-01 2.967168339483711170e-02
8.575250988806566443e-01 2.963587704248564492e-02
8.597976667942279771e-01 2.809795104327599338e-02
8.597976669480997813e-01 2.809795100454361150e-02
8.635067934338126472e-01 2.576711540504457443e-02
8.635067935112680226e-01 2.576711536120549970e-02
8.643240951721058440e-01 2.520243364277765727e-02
8.659396675732855542e-01 2.487180258893383414e-02
8.659396677869276582e-01 2.487180255726300845e-02
8.664316264275552237e-01 2.489903787605305188e-02
8.664316264423275182e-01 2.489903787832976195e-02
8.671358719638722068e-01 2.434682237766175317e-02
8.679145277461817187e-01 2.452266662299131678e-02
8.679145279580202654e-01 2.452266654238258875e-02
8.682308675839303103e-01 2.457127035543669666e-02
8.682308676496603983e-01 2.457127027966129681e-02
8.688986553855688744e-01 2.436952238417296884e-02
8.692645819236149984e-01 2.452142193819855168e-02
8.692645820622274533e-01 2.452142183840025011e-02
8.693167233049120535e-01 2.453091488881608412e-02
8.693167233900570556e-01 2.453091483885190549e-02
8.696589628191858656e-01 2.419642728516876659e-02
8.697143032576921673e-01 2.422343626096630856e-02
8.697143032576921673e-01 2.422343626096634325e-02
8.698868250502815869e-01 2.426006517664909545e-02
8.698868250858133866e-01 2.426006519155568877e-02
8.734650866526886270e-01 1.795088279229662201e-02
8.735335585499921507e-01 1.798238953310618907e-02
8.735335586371701933e-01 1.798238948182852293e-02
8.741908460550698035e-01 1.817305635467381802e-02
8.741908461674887665e-01 1.817305619988677026e-02
8.752383309499620623e-01 1.754413425845933669e-02
8.754648024027659181e-01 1.764514726082858781e-02
8.754648026412146233e-01 1.764514688850511021e-02
8.757233081223911864e-01 1.776789138890579739e-02
8.757233081443599465e-01 1.776789140034653117e-02
8.761476502603755545e-01 1.719260863395346769e-02
8.764378327246602485e-01 1.735509279380143335e-02
8.764378328644720773e-01 1.735509280793533921e-02
8.767512572151241468e-01 1.754321397115571335e-02
8.767512572161384465e-01 1.754321397097145796e-02
8.767547114528533303e-01 1.754259341144699322e-02
8.767547114530639396e-01 1.754259341160870414e-02
8.767547114530639396e-01 1.754259341160870414e-02
8.774478844177229231e-01 1.618385153668798829e-02
8.774478844245777731e-01 1.618385152424262757e-02
8.781886013219020182e-01 1.491890857225259583e-02
8.784853146168050131e-01 1.512946231795329020e-02
8.784853147008269136e-01 1.512946234749149715e-02
8.792284880811148673e-01 1.434300840916608900e-02
8.792284880811654935e-01 1.434300840914530355e-02
8.798264356427474286e-01 1.343727429176605481e-02
8.798264356826098753e-01 1.343727427598134273e-02
8.798264357180587414e-01 1.343727422836225871e-02
8.805543701306322024e-01 1.239774262061575823e-02
8.805543702144058571e-01 1.239774258802290793e-02
8.809697497669283228e-01 1.182209196320157391e-02
8.810351390305910524e-01 1.187568581000125571e-02
8.810351391031463475e-01 1.187568587133172072e-02
8.816835103821638597e-01 1.099909220200867392e-02
8.816835104606284279e-01 1.099909210159039433e-02
8.821753303154332704e-01 1.039970294712622145e-02
8.823553704378290785e-01 1.056581433184044724e-02
8.823553704411949417e-01 1.056581433520133693e-02
8.827351032696123534e-01 1.014913585352039682e-02
8.827351033288397542e-01 1.014913577915426725e-02
8.827351033288397542e-01 1.014913577915426725e-02
8.828002261151443042e-01 1.021613256282830236e-02
8.828002261332631440e-01 1.021613255291410963e-02
8.830332752928395923e-01 1.001918457996070662e-02
8.830332752989349387e-01 1.001918457334903881e-02
8.831568905128795999e-01 9.883591604443658918e-03
8.831588483591057415e-01 9.885654455404336433e-03
8.831588483712042859e-01 9.885654447601451358e-03
8.832301064903175236e-01 9.823971870648134236e-03
8.832301064917885691e-01 9.823971872198550281e-03
8.832327517811012774e-01 9.821180328779882326e-03
8.832337549349329464e-01 9.822237174308622379e-03
8.832337549349917882e-01 9.822237174370652621e-03
8.832370717811158789e-01 9.819650127581394314e-03
8.832370717814393979e-01 9.819650127922414928e-03
8.832378700378524794e-01 9.818808460995302745e-03
8.832380871835063818e-01 9.819037328919812471e-03
8.832380871836257308e-01 9.819037329045593801e-03
8.832383983983593811e-01 9.818723804129616747e-03
8.832383983983854714e-01 9.818723804157131196e-03
8.832384005392656112e-01 9.818721548318518066e-03
8.832384147925669282e-01 9.818736572520449235e-03
8.832384147927643259e-01 9.818736572312350072e-03
8.832384219430178263e-01 9.818736465128633309e-03
8.832384219430702288e-01 9.818736465073349406e-03
8.832384225996456895e-01 9.818735772990645760e-03
8.832384228807045323e-01 9.818736069243778897e-03
8.832384228807278470e-01 9.818736069265440389e-03
8.832384230065072339e-01 9.818735950026448445e-03
8.832384230065073449e-01 9.818735950026552528e-03
8.832384230065073449e-01 9.818735950026552528e-03
8.832384230255735380e-01 9.818735970124014417e-03
8.832384230255735380e-01 9.818735970124014417e-03
8.832384230255740931e-01 9.818735970124460241e-03
8.832384230255743152e-01 9.818735970124692694e-03
8.832384230255743152e-01 9.818735970124692694e-03
8.832384230255743152e-01 9.818735970124692694e-03
8.832384230255743152e-01 9.818735970124692694e-03
8.832384230255743152e-01 9.818735970124692694e-03
8.832384230255743152e-01 9.818735970124692694e-03
8.832384230255743152e-01 9.818735970124692694e-03
8.832384230255743152e-01 9.818735970124692694e-03
8.832384230255743152e-01 9.818735970124692694e-03
8.832384230255743152e-01 9.818735970124692694e-03
8.832384230255743152e-01 9.818735970124692694e-03
8.832384230255743152e-01 9.818735970124692694e-03
8.832384230255743152e-01 9.818735970124692694e-03
8.832384230255743152e-01 9.818735970124692694e-03
8.832384230255743152e-01 9.818735970124692694e-03
8.832384230255743152e-01 9.818735970124692694e-03
8.832384230255743152e-01 9.818735970124692694e-03
8.832384230255743152e-01 9.818735970124692694e-03
8.832384230255743152e-01 9.818735970124692694e-03
8.832384230255743152e-01 9.818735970124692694e-03
8.832384230255743152e-01 9.818735970124692694e-03
8.832384230255743152e-01 9.818735970124692694e-03
8.832384230255743152e-01 9.818735970124692694e-03
8.832384230255743152e-01 9.818735970124692694e-03
8.832384230255743152e-01 9.818735970124692694e-03
8.832384230255743152e-01 9.818735970124692694e-03
8.832384230255743152e-01 9.818735970124692694e-03
8.832384230255743152e-01 9.818735970124692694e-03
8.832384230255743152e-01 9.818735970124692694e-03
8.832384230255743152e-01 9.818735970124692694e-03
8.832384230255743152e-01 9.818735970124692694e-03
8.832384230255743152e-01 9.818735970124692694e-03
8.832384230255743152e-01 9.818735970124692694e-03
8.832384230255743152e-01 9.818735970124692694e-03
8.832384230255743152e-01 9.818735970124692694e-03
8.832384230255743152e-01 9.818735970124692694e-03
8.832384230255743152e-01 9.818735970124692694e-03
8.832384230255743152e-01 9.818735970124692694e-03
8.832384230255743152e-01 9.818735970124692694e-03
8.832384230255743152e-01 9.818735970124692694e-03
8.832384230255743152e-01 9.818735970124692694e-03
8.832384230255743152e-01 9.818735970124692694e-03
8.832384230255743152e-01 9.818735970124692694e-03
8.832384230255743152e-01 9.818735970124692694e-03
8.832384230255743152e-01 9.818735970124692694e-03
8.832384230255743152e-01 9.818735970124692694e-03
8.832384230255743152e-01 9.818735970124692694e-03
8.832384230255743152e-01 9.818735970124692694e-03
8.832384230255743152e-01 9.818735970124692694e-03
8.832384230255743152e-01 9.818735970124692694e-03
8.832384230255743152e-01 9.818735970124692694e-03
8.832384230255743152e-01 9.818735970124692694e-03
8.832384230255743152e-01 9.818735970124692694e-03
8.832384230255743152e-01 9.818735970124692694e-03
8.832384230255743152e-01 9.818735970124692694e-03
8.832384230255743152e-01 9.818735970124692694e-03
8.832384230255743152e-01 9.818735970124692694e-03
8.832384230255743152e-01 9.818735970124692694e-03
8.832384230255743152e-01 9.818735970124692694e-03
8.832384230255743152e-01 9.818735970124692694e-03
8.832384230255743152e-01 9.818735970124692694e-03
8.832384230255743152e-01 9.818735970124692694e-03
8.832384230255743152e-01 9.818735970124692694e-03
8.832384230255743152e-01 9.818735970124692694e-03
8.836464093347204951e-01 9.467148718276221370e-03
8.836464093347204951e-01 9.467148718276221370e-03
8.836464093347204951e-01 9.467148718276221370e-03
8.836464093347204951e-01 9.467148718276221370e-03
8.836464093347204951e-01 9.467148718276221370e-03
8.836464093347204951e-01 9.467148718276221370e-03
8.836464093347204951e-01 9.467148718276221370e-03
8.836464093347204951e-01 9.467148718276221370e-03
8.836464093347204951e-01 9.467148718276221370e-03
8.836464093347204951e-01 9.467148718276221370e-03
8.836464093347204951e-01 9.467148718276221370e-03
8.836464093347204951e-01 9.467148718276221370e-03
8.836464093347204951e-01 9.467148718276221370e-03
8.836464093347204951e-01 9.467148718276221370e-03
8.836464093347204951e-01 9.467148718276221370e-03
8.836464093347204951e-01 9.467148718276221370e-03
8.844017968214592518e-01 9.266091858342834914e-03
8.844017968214592518e-01 9.266091858342834914e-03
8.844017968214592518e-01 9.266091858342834914e-03
8.844017968375297301e-01 9.266091860569520763e-03
8.844017968375297301e-01 9.266091860569520763e-03
8.844139013640249791e-01 9.267847922956710255e-03
8.844139013663783189e-01 9.267847923313431852e-03
8.844139013663783189e-01 9.267847923313431852e-03
8.844139013832658103e-01 9.267847925873425735e-03
8.844139013832658103e-01 9.267847925873425735e-03
8.844547077347117980e-01 9.274929469218741451e-03
8.844547077471073271e-01 9.274929471641728609e-03
8.844547077559555825e-01 9.274929473371315569e-03
8.844547077615450004e-01 9.274929474463906864e-03
8.844547077615450004e-01 9.274929474463906864e-03
8.845628911366999469e-01 9.302345087683350222e-03
8.845628911652682058e-01 9.302345096573554767e-03
8.845628912008930422e-01 9.302345107659794332e-03
8.845628912008930422e-01 9.302345107659794332e-03
8.845628912008930422e-01 9.302345107659794332e-03
8.845628912008930422e-01 9.302345107659794332e-03
8.845628912008930422e-01 9.302345107659794332e-03
8.845628912008930422e-01 9.302345107659794332e-03
8.845628912008930422e-01 9.302345107659794332e-03
8.845628912008930422e-01 9.302345107659794332e-03
8.847572897726756480e-01 9.382805142968353440e-03
8.847572898247868523e-01 9.382805169842627080e-03
8.847572898780468043e-01 9.382805197309300113e-03
8.847572898780468043e-01 9.382805197309300113e-03
8.847572898780468043e-01 9.382805197309300113e-03
8.847572898780468043e-01 9.382805197309300113e-03
8.847572898780468043e-01 9.382805197309300113e-03
8.847572898780468043e-01 9.382805197309300113e-03
8.847572898780468043e-01 9.382805197309300113e-03
8.847572898780468043e-01 9.382805197309300113e-03
8.848203277748101225e-01 9.417368433094807159e-03
8.848203278299344721e-01 9.417368465108559919e-03
8.848203278834321228e-01 9.417368496177684623e-03
8.848203278834321228e-01 9.417368496177684623e-03
8.848203278834321228e-01 9.417368496177684623e-03
8.848742784349223900e-01 9.450188774513920004e-03
8.848742784372136683e-01 9.450188775970730370e-03
8.848742785418425294e-01 9.450188842496811889e-03
8.848742785418425294e-01 9.450188842496811889e-03
8.848742785418425294e-01 9.450188842496811889e-03
8.849894241949259888e-01 9.530078984128831365e-03
8.849894242052449567e-01 9.530078991881730383e-03
8.849894242593121518e-01 9.530079032503505423e-03
8.849894242593121518e-01 9.530079032503505423e-03
8.849894242593121518e-01 9.530079032503505423e-03
8.850776998437579479e-01 9.600232603533629533e-03
8.850776998539006124e-01 9.600232612030832474e-03
8.850776998582334798e-01 9.600232615660890534e-03
8.850776998582334798e-01 9.600232615660890534e-03
8.850776998582334798e-01 9.600232615660890534e-03
8.850991133217505080e-01 9.618394088322917285e-03
8.850991133280894374e-01 9.618394093764697991e-03
8.850991133280894374e-01 9.618394093764697991e-03
8.850991133280894374e-01 9.618394093764697991e-03
8.850991133280894374e-01 9.618394093764697991e-03
8.851010968707646587e-01 9.620098788256451969e-03
8.851010968707646587e-01 9.620098788256451969e-03
8.851010968707646587e-01 9.620098788256451969e-03
8.851010968713584059e-01 9.620098788767468545e-03
8.851010968713731719e-01 9.620098788780097332e-03
8.851013873687225697e-01 9.620348765732578827e-03
8.851013873687225697e-01 9.620348765732578827e-03
8.851013873690192213e-01 9.620348765987949205e-03
8.851013873690192213e-01 9.620348765987949205e-03
8.851013873690192213e-01 9.620348765987949205e-03
8.851013971638813649e-01 9.620357196016598306e-03
8.851013971638922451e-01 9.620357196025971017e-03
8.851013971638922451e-01 9.620357196025971017e-03
8.851013971638922451e-01 9.620357196025971017e-03
8.851013971638922451e-01 9.620357196025971017e-03
8.851013971873898933e-01 9.620357216249594140e-03
8.852599767808937425e-01 9.426753702537541552e-03
8.852599767808971842e-01 9.426753702540386498e-03
8.852599767808971842e-01 9.426753702540386498e-03
8.852599767809017361e-01 9.426753702544280952e-03
8.852599767809017361e-01 9.426753702544280952e-03
8.852599767809017361e-01 9.426753702544280952e-03
8.852599767809017361e-01 9.426753702544280952e-03
8.852599767809017361e-01 9.426753702544280952e-03
8.852599767809017361e-01 9.426753702544280952e-03
8.852599768210458464e-01 9.426753656407235379e-03
8.852599768210458464e-01 9.426753656407235379e-03
8.852599768861576512e-01 9.426753581575054997e-03
8.852599768861576512e-01 9.426753581575054997e-03
8.852599768861576512e-01 9.426753581575054997e-03
8.852599768861576512e-01 9.426753581575054997e-03
8.852599768861576512e-01 9.426753581575054997e-03
8.852599768861576512e-01 9.426753581575054997e-03
8.852599768861576512e-01 9.426753581575054997e-03
8.860291517294662800e-01 8.838181636596867743e-03
8.860291517886083046e-01 8.838181615569869892e-03
8.867269481185615643e-01 8.013176678160798677e-03
8.867269481185615643e-01 8.013176678160798677e-03
8.867269481505728468e-01 8.013176652303503206e-03
8.873017443830718554e-01 7.937962657481759804e-03
8.873017444381530172e-01 7.937962670182456201e-03
8.873017446008507614e-01 7.937962524426699779e-03
8.873017446008507614e-01 7.937962524426699779e-03
8.873017446008507614e-01 7.937962524426699779e-03
8.876432970283799628e-01 8.088767015332929550e-03
8.876432970301160186e-01 8.088767016458850087e-03
8.876432970301160186e-01 8.088767016458850087e-03
8.866330514673383956e-01 8.105613286633622447e-03
8.866330514673383956e-01 8.105613286633622447e-03
8.866910985894224106e-01 8.187704313941564227e-03
8.866910985974464365e-01 8.187704325289250906e-03
8.866910986538074635e-01 8.187704404995856805e-03
8.902568325688113848e-01 3.144995142583677326e-03
8.902568325688113848e-01 3.144995142583677326e-03
8.902923572618233194e-01 3.195234079328652509e-03
8.902923572618233194e-01 3.195234079328652509e-03
8.902923572662273521e-01 3.195234085556816761e-03
8.906931150777848138e-01 2.628476953225293219e-03
8.906931150777848138e-01 2.628476953225293219e-03
8.906937409797783811e-01 2.629362112313312402e-03
8.906937409797783811e-01 2.629362112313312402e-03
8.906937409810486983e-01 2.629362114109811983e-03
8.908047378809680339e-01 2.472388795095504035e-03
8.908047378809680339e-01 2.472388795095504035e-03
8.908048944021611515e-01 2.472610149489531083e-03
8.908048944021782489e-01 2.472610149513789456e-03
8.908048944021782489e-01 2.472610149513789456e-03
8.911505836312489937e-01 1.983731753404199567e-03
8.911505836312489937e-01 1.983731753404199567e-03
8.911505836518125445e-01 1.983731782485373234e-03
8.911505836518125445e-01 1.983731782485373234e-03
8.911505836518207602e-01 1.983731782497070908e-03
8.919585636516975669e-01 8.410755085452360259e-04
8.919585636516975669e-01 8.410755085452360259e-04
8.913638334561152510e-01 nan
8.913638335878304453e-01 nan
8.913638335878304453e-01 nan
8.920682967574253830e-01 nan
8.920682969458489930e-01 nan
8.920682969458489930e-01 nan
8.920682969458489930e-01 nan
8.920682969458489930e-01 nan
8.924436474389912943e-01 nan
8.924436475494100796e-01 nan
8.924436475494100796e-01 nan
8.924436475494100796e-01 nan
8.924436475494100796e-01 nan
8.925445896361159370e-01 nan
8.925445896403455537e-01 nan
8.925445896403455537e-01 nan
8.925445896403455537e-01 nan
8.925445896591789330e-01 nan
8.925514090798034594e-01 nan
8.925514090798034594e-01 nan
8.925514090889694607e-01 nan
8.925514090898426511e-01 nan
8.925514090898426511e-01 nan
8.925532911380179568e-01 nan
8.925532911381429679e-01 nan
8.925532911381429679e-01 nan
8.925532911381429679e-01 nan
8.925532911381429679e-01 nan
8.925532938032380015e-01 nan
8.925532938032721963e-01 nan
8.925532938033780006e-01 nan
8.925532938033780006e-01 nan
8.925532938033780006e-01 nan
8.925532938482531042e-01 nan
8.925532938482533263e-01 nan
8.925532938482533263e-01 nan
8.925532938482557688e-01 nan
8.925532938482599876e-01 nan
