,iter ,BETA_0,GAMMA_0,BETA_1,GAMMA_1,BETA_2,GAMMA_2,energy,best_energy,approx_ratio,best_approx_ratio,fidelity,best_fidelity,variance,corr_length,const_kernel,noise_kernel,std_energies,average_distances,nit,time_opt_bayes,time_qaoa,time_opt_kernel,time_step
0,0,1.7865611942193256,0.9534621704702806,0.8496705440348692,1.9551734520718502,2.556017235689688,0.2006874346501068,-7.0229821204566445,-7.0229821204566445,0.5852485100380537,0.5852485100380537,0.015001574915898744,0.015001574915898744,5.524938279735615,100.00000000000004,39.65517907268341,0.8568658883974561,0.0,0.0,0,0.0,0.0,0.0,0.0
1,1,2.6913066225296647,3.024862880934966,1.8554620824549612,0.4863260609600324,0.5607368702704258,1.1821096443090935,-7.820117594329854,-7.820117594329854,0.6516764661941545,0.6516764661941545,0.02313065843902197,0.02313065843902197,4.036960550081972,100.00000000000004,39.65517907268341,0.8568658883974561,0.0,0.0,0,0.0,0.0,0.0,0.0
2,2,0.891627397450052,0.2624487856449555,1.3209386514803405,0.8170163784592277,3.061448776204144,2.6433866852734313,-6.597354202500628,-7.820117594329854,0.5497795168750523,0.6516764661941545,0.00019323921740509414,0.02313065843902197,5.7093142717918965,100.00000000000004,39.65517907268341,0.8568658883974561,0.0,0.0,0,0.0,0.0,0.0,0.0
3,3,0.13392579704852967,1.9995452729671281,0.3509188361364804,3.0945542179153547,1.772652271847074,0.5471869409690683,-5.061862005830347,-7.820117594329854,0.42182183381919564,0.6516764661941545,2.5891798281341065e-05,0.02313065843902197,7.003945705212473,100.00000000000004,39.65517907268341,0.8568658883974561,0.0,0.0,0,0.0,0.0,0.0,0.0
4,4,2.5100186676946934,2.4584188252242916,3.017998530610052,1.4526274337664449,0.7563437260800882,1.7473241382399112,-7.049008124664686,-7.820117594329854,0.5874173437220572,0.6516764661941545,0.009776132262062785,0.02313065843902197,5.443456208571185,100.00000000000004,39.65517907268341,0.8568658883974561,0.0,0.0,0,0.0,0.0,0.0,0.0
5,5,1.385605101108235,1.5059430256318602,2.7864740764689633,2.4121541035702654,2.1720176110743785,1.461230167878538,-5.951729335707482,-7.820117594329854,0.49597744464229016,0.6516764661941545,0.0026288013030547827,0.02313065843902197,6.344652028511376,100.00000000000004,39.65517907268341,0.8568658883974561,0.0,0.0,0,0.0,0.0,0.0,0.0
6,6,1.118527647568958,0.7243198405550489,0.05164239422993642,1.872722777292351,0.023748972362121916,0.7239713627725394,-6.472810806588426,-7.820117594329854,0.5394009005490356,0.6516764661941545,0.0008184478687755268,0.02313065843902197,3.60392920970947,100.00000000000004,39.65517907268341,0.8568658883974561,0.0,0.0,0,0.0,0.0,0.0,0.0
7,7,0.32667491695111944,1.85175943986456,1.145195523927803,1.105351564044122,1.3417963763701968,2.4178718991212764,-6.957147320895649,-7.820117594329854,0.5797622767413041,0.6516764661941545,0.006888511955402879,0.02313065843902197,6.348519754326119,100.00000000000004,39.65517907268341,0.8568658883974561,0.0,0.0,0,0.0,0.0,0.0,0.0
8,8,3.0007009610092767,2.7419515282483835,2.0614546251365407,2.668730302564246,2.3383303883478783,1.9815910105020176,-6.275103632709639,-7.820117594329854,0.5229253027258033,0.6516764661941545,0.00044725829585765404,0.02313065843902197,4.909934251240514,100.00000000000004,39.65517907268341,0.8568658883974561,0.0,0.0,0,0.0,0.0,0.0,0.0
9,9,2.1263866881667157,0.43887459462620404,2.4870440117873374,0.13180581267387081,1.118885185607276,3.0993618046310862,-4.8182694872193546,-7.820117594329854,0.40152245726827956,0.6516764661941545,0.0005438249153260033,0.02313065843902197,6.393896946493921,100.00000000000004,39.65517907268341,0.8568658883974561,0.0,0.0,0,0.0,0.0,0.0,0.0
10,1,3.141582720908803,3.1415914397016467,1.9484831957705742,0.01000680537147506,0.010017330172482698,0.010010460753589561,-7.5763392465470485,-7.820117594329854,0.6313616038789207,0.6516764661941545,0.004572679679762141,0.02313065843902197,3.8843123953915253,26.84474427941309,41.48081994572397,0.7880597858714187,8.556733012723896e-07,0.009654529045380469,147,4.221679210662842,5.369175910949707,0.2582588195800781,9.849154472351074
11,2,3.141592653589793,3.141592653589793,1.4531808211959973,0.01,0.01,0.01,-7.507500464959739,-7.820117594329854,0.625625038746645,0.6516764661941545,0.004287417383799186,0.02313065843902197,3.9814328267648023,18.78874127190467,40.28453339220618,0.6555086024729236,5.9403042991021333e-05,0.009833233485593841,116,3.55971360206604,5.796610593795776,0.30031728744506836,9.656683921813965
12,3,3.141592653589793,3.141592653589793,0.1762912714967204,0.01,0.01,0.01,-7.604678512192897,-7.820117594329854,0.6337232093494081,0.6516764661941545,0.004422440246058886,0.02313065843902197,3.665030048550129,3.2236949644761994,16.567774763687563,9.999999999999997e-06,7.586405872353373e-05,0.0099069508841778,126,4.085116863250732,5.860509872436523,0.3473825454711914,10.293052911758423
13,4,1.9962367767988762,2.7549391093066973,0.5536733103655647,0.01,2.0705229422928326,0.7225774682237189,-7.375040569746819,-7.820117594329854,0.6145867141455682,0.6516764661941545,0.0025068817464375913,0.02313065843902197,3.3994824843124505,3.0682411806193253,14.959293623932728,9.999999999999997e-06,4.984236871682324e-05,0.009764161024256698,44,1.5062880516052246,6.033299446105957,0.3434751033782959,7.883107900619507
14,5,2.528272476311614,3.141592653589793,1.8062062194425315,0.6546748198168809,0.3649116277448878,1.0401417357046103,-7.2484668916667125,-7.820117594329854,0.6040389076388927,0.6516764661941545,0.002649593048561054,0.02313065843902197,3.882208678030821,3.464468048429093,14.843639774467455,0.09654256666375577,7.29430238387321e-05,0.009440293115232134,45,1.5496342182159424,5.841775894165039,0.2862510681152344,7.677703619003296
15,6,3.141592653589793,2.957479487747177,1.1388422584631803,0.07342620948712725,0.9501580813706957,0.3018449915956076,-8.91268892455274,-8.91268892455274,0.7427240770460616,0.7427240770460616,0.054959810878179444,0.054959810878179444,4.348850996888714,11.047887215518942,32.85126505120509,0.5133697661944989,5.556501022998493e-05,0.009485474580389466,38,1.30873441696167,6.078290700912476,0.24449968338012695,7.631568193435669
16,7,3.141592653589793,3.141592653589793,0.01,0.01,2.303655885884746,0.01,-7.604522327305565,-8.91268892455274,0.6337101939421305,0.7427240770460616,0.004490472848145079,0.054959810878179444,3.7128510443432035,11.775266525327035,32.78885846169916,0.4940620050485062,0.00019550816864153474,0.009570250474981005,110,3.5967295169830322,5.878414869308472,0.3145740032196045,9.789758205413818
17,8,3.141592653589793,3.141592653589793,0.01,0.01,1.5530277437942794,0.01,-7.5031333176883965,-8.91268892455274,0.6252611098073664,0.7427240770460616,0.00408814292271619,0.054959810878179444,3.8681091883885443,11.831280088832646,31.765852460487878,0.46825024438490775,8.923230777006127e-05,0.009963741941931377,119,3.8625967502593994,5.850342035293579,0.3533618450164795,10.06636929512024
18,9,3.141592653589793,3.141592653589793,0.01,0.01,0.7057686151002753,0.01,-7.614304657141233,-8.91268892455274,0.6345253880951027,0.7427240770460616,0.0045208431805064085,0.054959810878179444,3.6902936571884553,3.6252715320137945,13.989131251784269,0.2014853587442491,6.259951439437059e-05,0.008937827265895046,141,4.539480447769165,5.934207439422607,0.37860655784606934,10.852343559265137
19,10,3.141592653589793,2.7257602635250624,1.655404435206175,0.01,1.6309464334871062,0.01,-7.4642126220641964,-8.91268892455274,0.6220177185053497,0.7427240770460616,0.003899211918830297,0.054959810878179444,3.895751217215903,11.278572451308744,29.182775210469508,0.409496684945481,0.00018808066280659203,0.009721632472695791,66,2.149088144302368,5.9862871170043945,0.3335609436035156,8.468980312347412
20,11,3.141592653589793,3.141592653589793,0.01,0.01,0.01,0.01,-7.509996281831243,-8.91268892455274,0.625833023485937,0.7427240770460616,0.003951591045327744,0.054959810878179444,3.7417709019750447,4.066124105291819,14.10635327659062,0.21745556288304962,0.0006987000730373172,0.008915454934003484,106,3.456382989883423,5.781137943267822,0.38515138626098633,9.62271499633789
21,12,3.141592653589793,3.141592653589793,1.0694671239097768,0.01,1.1678586766514027,0.6876659466922785,-6.994045828154001,-8.91268892455274,0.5828371523461667,0.7427240770460616,0.020185883813858097,0.054959810878179444,6.173086647384466,12.79147379864319,31.501346210944934,0.3962754263028466,0.00024508032141813674,0.009721377143841553,77,2.5636298656463623,5.895719051361084,0.3438446521759033,8.803234100341797
22,13,3.141592653589793,3.141592653589793,0.01,0.01,3.141592653589793,0.01,-7.500084111080503,-8.91268892455274,0.6250070092567086,0.7427240770460616,0.0039076712468139145,0.054959810878179444,3.750131841439277,12.678604171298364,30.514705358952313,0.3763988135393205,0.0008613407525535769,0.0026536958610104073,108,3.5499987602233887,5.844070672988892,0.37979793548583984,9.773910760879517
23,14,3.141592653589793,3.141592653589793,0.01,0.01,0.01,0.01,-7.509608370763215,-8.91268892455274,0.6258006975636012,0.7427240770460616,0.003949901453159043,0.054959810878179444,3.742384379855771,11.824222551582828,28.263755868683948,0.35348497563057557,0.0009938512282713931,0.002746537538087047,108,3.6103579998016357,5.790542125701904,0.4094858169555664,9.810449123382568
24,15,3.141592653589793,3.141592653589793,2.43427921053376,0.01,3.141592653589793,0.01,-7.500014014274548,-8.91268892455274,0.6250011678562123,0.7427240770460616,0.0039058578554331392,0.054959810878179444,3.749855942531738,12.28728670419981,28.67415583485782,0.3399955541196912,8.758939755911735e-05,0.00985136442908382,113,3.735302209854126,5.881927728652954,0.4365088939666748,10.05378270149231
25,16,3.141592653589793,3.141592653589793,0.01,0.01,0.01,0.01,-7.508482007661402,-8.91268892455274,0.6257068339717835,0.7427240770460616,0.003948337461123231,0.054959810878179444,3.743119132166157,10.789757549223195,25.250873598954712,0.31588556424509995,0.0007148814244549537,0.005701847019447774,96,3.1569900512695312,5.844436883926392,0.47592616081237793,9.47739839553833
26,17,3.141592653589793,3.141592653589793,1.800022072669374,0.01,1.0267576015885418,0.01,-7.599298930186022,-8.91268892455274,0.6332749108488351,0.7427240770460616,0.004552757394941657,0.054959810878179444,3.781903091608669,5.4727856635412175,15.81282021604673,0.22707468048511434,4.990435993543022e-05,0.009771277307963741,114,3.7513465881347656,5.83140754699707,0.47162413597106934,10.05442190170288
27,18,1.4407552899210452,3.141592653589793,1.7270639142148643,0.01,1.1785325828226985,0.01,-7.5434723190994815,-8.91268892455274,0.6286226932582901,0.7427240770460616,0.004254527939086956,0.054959810878179444,3.8136752878318276,5.603810542398776,15.685742380900793,0.2206767625942747,9.285751104331167e-05,0.008827214173215633,84,2.8372128009796143,5.771999359130859,0.5020437240600586,9.111298561096191
28,19,3.141592653589793,3.141592653589793,1.3656331745021384,0.01,1.2104279491049945,0.01,-7.625889247584861,-8.91268892455274,0.6354907706320717,0.7427240770460616,0.004730530430293709,0.054959810878179444,3.7774452423042177,5.220695253136553,15.175613057594193,0.19935425432444442,0.0003537101804920474,0.009510674231128275,97,3.193894386291504,5.865016937255859,0.4513087272644043,9.51026201248169
29,20,3.141592653589793,0.8839644861257945,0.01,0.01,3.141592653589793,0.01,-7.499204823150687,-8.91268892455274,0.6249337352625572,0.7427240770460616,0.003901313610225143,0.054959810878179444,3.7502836974988796,5.318446737456899,15.249693694906835,0.1934386955608493,0.0003224909226849951,0.009635355697819007,107,3.509214401245117,6.0281758308410645,0.5040955543518066,10.041543006896973
30,21,3.141592653589793,2.1018646506884617,0.9593394154561588,0.01,1.241858057030333,0.01,-7.6661333811937995,-8.91268892455274,0.6388444484328166,0.7427240770460616,0.004922739856207276,0.054959810878179444,3.7416315693417133,5.178002581779867,14.977387454871247,0.1806898868190087,0.00042214408458369297,0.009684547645347798,63,2.1268465518951416,5.886162996292114,0.33308959007263184,8.346142292022705
31,22,3.141592653589793,3.141592653589793,1.2643800690101494,0.01,1.1432086925677631,0.01,-7.6360595670675,-8.91268892455274,0.636338297255625,0.7427240770460616,0.0048027669332450056,0.054959810878179444,3.777991284912453,5.0084955575300905,14.78492817987326,0.1675387698861787,0.0004896064938367155,0.009986689554577129,87,2.8714144229888916,5.813296318054199,0.43724679946899414,9.122013807296753
32,23,0.5181086374506606,3.141592653589793,1.6670002492934493,0.01,3.141592653589793,0.01,-7.49975234989449,-8.91268892455274,0.6249793624912076,0.7427240770460616,0.0039053137135957503,0.054959810878179444,3.7504964853224436,5.286529833954584,15.29156810211068,0.16787405719142348,0.00011578218781500801,0.009499911344129525,103,3.364853620529175,5.83982515335083,0.45975422859191895,9.664485692977905
33,24,0.8709841460119083,3.141592653589793,3.141592653589793,0.01,0.01,0.01,-7.686508668538589,-8.91268892455274,0.6405423890448824,0.7427240770460616,0.005036878109662991,0.054959810878179444,3.7075377056970495,5.7948085697060305,16.493388029931566,0.17337909500663118,0.00046116536196713284,0.009341263360652692,114,3.805779218673706,5.767500638961792,0.4783895015716553,10.05172324180603
34,25,1.1020573769260527,3.141592653589793,1.362488393746253,0.01,0.01,0.01,-7.269218320984656,-8.91268892455274,0.605768193415388,0.7427240770460616,0.0028736363939503755,0.054959810878179444,3.868281238709116,5.849308170110615,16.387042280125698,0.170737240439498,8.950759622300781e-05,0.009731939579298878,113,3.7095601558685303,5.986956834793091,0.41510605812072754,10.111678838729858
35,26,3.141592653589793,3.141592653589793,3.141592653589793,0.01,0.01,0.01,-7.497222565755666,-8.91268892455274,0.6247685471463055,0.7427240770460616,0.003889669714385857,0.054959810878179444,3.75222108685778,5.821074012047678,16.1729411925942,0.16408122590107196,0.0009761128696268717,0.0019275662593885312,122,4.023477554321289,5.81936502456665,0.4808168411254883,10.323714971542358
36,27,1.9146864876586527,3.141592653589793,3.141592653589793,0.01,1.994600748538598,0.01,-7.423031399996953,-8.91268892455274,0.618585949999746,0.7427240770460616,0.003637249861369757,0.054959810878179444,3.8737683639146425,5.791462894828083,16.037900493908904,0.15778072197689932,0.0001554159870235188,0.009283796043906015,98,3.228851079940796,5.735193729400635,0.43647098541259766,9.400599241256714
37,28,2.631513793883617,3.141592653589793,1.4936685983494564,0.01,1.1394950881116546,0.01,-7.6471165817960856,-8.91268892455274,0.6372597151496738,0.7427240770460616,0.004872607296172489,0.054959810878179444,3.7711451771448665,5.596273508066354,15.877599407270697,0.14733606996197418,0.0003352024910825521,0.009742706056218686,76,2.5191192626953125,5.873611688613892,0.49751949310302734,8.890308618545532
38,29,0.01,0.2328814768321088,0.01,0.01,3.141592653589793,0.01,-7.439845543755959,-8.91268892455274,0.61998712864633,0.7427240770460616,0.003632649229156225,0.054959810878179444,3.7975557459788547,5.72207145544667,16.47126036330185,0.1441274933728123,0.00026608286944812006,0.009449732887303811,114,3.7067513465881348,5.939102411270142,0.4377748966217041,10.083683013916016
39,30,1.5120031963983502,1.7847150051194256,0.01,0.01,3.141592653589793,0.01,-7.476781618504685,-8.91268892455274,0.6230651348753904,0.7427240770460616,0.003908382467858672,0.054959810878179444,2.2267183418553955,5.759968361379279,16.500161347948495,0.1397311324513869,0.00043922287123702135,0.009997524389416465,94,3.1600732803344727,5.902989387512207,0.39115023612976074,9.454268455505371
40,31,3.1415876714332986,0.5129841567383833,0.010000504609457454,0.01000901598424053,0.827303534580941,0.010002573260869311,-7.60582180454742,-8.91268892455274,0.633818483712285,0.7427240770460616,0.004477265421985849,0.054959810878179444,3.7094397689401504,5.796871186838888,16.586642945897648,0.1368412781191514,6.678957477639404e-05,0.009536723271898348,120,3.891207218170166,6.051520586013794,0.533677339553833,10.476460933685303
41,32,2.381764982578756,1.8275817630489064,1.056577139028041,0.01,1.2603462865536774,0.01,-4.896771701906248,-8.91268892455274,0.40806430849218733,0.7427240770460616,1.2423466893721496e-05,0.054959810878179444,4.43494335760202,20.775237907219164,47.59476105442834,0.38605133241307965,9.648056589691823e-05,0.009636067947289228,67,2.270646095275879,5.944586277008057,0.4250164031982422,8.640303373336792
42,33,3.141592653589793,3.141592653589793,0.01,0.01,3.141592653589793,0.01,-7.5003604904301735,-8.91268892455274,0.6250300408691811,0.7427240770460616,0.003908237048685294,0.054959810878179444,3.74959868053368,20.827726927057515,47.19698660629731,0.3768042124903348,0.0009995990591732085,0.0014918855646178283,119,3.910492181777954,5.743842363357544,0.4242827892303467,10.078700304031372
43,34,3.141592653589793,3.141592653589793,0.01,0.01,3.141592653589793,0.01,-7.499763237857617,-8.91268892455274,0.624980269821468,0.7427240770460616,0.0039058806328927985,0.054959810878179444,3.750177530959185,20.814962505719325,46.78407700559814,0.3676864693298855,0.0009856922447848485,0.001604629527640265,111,3.6541128158569336,5.904996395111084,0.5114030838012695,10.070586681365967
44,35,3.141592653589793,3.141592653589793,0.01,0.01,3.141592653589793,0.01,-7.500652563696246,-8.91268892455274,0.6250543803080205,0.7427240770460616,0.0039092546449818275,0.054959810878179444,3.7494360889106346,1.1089170246474003,15.779931512454052,9.999999999999997e-06,0.0009626188386488389,0.0018182372211145482,110,3.6094582080841064,5.8571577072143555,0.3723125457763672,9.838982820510864
45,36,3.141592653589793,2.5994105707001665,1.1044900657403336,0.43495744616098914,0.6935238504140083,0.35549054973141914,-8.369512223028764,-8.91268892455274,0.6974593519190636,0.7427240770460616,0.08696656773779737,0.08696656773779737,5.077907528199802,1.0524544280125916,15.26331535025407,9.999999999999997e-06,0.0006264558252908935,0.008753276238911763,41,1.4115369319915771,5.956719160079956,0.5413281917572021,7.909643888473511
46,37,3.141592653589793,2.7161920651411244,1.1856447346303474,0.01,0.7432681101885192,0.34106317762156885,-8.12051545674797,-8.91268892455274,0.6767096213956642,0.7427240770460616,0.029164280104177397,0.08696656773779737,5.205945690977188,19.70209485374629,43.02147117398766,0.37685639583142605,0.000668706548921777,0.006322408468956147,77,2.5585243701934814,6.009136438369751,0.45134997367858887,9.019068717956543
47,38,3.141592653589793,3.141592653589793,0.01,0.01,0.01,0.01,-7.509228304180491,-8.91268892455274,0.6257690253483742,0.7427240770460616,0.003949396302653381,0.08696656773779737,3.742339683786774,0.9638070935187392,15.154651195088187,9.999999999999997e-06,0.0007183263828636245,0.001174767424426318,128,4.17337965965271,5.993327617645264,0.4798879623413086,10.646652460098267
48,39,3.141592653589793,2.8860833095470664,1.0788090917865665,0.4438051217106839,1.0290994076983244,0.23165037860449172,-8.845875581133736,-8.91268892455274,0.7371562984278114,0.7427240770460616,0.13533035057979226,0.13533035057979226,5.637089322477252,0.9611544785391632,14.93863943902114,9.999999999999997e-06,0.0008215842790363364,0.007171799831673721,52,1.7544939517974854,6.023361921310425,0.5349667072296143,8.312882661819458
49,40,3.141592653589793,2.982737233608367,1.1616704776447382,0.27934242801480336,0.8515348767587394,0.29359357767583993,-8.633054975718535,-8.91268892455274,0.7194212479765446,0.7427240770460616,0.10721415682322857,0.13533035057979226,5.833289895569166,0.9429808070874616,15.028162193824398,9.999999999999997e-06,0.00029301203833126394,0.008735390986597298,71,2.3668594360351562,6.012360334396362,0.4215667247772217,8.800847291946411
50,41,3.141592653589793,2.7004554942806585,0.8691203293876049,0.3298165053112083,1.1098695585830034,0.2289836554246411,-10.080223622277307,-10.080223622277307,0.8400186351897756,0.8400186351897756,0.19826081271299192,0.19826081271299192,3.4368906673707897,0.8726145494370926,15.87295356591196,9.999999999999997e-06,0.0008787254357207467,0.009236684046300413,51,1.7457935810089111,5.987851858139038,0.4453277587890625,8.179028987884521
51,42,3.141592653589793,2.5456837975179334,0.5503675264630764,0.4343116340336138,1.2126295675834946,0.25068803163138215,-10.600361886485667,-10.600361886485667,0.8833634905404723,0.8833634905404723,0.22958754847668195,0.22958754847668195,1.9777609737456885,0.8825057976710405,15.910769341214655,9.999999999999997e-06,0.0006979440417169729,0.005936477753750059,43,1.460603952407837,6.05128812789917,0.4551515579223633,7.967098712921143
52,43,3.141592653589793,2.4945676467120275,0.46598581770024466,0.4964537909411903,1.246147594905806,0.26567885075803377,-10.28691359824189,-10.600361886485667,0.8572427998534908,0.8833634905404723,0.19196273335440875,0.22958754847668195,2.8156410229141926,0.8492339747755638,15.701334038574538,9.999999999999997e-06,0.0009345748548925566,0.00662464201060598,47,1.585254430770874,5.9458067417144775,0.5568509101867676,8.087969064712524
53,44,3.141592653589793,2.600307908159122,0.5587108960048826,0.3173364555214595,1.1382561467441856,0.21479721821013725,-10.57134782726884,-10.600361886485667,0.8809456522724033,0.8833634905404723,0.17390180951242262,0.22958754847668195,1.3662534855399002,0.8542068493137108,15.599070863621504,9.999999999999997e-06,0.0009650645956549617,0.00953589190101184,56,1.9027714729309082,5.987060785293579,0.7826759815216064,8.672567129135132
54,45,3.141592653589793,2.5869928732022442,0.6240575675126491,0.3562532412661435,1.2577802317755857,0.26929204904987697,-10.628028052226403,-10.628028052226403,0.8856690043522003,0.8856690043522003,0.2462359588993699,0.2462359588993699,1.8953484753816383,0.8613761630951237,15.52112911682715,9.999999999999997e-06,0.0007676046251358297,0.009958748685250464,67,2.2709805965423584,6.009723424911499,0.8044495582580566,9.085212707519531
55,46,3.141592653589793,2.593263315391038,0.6157502151178065,0.39790526850358554,1.2209608120277906,0.1943950856403004,-10.606159332062287,-10.628028052226403,0.8838466110051906,0.8856690043522003,0.20012207756194125,0.2462359588993699,1.7421348016638092,0.8669846112415831,15.434538163471421,9.999999999999997e-06,0.0009339973072342047,0.008084126004878745,54,1.8566923141479492,5.89821195602417,0.6326580047607422,8.387632846832275
56,47,3.141592653589793,2.604014330311189,0.6123312721776647,0.39984121185285454,1.166197453768237,0.297505494697849,-10.606476514631142,-10.628028052226403,0.8838730428859285,0.8856690043522003,0.2720665541863209,0.2720665541863209,2.091237506119853,0.8737669961720137,15.397100459319844,9.999999999999997e-06,0.0008621355096354993,0.009752734660884055,60,2.022554874420166,6.099636077880859,0.5443449020385742,8.66659164428711
57,48,3.141592653589793,2.5283693055318617,0.6183870767281101,0.36549865567879714,1.1920766435722483,0.258418359723977,-10.659430592744627,-10.659430592744627,0.8882858827287189,0.8882858827287189,0.24342309649793173,0.2720665541863209,1.7587086772705476,0.8809056548508183,15.362678261527122,9.999999999999997e-06,0.0009358585281078872,0.007516910033960936,46,1.5825250148773193,6.005602836608887,0.6727209091186523,8.260907649993896
58,49,3.141592653589793,2.5547639422372117,0.5818343695212417,0.35606013347958165,1.206563776562002,0.2606486301412058,-10.654939641532103,-10.659430592744627,0.8879116367943419,0.8882858827287189,0.23186358416305175,0.2720665541863209,1.634109630408659,0.8884036876141231,15.3426986039635,9.999999999999997e-06,0.0006654367691117595,0.007613220309522648,60,2.088219404220581,5.907899618148804,0.5264103412628174,8.522587776184082
59,50,3.134521540042128,2.5558794374398706,0.6137044506194662,0.379619516666932,1.2014072963777787,0.2550191906668125,-10.663897676617065,-10.663897676617065,0.8886581397180887,0.8886581397180887,0.24586941284753924,0.2720665541863209,1.8067336803319733,0.8942661793137353,15.27979336010362,9.999999999999997e-06,0.0006473516718111263,0.007676502920475375,56,2.002350091934204,6.220329523086548,0.5734686851501465,8.796208620071411
60,51,3.141592653589793,2.547463801624933,0.6176684874196124,0.3895714158266919,1.2145957303196093,0.26215677697955503,-10.63872360023112,-10.663897676617065,0.88656030001926,0.8886581397180887,0.2513658659603815,0.2720665541863209,1.9478447624637454,0.8812714578474282,15.305728904045177,9.999999999999997e-06,0.0008114474989136644,0.006256186821283208,61,2.099045753479004,6.020366191864014,0.4929769039154053,8.61244821548462
61,52,3.06562496261449,2.5604152316509605,0.606038615298624,0.35870330904038183,1.1874497054895512,0.2546918161099164,-10.696079374540592,-10.696079374540592,0.8913399478783827,0.8913399478783827,0.2669468624509592,0.2720665541863209,1.8464270181712834,0.887217810824457,15.288205603766954,9.999999999999997e-06,0.0008079901336673676,0.007783007898011434,40,1.383502721786499,5.919450759887695,0.6153013706207275,7.918313980102539
62,53,3.085037524442789,2.5612530872761208,0.6169965015554133,0.34843709507297466,1.1865381924622593,0.25373726427830134,-10.691607930677607,-10.696079374540592,0.8909673275564672,0.8913399478783827,0.2581646880440892,0.2720665541863209,1.7784751496376572,0.89347063193707,15.284866963517313,9.999999999999997e-06,0.0009977025044795665,0.005825001315797235,46,1.5914978981018066,6.006261110305786,0.6259970664978027,8.223831415176392
63,54,3.078072353846263,2.5536097694673354,0.5944188954691141,0.3727431475891038,1.1781347616418352,0.24990188424196616,-10.700297881870684,-10.700297881870684,0.8916914901558903,0.8916914901558903,0.2598401317656449,0.2720665541863209,1.787634154347515,0.89883947250114,15.266869077766493,9.999999999999997e-06,0.0008626948803901794,0.004666578679596559,40,1.4148995876312256,6.058250427246094,0.6253383159637451,8.09854793548584
64,55,3.0776553659558354,2.55444687181906,0.595282157048173,0.3717505723849022,1.179579781520813,0.2503334582873105,-10.70239385963171,-10.70239385963171,0.8918661549693092,0.8918661549693092,0.2610107359290141,0.2720665541863209,1.7894382443019765,0.898624145251933,15.261075950648854,9.999999999999997e-06,0.0008659458372847971,0.0014251833747022625,48,1.6486446857452393,5.911933422088623,0.5991127490997314,8.159751176834106
65,56,3.0778354732986455,2.5564782701560564,0.5929389004146479,0.37290320082750533,1.1854491724192038,0.24757183692617263,-10.700191667194055,-10.70239385963171,0.891682638932838,0.8918661549693092,0.2571763117015806,0.2720665541863209,1.783673160004426,0.9029086031095611,15.256707667997365,9.999999999999997e-06,0.0009825255053221554,0.0012951614869578108,54,1.8429861068725586,6.007615804672241,0.5779762268066406,8.428636312484741
66,57,3.078104625808095,2.5532133417506224,0.5943163406507521,0.37213324042718227,1.175917545328495,0.2562662233197682,-10.695981517279257,-10.70239385963171,0.8913317931066048,0.8918661549693092,0.2645217158059991,0.2720665541863209,1.820661427914203,0.9045578138384396,15.261343371816675,9.999999999999997e-06,0.0008970695548634187,0.0011541248402075158,64,2.1795663833618164,6.0058159828186035,0.6302065849304199,8.815646648406982
67,58,3.0763594921026485,2.554873227654818,0.5979600628599041,0.3712867678066685,1.1829981336005968,0.23849636112991346,-10.701019688925836,-10.70239385963171,0.8917516407438196,0.8918661549693092,0.25256862652380424,0.2720665541863209,1.7598192209037506,0.9087204328230745,15.254475791529655,9.999999999999997e-06,0.0007533893279944745,0.0015843118793387298,60,2.0203349590301514,5.913636684417725,0.8088102340698242,8.742850303649902
68,59,3.0765624030417156,2.5582062202620857,0.5977597968122738,0.37205691719835804,1.1832705089166375,0.24092415619976482,-10.700767004522163,-10.70239385963171,0.8917305837101802,0.8918661549693092,0.25483983100282015,0.2720665541863209,1.7709378142533438,0.9103196981651268,15.254300062847882,9.999999999999997e-06,0.00042899598679348546,0.0006375336178341344,63,2.1777150630950928,6.01037335395813,0.7479839324951172,8.936131715774536
69,60,3.0777166933506517,2.550905461742582,0.5959387162826922,0.3688231281597672,1.1859175564174755,0.24105192384611784,-10.70268947664229,-10.70268947664229,0.8918907897201908,0.8918907897201908,0.25284334567311906,0.2720665541863209,1.7479058277859139,0.9129892536119569,15.25588623711152,9.999999999999997e-06,0.000709243527909436,0.0007883744265617033,68,2.2811601161956787,6.00808310508728,0.7784779071807861,9.06780219078064
70,61,3.077765636227265,2.5490046034768823,0.5954118887728375,0.3678330511102819,1.1870237006993158,0.24047609401185277,-10.7036514820238,-10.7036514820238,0.8919709568353166,0.8919709568353166,0.2517917383174459,0.2720665541863209,1.7394154472441272,0.913693399360789,15.258613742412976,9.999999999999997e-06,0.0010011386558267574,0.0009893713136867874,54,1.8693311214447021,6.040820837020874,0.5398387908935547,8.450049638748169
71,62,3.0774638236613923,2.546119631237661,0.5943727248895774,0.36635118490947155,1.188723592487978,0.2395678138399563,-10.703965973799798,-10.703965973799798,0.8919971644833166,0.8919971644833166,0.2515475804872649,0.2720665541863209,1.737707531870214,0.9145545377465346,15.260790223329217,9.999999999999997e-06,0.0009593246165426233,0.0010560328546187375,60,2.0615880489349365,5.934011459350586,0.5899081230163574,8.58556866645813
72,63,3.077135879277394,2.5450272313531186,0.5938193507726821,0.3657909451451718,1.1894026869575476,0.2391764126000313,-10.705763211080983,-10.705763211080983,0.8921469342567486,0.8921469342567486,0.25050040818189845,0.2720665541863209,1.7210510834277528,0.9145910555340045,15.266222223066178,9.999999999999997e-06,0.0009223939320024983,0.0010657656399350051,60,2.0445988178253174,5.991788148880005,0.6346898078918457,8.671139478683472
73,64,3.0746322610558816,2.5414143968974683,0.5907230160367388,0.3636627647332341,1.1919400341631328,0.23733071241271497,-10.708492845710843,-10.708492845710843,0.8923744038092369,0.8923744038092369,0.24877279128674296,0.2720665541863209,1.7024356397653122,0.9149445738020108,15.28499362574742,9.999999999999997e-06,0.0008987118120239234,0.0010605134632338971,55,1.8755748271942139,5.979463338851929,0.9025533199310303,8.757649898529053
74,65,3.0693813735806046,2.5379138108589174,0.5851685997169008,0.36091593981243086,1.1949325772389974,0.2342965494305158,-10.712018363181228,-10.712018363181228,0.892668196931769,0.892668196931769,0.24584596293570427,0.2720665541863209,1.6736897345073913,0.9151247238361326,15.309487465866,9.999999999999997e-06,0.0007390700135541053,0.0009967869697566005,52,1.7757039070129395,5.9395058155059814,0.7546849250793457,8.469953536987305
75,66,3.0633399558434173,2.5360538892942865,0.5793288625575851,0.35854994914729754,1.1971108184607844,0.2311372598034455,-10.717385546256345,-10.717385546256345,0.8931154621880287,0.8931154621880287,0.24353149800254148,0.2720665541863209,1.644541562352046,0.9144155285481393,15.341748356973458,9.999999999999997e-06,0.0006575388440229968,0.00209456077588574,53,1.819624662399292,5.982314586639404,0.6843287944793701,8.486337661743164
76,67,3.0467362286448463,2.5364821227455585,0.5663115341755186,0.3544058698113214,1.2003416973093544,0.22370947129756968,-10.725478341438302,-10.725478341438302,0.8937898617865252,0.8937898617865252,0.24044337446334269,0.2720665541863209,1.6046541716807496,0.9167106444328397,15.383272448184552,9.999999999999997e-06,0.0004607412519352678,0.003376369386927549,53,1.8728537559509277,6.012850761413574,0.6339600086212158,8.519733190536499
77,68,3.0344852032909495,2.5387602503182807,0.5591513667810531,0.3528010717094598,1.2025369724705315,0.21918112611861787,-10.728866101513097,-10.728866101513097,0.8940721751260914,0.8940721751260914,0.2407653349841571,0.2720665541863209,1.6026431780550325,0.9201359226761795,15.405592707235016,9.999999999999997e-06,0.0009020088661600862,0.0028696945153516354,48,1.7151308059692383,5.918194055557251,0.6582729816436768,8.291658401489258
78,69,3.030069629452937,2.5398670921404576,0.5572463144114106,0.35258068810716947,1.2035920335252317,0.21782046508616043,-10.728474547940388,-10.728866101513097,0.8940395456616991,0.8940721751260914,0.24040343226394056,0.2720665541863209,1.606580106733432,0.9214112850682498,15.405082969194483,9.999999999999997e-06,0.0006269635077957771,0.0013923949157420065,52,1.785752773284912,6.039121627807617,0.593907356262207,8.41884970664978
79,70,3.0305870490136084,2.539696994423371,0.557372355646458,0.3525522714339889,1.2033521138599363,0.21795138634151714,-10.727462447992213,-10.728866101513097,0.8939552039993511,0.8940721751260914,0.2400214113056064,0.2720665541863209,1.6103169006740643,0.9216176744438618,15.401517744409217,9.999999999999997e-06,0.0009254540289264768,0.0014412872154615345,51,1.7783286571502686,6.026934623718262,0.6417372226715088,8.447057008743286
80,71,3.0316944540922313,2.5380996574700005,0.5570939458086219,0.3532441446568832,1.1988208402368923,0.21822271306997845,-10.728326785898485,-10.728866101513097,0.8940272321582071,0.8940721751260914,0.2393992123329239,0.2720665541863209,1.5978623758324062,0.924323824997004,15.401931510209492,9.999999999999997e-06,0.0009793827856115823,0.0018279593157816024,49,1.7234046459197998,5.921277284622192,0.6884951591491699,8.333235025405884
81,72,3.0319660876661056,2.538459216847979,0.5572443253475411,0.35285204738048653,1.1998915103454195,0.21833120955473523,-10.73018373881952,-10.73018373881952,0.8941819782349599,0.8941819782349599,0.24085318275429368,0.2720665541863209,1.6012493328700401,0.9244358543397785,15.404250357678414,9.999999999999997e-06,0.0007886310699193559,0.0014471375742754601,54,1.8706564903259277,6.038292169570923,0.7388181686401367,8.647821426391602
82,73,3.0301243755827745,2.5363999086680553,0.554405449474881,0.352142481495052,1.1915848757960292,0.21830993518184638,-10.734040611234157,-10.734040611234157,0.894503384269513,0.894503384269513,0.24020379412134363,0.2720665541863209,1.5748230718919132,0.9246774610896561,15.420566777109219,9.999999999999997e-06,0.0008043478425021596,0.0013567134657234304,51,1.752120018005371,5.978708267211914,0.7881186008453369,8.51906943321228
83,74,3.022922660484177,2.5308616313104206,0.5476859239829909,0.3495784281015165,1.1751272132498407,0.21838701276204076,-10.743675531385986,-10.743675531385986,0.8953062942821655,0.8953062942821655,0.2409089558452048,0.2720665541863209,1.5308902876597585,0.924879642717444,15.459781207568604,9.999999999999997e-06,0.0007156571562125734,0.002843912736492983,42,1.5268497467041016,5.90886664390564,0.7097253799438477,8.145496845245361
84,75,3.0045429609234224,2.5218211532767194,0.5357327153927245,0.3463099203667986,1.156372098589726,0.21862041263126322,-10.74916367838377,-10.74916367838377,0.8957636398653142,0.8957636398653142,0.24310240106817288,0.2720665541863209,1.5160826441652375,0.929659972849812,15.484425474711886,9.999999999999997e-06,0.0009007829299959475,0.004879688959160313,47,1.946565866470337,6.0450074672698975,0.6844611167907715,8.676095485687256
85,76,3.005191586185716,2.5221008471692916,0.5362411373099899,0.3463902753994984,1.156863570118921,0.21861049479903596,-10.750883341060511,-10.750883341060511,0.895906945088376,0.895906945088376,0.24383549215108277,0.2720665541863209,1.5160330178749604,0.9295568081154276,15.487094103645061,9.999999999999997e-06,0.000952642066316608,0.001992820087252284,50,1.8407549858093262,5.961423635482788,0.5941362380981445,8.396371841430664
86,77,3.002025989787915,2.522651801119057,0.5369428664282438,0.35088484387550095,1.1531392242077794,0.21542645127839924,-10.746315759152802,-10.750883341060511,0.8955263132627335,0.895906945088376,0.24407220321827894,0.2720665541863209,1.5391147205283602,0.9323057562296431,15.481093306507494,9.999999999999997e-06,0.0008611969625707319,0.0018222951547618507,53,2.0364902019500732,5.920810699462891,0.6688766479492188,8.626236915588379
87,78,3.005879770851492,2.5182890389088226,0.530733172753479,0.3331804445105637,1.16166926274849,0.22705781900568595,-10.758144640258687,-10.758144640258687,0.8965120533548906,0.8965120533548906,0.24519654052885598,0.2720665541863209,1.4770312580608476,0.9333172474609278,15.503079539512001,9.999999999999997e-06,0.0007319046314442296,0.002810493006225017,46,1.7771198749542236,5.9712769985198975,0.7619733810424805,8.510426759719849
88,79,2.9959742608177815,2.5154420203807946,0.519613539795042,0.3189444053244195,1.163801293876626,0.23517146651204046,-10.757408671031497,-10.758144640258687,0.896450722585958,0.8965120533548906,0.24748997897646036,0.2720665541863209,1.4669114016252678,0.9375262758786613,15.501262880446188,9.999999999999997e-06,0.0008051668384672031,0.003811536785884161,50,1.8296232223510742,6.045058488845825,0.7746891975402832,8.64942717552185
89,80,3.006505358976533,2.509820371482365,0.5273806242403537,0.3227732956228762,1.1637242766191176,0.22971536551239027,-10.7514930707794,-10.758144640258687,0.8959577558982833,0.8965120533548906,0.24207456151728046,0.2720665541863209,1.4598275719812221,0.939588319622769,15.496570736616933,9.999999999999997e-06,0.0005896212616460748,0.003196317381920084,52,1.9450390338897705,5.8932623863220215,0.6889474391937256,8.527303218841553
90,81,2.9847677725161046,2.54125760810658,0.5126422033807503,0.33284097706685867,1.1539401602074955,0.25066511024937155,-10.770159192408174,-10.770159192408174,0.8975132660340145,0.8975132660340145,0.2681478298764786,0.2720665541863209,1.5521697200552182,0.9414862495703069,15.493057588734043,9.999999999999997e-06,0.0007421103400001243,0.006519758076895615,46,1.7251920700073242,5.999603986740112,0.54225754737854,8.267110347747803
91,82,2.985421088854826,2.5405508443799767,0.5132561953690328,0.33258538523945297,1.154449870527591,0.24982722308000987,-10.771177916925854,-10.771177916925854,0.8975981597438212,0.8975981597438212,0.26819558917900155,0.2720665541863209,1.5486480627199768,0.9413170312871832,15.49124062843964,9.999999999999997e-06,0.000684891002504191,0.001344816787553459,47,1.6872620582580566,6.063159465789795,0.8184187412261963,8.568906784057617
92,83,2.985417748279533,2.5421428683271583,0.515006980304197,0.3313148081499386,1.154326244068071,0.24951365779695228,-10.771411638399826,-10.771411638399826,0.8976176365333188,0.8976176365333188,0.26829257322997646,0.2720665541863209,1.5535386511216984,0.942521592033295,15.492608336008832,9.999999999999997e-06,0.0007649552142319399,0.0014202409995904826,47,2.0384984016418457,5.9578166007995605,0.6158876419067383,8.61226224899292
93,84,2.984783106446396,2.5436043618183937,0.5166632390834751,0.3297191097804183,1.1538934315307459,0.2491065754193901,-10.769880065093233,-10.771411638399826,0.897490005424436,0.8976176365333188,0.26693011734689376,0.2720665541863209,1.545522580661867,0.9445707954123076,15.49045549723368,9.999999999999997e-06,0.0008461315056108023,0.001404907975651567,46,1.9999680519104004,5.926352024078369,0.6550424098968506,8.581433057785034
94,85,2.98807485647636,2.5404274783878114,0.5120894707568034,0.33399041064335194,1.1554183019357243,0.24996190457333534,-10.76951194176454,-10.771411638399826,0.8974593284803783,0.8976176365333188,0.2671526441674784,0.2720665541863209,1.5477502213659307,0.9464125989066481,15.500188428074564,9.999999999999997e-06,0.0008935803153389425,0.0012048163487276254,49,2.2010724544525146,5.990890741348267,0.6769700050354004,8.868994951248169
95,86,2.9798553474287997,2.5400828841896645,0.5163832856155912,0.33207562454997447,1.1540452254343185,0.25245051464925594,-10.767508758134433,-10.771411638399826,0.8972923965112027,0.8976176365333188,0.27176509265346127,0.2720665541863209,1.5875037051959424,0.9486698190262624,15.491415246370137,9.999999999999997e-06,0.0007600867564020367,0.001313436751380808,54,2.323340654373169,5.986890554428101,0.6595220565795898,8.969808101654053
96,87,2.9898465644003185,2.544343896608525,0.51059080454927,0.32965020391329786,1.1527781276661526,0.24457677891677215,-10.774951294901513,-10.774951294901513,0.8979126079084594,0.8979126079084594,0.2596154330551414,0.2720665541863209,1.4820386311751292,0.9493237996101376,15.508942645088402,9.999999999999997e-06,0.0009783383754819604,0.0014497367750074778,44,1.7496483325958252,5.95071816444397,0.6531643867492676,8.353588819503784
97,88,2.985947821445797,2.5502294422195493,0.49941235059684536,0.3250610321028143,1.1465185973722345,0.2367918578289912,-10.783392793168101,-10.783392793168101,0.8986160660973418,0.8986160660973418,0.2519181688186537,0.2720665541863209,1.3973083427692927,0.9508863155801395,15.563693554783887,9.999999999999997e-06,0.0007423961396734152,0.002941502858431657,43,1.9267334938049316,5.9904561042785645,0.701303243637085,8.61854863166809
98,89,2.964731003596624,2.556646121988373,0.47568156394959094,0.32016294499054065,1.13496461225372,0.22947808871144293,-10.799408166316843,-10.799408166316843,0.8999506805264036,0.8999506805264036,0.24621518256006714,0.2720665541863209,1.2999480629931384,0.9541625384839759,15.648704943630962,9.999999999999997e-06,0.0006952866360581855,0.004159435782163426,47,2.0503175258636475,6.055939435958862,0.8574123382568359,8.96373987197876
99,90,2.9335603602743077,2.559830662050215,0.4446947434272403,0.31736806378136967,1.117798743354835,0.2267796410332661,-10.811722410385856,-10.811722410385856,0.9009768675321547,0.9009768675321547,0.24523482385717524,0.2720665541863209,1.2395420353559672,0.9596666419485301,15.706747330708108,9.999999999999997e-06,0.0007353104750711973,0.005939890426643494,43,1.8549039363861084,5.922348737716675,0.7307243347167969,8.508033514022827
100,91,2.9268611507185107,2.5596607359319554,0.43775827946346085,0.31706257082672357,1.112813199553174,0.2270430519997496,-10.81382257989666,-10.81382257989666,0.901151881658055,0.901151881658055,0.24598510926290698,0.2720665541863209,1.229456243626359,0.9627579969390364,15.73101874491057,9.999999999999997e-06,0.0005530331604413938,0.002162038482672642,42,2.1051642894744873,5.992492437362671,0.7636208534240723,8.861336946487427
101,92,2.9220208060739985,2.5589581830970882,0.4322927522266974,0.31696303230400996,1.1079009204803756,0.22777473130435302,-10.815022316056611,-10.815022316056611,0.9012518596713842,0.9012518596713842,0.2460954451655233,0.2720665541863209,1.2214753586904266,0.9648768851583661,15.74359353759318,9.999999999999997e-06,0.000718770138481079,0.002369071662728369,42,2.0680315494537354,5.9559485912323,0.8240914344787598,8.848129272460938
102,93,2.9189257947068183,2.557836319539289,0.42812059316986517,0.3169731970705183,1.1029844456334026,0.22887094513709128,-10.815656745943787,-10.815656745943787,0.901304728828649,0.901304728828649,0.24800685564583147,0.2720665541863209,1.2234292090507353,0.9666014036156957,15.749173063944694,9.999999999999997e-06,0.0008003128849602053,0.0024431774545608208,50,2.338824987411499,5.923706531524658,0.7718417644500732,9.03442668914795
103,94,2.9182221907831294,2.5568258816567035,0.42633423015002536,0.3169954812345401,1.0996818805412367,0.22984823248705025,-10.812908559632648,-10.815656745943787,0.9010757133027206,0.901304728828649,0.24818488883959205,0.2720665541863209,1.2267746568821138,0.9677832962695988,15.75257262797468,9.999999999999997e-06,0.0007156553594171901,0.0019340073720247682,48,1.9792110919952393,6.051449537277222,0.8649957180023193,8.895715475082397
104,95,2.913767939814972,2.561387971808814,0.42721959169495766,0.3170363131786249,1.1111683033906588,0.22517982655749844,-10.8179502021367,-10.8179502021367,0.9014958501780583,0.9014958501780583,0.24639282530990414,0.2720665541863209,1.2170039197501694,0.9717891586761079,15.785260204667935,9.999999999999997e-06,0.0008520977499433009,0.0022242412897141794,49,2.1122348308563232,6.009397983551025,0.8235676288604736,8.945284605026245
105,96,2.896403518117961,2.5653602140194223,0.41457897707781943,0.3181831800392522,1.1191641644611912,0.21860902337669585,-10.822624604049848,-10.822624604049848,0.9018853836708206,0.9018853836708206,0.24411442934031313,0.2720665541863209,1.2006947369086305,0.9751696264985859,15.822599707967969,9.999999999999997e-06,0.000863317322677014,0.004330593885440171,48,2.2144663333892822,5.936512231826782,0.8431344032287598,8.994171142578125
106,97,2.893168080907511,2.565523770865935,0.4114505036891109,0.3185129636658313,1.1200469190939262,0.21737835874327444,-10.821886629874864,-10.822624604049848,0.9018238858229054,0.9018853836708206,0.24269702289628547,0.2720665541863209,1.192851856253526,0.9759404951081082,15.82018893866274,9.999999999999997e-06,0.0010009557775460891,0.0023005680929132173,45,2.1410927772521973,6.043551921844482,0.8446884155273438,9.029393196105957
107,98,2.892941388336879,2.568421098567588,0.4152329210808089,0.31879698976085846,1.1190419098315407,0.21881769714100777,-10.823056537731102,-10.823056537731102,0.9019213781442584,0.9019213781442584,0.2457904384244705,0.2720665541863209,1.2091452930398106,0.9782619159964708,15.822997398994964,9.999999999999997e-06,0.0006809626865368565,0.0018542965692569184,54,2.479004383087158,5.953047513961792,0.7607555389404297,9.192865371704102
108,99,2.8904588338891126,2.571443423106828,0.41684407478896024,0.31943549163593626,1.1178078382288954,0.21957633821969091,-10.82197420986912,-10.823056537731102,0.90183118415576,0.9019213781442584,0.24760710137604136,0.2720665541863209,1.2254094457325095,0.9801624627600659,15.82630372656885,9.999999999999997e-06,0.0007695660108982653,0.0017683356934574867,44,2.166429042816162,5.943148136138916,0.9125087261199951,9.022144079208374
109,100,2.8925049802761476,2.568039302424847,0.4143051337683985,0.31478391443407294,1.1215818499732764,0.22195644737493198,-10.825859973852943,-10.825859973852943,0.9021549978210786,0.9021549978210786,0.24749496195434628,0.2720665541863209,1.209987703427629,0.9829181410077812,15.847336193745118,9.999999999999997e-06,0.0007825769518596163,0.0016357335260410166,47,2.2942709922790527,5.986550569534302,0.7883579730987549,9.069234848022461
110,101,2.882752700468537,2.569240011696849,0.4040464684181861,0.29442436583474035,1.128217182732587,0.2391550127668479,-10.824375014777669,-10.825859973852943,0.9020312512314724,0.9021549978210786,0.25607106993739065,0.2720665541863209,1.238587667724758,0.9859630465868015,15.845627188926619,9.999999999999997e-06,0.0007839596645735583,0.0052215771446005475,42,2.0537965297698975,6.00098180770874,0.7574765682220459,8.81231427192688
111,102,2.889013912442172,2.5671080732519833,0.4168023027343331,0.29912778406555823,1.1266212145692616,0.2259034541307744,-10.827516612945002,-10.827516612945002,0.9022930510787502,0.9022930510787502,0.2489940426303271,0.2720665541863209,1.2095347450163842,0.9900867849913316,15.859851151661285,9.999999999999997e-06,0.0007873723711218607,0.003974234252211145,53,2.5552847385406494,5.972205877304077,0.6787929534912109,9.20634913444519
112,103,2.8893868454699803,2.5674855913857915,0.4155913128241041,0.3009117445269689,1.1267669226589798,0.22734682680723958,-10.828993425517764,-10.828993425517764,0.902416118793147,0.902416118793147,0.2507722724549355,0.2720665541863209,1.2131412058948996,0.9899701282595511,15.853134200907961,9.999999999999997e-06,0.0006366188855020577,0.0013008258772083973,52,2.364659309387207,6.047616243362427,0.9090719223022461,9.321404218673706
113,104,2.8889882909881317,2.5649155691818506,0.41924802095517166,0.3025215098224451,1.1301468065762164,0.229886040721452,-10.828630115729576,-10.828993425517764,0.9023858429774646,0.902416118793147,0.2541817401102353,0.2720665541863209,1.2409423163728093,0.9929579956870733,15.859211413475776,9.999999999999997e-06,0.0008034073268680335,0.0011369686518034178,54,2.5925021171569824,5.989257574081421,0.8037285804748535,9.385552406311035
114,105,2.8888658745555102,2.56479348061611,0.41928610335129785,0.30252993358296826,1.1301385225789227,0.22988440384069184,-10.8286834724151,-10.828993425517764,0.9023902893679251,0.902416118793147,0.254446637872923,0.2720665541863209,1.2447326444565476,0.9934631476875313,15.860220685931399,9.999999999999997e-06,0.0009483478477219316,0.001289972990949098,51,2.4707489013671875,5.950119972229004,0.858938455581665,9.279865980148315
115,106,2.8887968984207797,2.564694503070727,0.41932954576767834,0.30257608910931694,1.1301640209446255,0.2299344679580478,-10.828241360893404,-10.828993425517764,0.9023534467411171,0.902416118793147,0.2532924327733645,0.2720665541863209,1.2373292963432903,0.9937529688598411,15.861560254656949,9.999999999999997e-06,0.0009029948641495774,0.0012134763672916025,49,2.37152099609375,5.912106037139893,0.885366678237915,9.169051885604858
116,107,2.8895916673314894,2.5655695245532417,0.419115922084883,0.3022843533124741,1.1303409896822725,0.22965096751548206,-10.827731886220901,-10.828993425517764,0.9023109905184085,0.902416118793147,0.25357687378886024,0.2720665541863209,1.2396397164112898,0.9941294860390665,15.8658230545029,9.999999999999997e-06,0.0007851030216959189,0.0010912944789011126,54,2.594510316848755,5.961690902709961,0.9547019004821777,9.51096224784851
117,108,2.8862548012174396,2.5632630030820382,0.4182551000105481,0.30153550123664713,1.1269866320284176,0.2287347476831732,-10.827160368129666,-10.828993425517764,0.9022633640108055,0.902416118793147,0.2540309307192594,0.2720665541863209,1.2445357816065012,0.995490120942477,15.861294659584958,9.999999999999997e-06,0.0009338908724011439,0.00099811160160786,48,2.3955447673797607,5.982824325561523,0.7913424968719482,9.169766664505005
118,109,2.892880073836317,2.568905494675189,0.41840886306879477,0.30217353153583454,1.1324905566783119,0.22960558501310985,-10.828514582419464,-10.828993425517764,0.902376215201622,0.902416118793147,0.25246399963836597,0.2720665541863209,1.2306934291612635,0.9969358075480322,15.865428247148108,9.999999999999997e-06,0.000846649713314744,0.0010296852516470448,50,2.4432249069213867,5.923337459564209,0.7972350120544434,9.16387677192688
119,110,2.8926628382301143,2.5687014400898582,0.41837779207180525,0.30216983123861985,1.1322377443149194,0.22957483795641587,-10.827536215378009,-10.828993425517764,0.9022946846148341,0.902416118793147,0.2523563329790329,0.2720665541863209,1.232145911691589,0.997671636154378,15.87252365748781,9.999999999999997e-06,0.0008029842436110328,0.0009569110050956524,52,2.558419704437256,6.008071422576904,0.9327750205993652,9.49932312965393
120,111,2.891183911404387,2.5673395440783118,0.4181108963252705,0.3022209212721948,1.13035980305135,0.22956725357328356,-10.826394880333902,-10.828993425517764,0.9021995733611585,0.902416118793147,0.25188186931467693,0.2720665541863209,1.2326093983173365,0.9982377668080403,15.88229128771384,9.999999999999997e-06,0.0007736496183621989,0.0008242523884131084,65,3.0521349906921387,6.055616617202759,0.9094498157501221,10.017258405685425
121,112,2.888969396502699,2.564976812600673,0.41663110542394144,0.30067925093910286,1.132286839478291,0.22585748633467928,-10.829174896724824,-10.829174896724824,0.9024312413937353,0.9024312413937353,0.2505060055545222,0.2720665541863209,1.2177066383059412,0.9997795143480828,15.898986773792199,9.999999999999997e-06,0.0007812445692278955,0.0009052584150086454,54,2.646169662475586,5.903587579727173,0.9153189659118652,9.465137481689453
122,113,2.8885885401688314,2.563892772869179,0.41551591025441614,0.2995256533374067,1.1345983295271131,0.22362076710043383,-10.830313953922506,-10.830313953922506,0.9025261628268755,0.9025261628268755,0.24779513523492552,0.2720665541863209,1.2015979280060378,1.00117955761277,15.920607528959966,9.999999999999997e-06,0.0008675013315222726,0.0010386669599404634,52,2.493448495864868,5.993712902069092,0.9217774868011475,9.408996820449829
123,114,2.8880501958220712,2.562574291408676,0.4137428190141505,0.297764467082194,1.1392820413898592,0.21975608392640086,-10.829204340768555,-10.830313953922506,0.9024336950640462,0.9025261628268755,0.24381583574497007,0.2720665541863209,1.1840176137515073,1.0025710266203827,15.924633294256136,9.999999999999997e-06,0.0009796871236994202,0.001239004154802257,57,2.847898244857788,5.965443134307861,0.8796350955963135,9.693035364151001
124,115,2.8882474284691835,2.5618703759829615,0.41366313594631365,0.2977558447337182,1.1368573830975572,0.22095986856685917,-10.829296559476532,-10.830313953922506,0.9024413799563776,0.9025261628268755,0.2455712988622587,0.2720665541863209,1.1929083160003984,1.002807462359498,15.925359302847333,9.999999999999997e-06,0.0009291624796722856,0.0010593678260755243,53,2.5477511882781982,5.943477153778076,0.9727072715759277,9.464002847671509
125,116,2.8874070706888677,2.5631426912576045,0.4144285173530011,0.2980942787754316,1.137086192295928,0.22093368805232771,-10.828155104844996,-10.830313953922506,0.902346258737083,0.9025261628268755,0.2449542581763252,0.2720665541863209,1.1923054571521021,1.0029363542078862,15.920897585223884,9.999999999999997e-06,0.0007261033697777375,0.0008861564208406633,57,2.7486090660095215,6.018163442611694,0.9693300724029541,9.736177444458008
126,117,2.891473179308208,2.559575490680287,0.41264984351488304,0.2991476182629853,1.1360923642175311,0.22375872945102085,-10.826536776767998,-10.830313953922506,0.9022113980639999,0.9025261628268755,0.2459916547419721,0.2720665541863209,1.197142400446836,1.004303188355478,15.940722761630518,9.999999999999997e-06,0.0009217761868667876,0.0008643676358052708,55,2.6791412830352783,5.989719867706299,0.7563772201538086,9.42529845237732
127,118,2.8824398517020087,2.5701523437790748,0.41872969950421646,0.2971237665275037,1.136644609818997,0.21959723099908002,-10.831578305220857,-10.831578305220857,0.9026315254350714,0.9026315254350714,0.24667794577104118,0.2720665541863209,1.2002708224850238,1.0058476511514425,15.965848910742292,9.999999999999997e-06,0.0008831307787284449,0.0010994735697765086,53,2.561685085296631,5.9606544971466064,1.0580923557281494,9.580490589141846
128,119,2.878636867563388,2.57357227635963,0.42033712463731143,0.295372664644522,1.1379032353357255,0.21752869205364347,-10.833064891314569,-10.833064891314569,0.9027554076095474,0.9027554076095474,0.24679036237146323,0.2720665541863209,1.1997466702811437,1.0066832589468884,15.984202497261135,9.999999999999997e-06,0.0009189292883712936,0.0012789043764371395,50,2.2665936946868896,5.990694046020508,0.990062952041626,9.247410535812378
129,120,2.8745480409988082,2.5766904123826047,0.4214271805908872,0.2936091116208901,1.1391808238356895,0.21570915864491005,-10.833853298382571,-10.833853298382571,0.9028211081985477,0.9028211081985477,0.2460399251798031,0.2720665541863209,1.197343445905318,1.0077713800560284,15.999778273025365,9.999999999999997e-06,0.0008565037583033663,0.001453342938549465,50,2.3505301475524902,6.000336408615112,0.9654526710510254,9.31637716293335
130,121,2.8716033608864278,2.5783846131813757,0.4215243139753767,0.29265060451006913,1.1399999217307475,0.21474140274835363,-10.83594248168883,-10.83594248168883,0.9029952068074025,0.9029952068074025,0.2468745850350464,0.2720665541863209,1.199414987650286,1.0084071933135885,16.022470762377615,9.999999999999997e-06,0.0007441752608045352,0.001255582457441574,50,2.3795199394226074,5.909703493118286,0.9908747673034668,9.280170202255249
131,122,2.862296006337787,2.581846245527616,0.4194529290222171,0.29111353113020627,1.142124617195143,0.21265012521662913,-10.836649846984576,-10.836649846984576,0.9030541539153814,0.9030541539153814,0.24573569646876742,0.2720665541863209,1.1954597183056705,1.0108427345329447,16.052914547686942,9.999999999999997e-06,0.0007042462615371986,0.0012871561392987277,47,2.306609869003296,6.074884414672852,0.7732875347137451,9.154838800430298
132,123,2.8580588218539895,2.5827304939201854,0.4176620337386584,0.29095381189563363,1.1428354274198003,0.21196792984521465,-10.835299959236037,-10.836649846984576,0.9029416632696697,0.9030541539153814,0.24708100374947983,0.2720665541863209,1.2087031148162168,1.0118893486438043,16.04971021052711,9.999999999999997e-06,0.000742474057077691,0.0014751325149084664,48,2.30141019821167,5.979445695877075,0.8559510707855225,9.136867761611938
133,124,2.8624758552288307,2.583071202424092,0.4208299785456377,0.2900683418527027,1.142704550459666,0.21223331657324304,-10.835449298339366,-10.836649846984576,0.9029541081949471,0.9030541539153814,0.24526595702296733,0.2720665541863209,1.196058947357912,1.012504789021121,16.052397002384648,9.999999999999997e-06,0.0008372692128779959,0.001224087928595947,55,2.7229249477386475,5.8777666091918945,1.159468650817871,9.760220766067505
134,125,2.860838941312401,2.5810844230379533,0.4182127980509188,0.28977476021193255,1.1389058379987516,0.2113556879754659,-10.834627143403056,-10.836649846984576,0.902885595283588,0.9030541539153814,0.2449507841543393,0.2720665541863209,1.1936592286006658,1.013348913460283,16.050559953274675,9.999999999999997e-06,0.0009793714215938852,0.0014051773397167225,52,2.5999789237976074,5.996300458908081,0.8869378566741943,9.483275890350342
135,126,2.8631110469000025,2.5831411856060145,0.4211028725429823,0.2941386060369005,1.148242542513916,0.21487652473046132,-10.837028072915974,-10.837028072915974,0.9030856727429978,0.9030856727429978,0.24893550816275656,0.2720665541863209,1.2176137881159406,1.0143895433509924,16.05126317862661,9.999999999999997e-06,0.0009176026390345703,0.0009836767494843662,55,2.7372541427612305,5.974476099014282,1.1565146446228027,9.868310451507568
136,127,2.8626297704156163,2.5837411792566947,0.42145368848258685,0.2953512953219724,1.1507754136000388,0.21561223078768482,-10.837091857634743,-10.837091857634743,0.9030909881362286,0.9030909881362286,0.24945726825284625,0.2720665541863209,1.2237019949130143,1.0149238562134086,16.053141395822646,9.999999999999997e-06,0.0007548116263304164,0.0010706093313999038,54,2.5265979766845703,6.017367839813232,0.9807298183441162,9.524751901626587
137,128,2.8624650841360078,2.5838965807935304,0.4215337981994598,0.295667669667307,1.1514569409145807,0.21578619738634935,-10.838700914479706,-10.838700914479706,0.9032250762066422,0.9032250762066422,0.25103125649217717,0.2720665541863209,1.229280469731421,1.0146802252624922,16.051183920718543,9.999999999999997e-06,0.000831100833214325,0.0010971816390907706,52,2.526545524597168,5.921869993209839,0.9419350624084473,9.39042353630066
138,129,2.860405395490763,2.5850897520829186,0.42161368410194383,0.29799881507000386,1.1569852350185819,0.21682499424376542,-10.83560471789636,-10.838700914479706,0.9029670598246966,0.9032250762066422,0.2530354409803012,0.2720665541863209,1.2572885908024034,1.0158654876056419,16.05228688087606,9.999999999999997e-06,0.0009446630091954556,0.0011030330790852947,48,2.337646484375,6.022343873977661,1.1985862255096436,9.558637619018555
139,130,2.8666649244457183,2.588473996725218,0.4263666237229385,0.29262802520072023,1.1531061171718933,0.2154708718542891,-10.83690803552029,-10.838700914479706,0.9030756696266908,0.9032250762066422,0.24950831623899183,0.2720665541863209,1.2258334593758917,1.018200165838963,16.06453193620691,9.999999999999997e-06,0.0008560488245313596,0.0011076763373765565,54,2.653254985809326,6.000868320465088,0.8998138904571533,9.554073095321655
140,131,2.8621684914984065,2.5841477048839314,0.4277937511621054,0.29529693473898294,1.149963629204578,0.21901649926929453,-10.836607899779485,-10.838700914479706,0.9030506583149571,0.9032250762066422,0.2550863673278385,0.2720665541863209,1.2619914951713582,1.0202892950947096,16.07582890138898,9.999999999999997e-06,0.0006055215465237372,0.0007372101578508281,55,2.6503140926361084,5.879119157791138,1.0487265586853027,9.578218936920166
141,132,2.8646756807902896,2.5884609572615433,0.4207541475471969,0.2964068304061089,1.1503870381185892,0.21596237038658012,-10.833269308240315,-10.838700914479706,0.9027724423533595,0.9032250762066422,0.24920914438590433,0.2720665541863209,1.2311224319327039,1.0217251708405473,16.102647486318023,9.999999999999997e-06,0.0008772317516189228,0.0008217317030666606,61,3.1038551330566406,5.994266510009766,1.0403313636779785,10.138514757156372
142,133,2.8612670279552987,2.5770444301804503,0.4275306432647984,0.2901161160954266,1.1551523089454778,0.21442028936677615,-10.837357839257342,-10.838700914479706,0.9031131532714451,0.9032250762066422,0.25183645025377144,0.2720665541863209,1.2474970721518446,1.0242415558825786,16.116556043783167,9.999999999999997e-06,0.0009379930181595336,0.001033844153928219,56,2.7936675548553467,5.9917893409729,1.0492143630981445,9.83473253250122
143,134,2.8615246804862267,2.577789623822718,0.4268894624062404,0.29135662950041835,1.1537203566623633,0.21495493245662928,-10.837785515008914,-10.838700914479706,0.9031487929174095,0.9032250762066422,0.25141114175354573,0.2720665541863209,1.2410382032331313,1.0245274725227613,16.11871121729545,9.999999999999997e-06,0.0008695306444690607,0.0008517879886223893,56,2.791008234024048,5.942078113555908,1.0596034526824951,9.792757749557495
144,135,2.8615342279275295,2.577845931411258,0.42683573232668626,0.2913803780658575,1.1536743794451838,0.21496709023566676,-10.83776029120258,-10.838700914479706,0.9031466909335483,0.9032250762066422,0.25127158767967006,0.2720665541863209,1.2408498334280722,1.024685303262889,16.12021441706305,9.999999999999997e-06,0.0008747255908878639,0.0008239845697477549,55,2.664940357208252,6.114758014678955,1.259413719177246,10.039172172546387
145,136,2.861555442582853,2.5778995379286647,0.4268034083746038,0.2914029963537488,1.1536398647330801,0.21498266296662752,-10.8372832137538,-10.838700914479706,0.9031069344794833,0.9032250762066422,0.25097539935823654,0.2720665541863209,1.2413256427693824,1.0248343583812463,16.120472523499163,9.999999999999997e-06,0.0009367551178620084,0.000879764648891643,54,2.5537502765655518,5.996866703033447,1.0919952392578125,9.642670154571533
146,137,2.8616652053668474,2.578161462898765,0.42657627478855115,0.29146917480504175,1.1534689427831863,0.2150838734200832,-10.83754268571042,-10.838700914479706,0.9031285571425349,0.9032250762066422,0.2518540695107305,0.2720665541863209,1.2448380130526004,1.0249124272342867,16.120932545653737,9.999999999999997e-06,0.0009372713589421121,0.0008869523033359421,57,2.5903751850128174,5.933093309402466,1.0785415172576904,9.602081298828125
147,138,2.8617052997379933,2.57823034779392,0.42656786198521096,0.29155193181478695,1.1534092745612197,0.21502531489907767,-10.838082785834734,-10.838700914479706,0.9031735654862278,0.9032250762066422,0.251531744654326,0.2720665541863209,1.2435259637454124,1.0249042523770826,16.12114339170369,9.999999999999997e-06,0.0009234314335044604,0.0009680482294907878,58,2.793031930923462,5.948045492172241,1.3346176147460938,10.075753450393677
148,139,2.8616773080993902,2.5781085562152213,0.42666420655021703,0.2915216358495534,1.1534921564557938,0.21498385702186668,-10.838480224742593,-10.838700914479706,0.9032066853952161,0.9032250762066422,0.25258695310925655,0.2720665541863209,1.2474072712482354,1.024855685098947,16.121286514987098,9.999999999999997e-06,0.0009727869845052151,0.0008834697056100273,55,2.7192320823669434,5.971479892730713,0.9682352542877197,9.659005165100098
149,140,2.8616296576259064,2.577898413219343,0.4268712184577096,0.29151311117006806,1.1536123850824878,0.21486569106894732,-10.836018165853558,-10.838700914479706,0.9030015138211298,0.9032250762066422,0.2518780322077974,0.2720665541863209,1.250981469198834,1.02502338471841,16.121224434214167,9.999999999999997e-06,0.0008728316815309676,0.0008585192869723854,56,2.740391254425049,5.914157867431641,1.303915023803711,9.958535432815552
150,141,2.861037308913384,2.5783970918857126,0.4251955472427914,0.2907645637293701,1.153423629384507,0.21632661541235967,-10.83892729899815,-10.83892729899815,0.9032439415831792,0.9032439415831792,0.2529259772312328,0.2720665541863209,1.2446167511803736,1.0251558646382746,16.12287339183027,9.999999999999997e-06,0.0009764943196632228,0.0008141470989086698,56,2.852970838546753,6.019610166549683,0.9927194118499756,9.865357875823975
151,142,2.8599397031395215,2.5782669862862178,0.42389949342551714,0.2880398380209824,1.1544004555434817,0.21890476994186858,-10.840872146563306,-10.840872146563306,0.9034060122136088,0.9034060122136088,0.2534565193519984,0.2720665541863209,1.238039428820045,1.0252717506994593,16.131829653107875,9.999999999999997e-06,0.0008357201241701736,0.0007310450101082179,59,2.948080062866211,5.990216255187988,1.284452199935913,10.222812414169312
152,143,2.8557218581763886,2.578785439240282,0.4208108144318859,0.2811205963101151,1.1580357694881993,0.22407297166226375,-10.842538235459502,-10.842538235459502,0.9035448529549585,0.9035448529549585,0.25608465280204745,0.2720665541863209,1.2419055066111753,1.026004801646154,16.154160070212463,9.999999999999997e-06,0.0009028490042768325,0.0009663004895846983,63,3.034691572189331,5.881234645843506,1.1275489330291748,10.043532371520996
153,144,2.85241848205359,2.5795039731846976,0.4190264195606491,0.27690122591365524,1.1607864499945306,0.22640035146955603,-10.84196265794994,-10.842538235459502,0.9034968881624951,0.9035448529549585,0.2587896002521508,0.2720665541863209,1.2553717575061398,1.0272668138257506,16.162408930870356,9.999999999999997e-06,0.0009510553998438217,0.0012293896266775343,51,2.5779807567596436,5.993614912033081,1.3540852069854736,9.92573857307434
154,145,2.8528244238122538,2.57941667512398,0.4192332959858445,0.27728617983445286,1.1604761557601972,0.2262696342203729,-10.841961101671926,-10.842538235459502,0.9034967584726604,0.9035448529549585,0.25803610688760087,0.2720665541863209,1.251454850967093,1.0274619849389544,16.163431714922588,9.999999999999997e-06,0.0009841749344852199,0.0010820521770366245,56,2.759169816970825,5.974315643310547,1.237680196762085,9.971227884292603
155,146,2.8529772735734205,2.5793805570687645,0.41930848534820564,0.2774476749815684,1.1603576657012413,0.2262029896474125,-10.84255853042359,-10.84255853042359,0.9035465442019658,0.9035465442019658,0.2586625276861757,0.2720665541863209,1.2536664102776598,1.027463443674141,16.16466257375866,9.999999999999997e-06,0.0009003385069843464,0.0009867766199935422,57,2.837756395339966,5.942419528961182,1.3602497577667236,10.140503168106079
156,147,2.8527457914527528,2.5794351267375735,0.4191991315541024,0.27718159259349584,1.160540349966663,0.22632529800365497,-10.844131522659968,-10.844131522659968,0.9036776268883306,0.9036776268883306,0.2586217193411726,0.2720665541863209,1.2476131355841602,1.0273700948249265,16.16865608674186,9.999999999999997e-06,0.0008954617630945468,0.001045241281425265,59,2.8970324993133545,6.033780097961426,1.0941426753997803,10.025012493133545
157,148,2.843833523321563,2.5792055876665487,0.413649531079733,0.27470101652388135,1.163740489029292,0.22652266092929882,-10.843405609608729,-10.844131522659968,0.9036171341340608,0.9036776268883306,0.2585352095188267,0.2720665541863209,1.2496994013984164,1.0306896034869926,16.2064711885187,9.999999999999997e-06,0.0009435642814929661,0.0012639114740002457,55,2.7847814559936523,5.999650716781616,1.144052505493164,9.928542375564575
158,149,2.8439123123937677,2.5792201978350064,0.41373351123570457,0.27470510741298154,1.1636809490252387,0.22652218276060454,-10.844838226374762,-10.844838226374762,0.9037365188645635,0.9037365188645635,0.2591093967253455,0.2720665541863209,1.2487923310215336,1.031346327333902,16.224008365737156,9.999999999999997e-06,0.000875972111975401,0.0011011168843496452,52,2.6382880210876465,6.015767812728882,1.1526479721069336,9.806764125823975
159,150,2.838143814323689,2.5788157808430734,0.4098880844015205,0.27397611800516414,1.1648390549733585,0.22646728633473254,-10.844962204303158,-10.844962204303158,0.9037468503585965,0.9037468503585965,0.25928839348734756,0.2720665541863209,1.2506927808726687,1.0327397960158435,16.245731739782258,9.999999999999997e-06,0.0009506124011666284,0.0011866713401473847,50,2.554685115814209,5.870824098587036,1.240375280380249,9.665943145751953
160,151,2.8359514591276658,2.5786446795301776,0.40836867173764474,0.2738043366935587,1.1650906396909682,0.22648996287271853,-10.845025496852365,-10.845025496852365,0.9037521247376971,0.9037521247376971,0.25903489083195075,0.2720665541863209,1.2482078733569892,1.0334771273322607,16.255434071494076,9.999999999999997e-06,0.0009667840899100505,0.0012447319353016842,56,2.7976179122924805,6.0182085037231445,1.2433171272277832,10.059203386306763
161,152,2.8349060943678297,2.578557828040764,0.4076339443487674,0.27373923561001706,1.1651667543934947,0.22650542780001456,-10.845014894503858,-10.845025496852365,0.9037512412086549,0.9037521247376971,0.26033377376174427,0.2720665541863209,1.2567829786446225,1.0338922231880292,16.260109197751657,9.999999999999997e-06,0.0010074657175566345,0.0014829443171729116,54,2.7245473861694336,6.007183790206909,1.4732615947723389,10.205058097839355
162,153,2.8344711335426545,2.578527757311225,0.40732571202893925,0.2737074004043689,1.1651904176396648,0.22651800688891952,-10.845617734960191,-10.845617734960191,0.9038014779133493,0.9038014779133493,0.2606718486314386,0.2720665541863209,1.2568447904791213,1.03416563864041,16.266079441384502,9.999999999999997e-06,0.0009189945533324058,0.0012012760766947717,53,2.6725685596466064,5.965235948562622,1.2810509204864502,9.918914556503296
163,154,2.831504090270182,2.578302244772735,0.40520525385959766,0.27359069437214306,1.1650588264554858,0.2267194326010231,-10.846424223739415,-10.846424223739415,0.9038686853116179,0.9038686853116179,0.26073802413847985,0.2720665541863209,1.2542257429699362,1.0349503151052493,16.281146367219687,9.999999999999997e-06,0.0006605505939857488,0.0009561975257264427,54,2.7194695472717285,5.974521160125732,1.4353899955749512,10.129442930221558
164,155,2.8251842246336323,2.577965256344976,0.4007191641857536,0.27345963450662014,1.1638922019246136,0.22748386208549015,-10.845526962378136,-10.846424223739415,0.9037939135315113,0.9038686853116179,0.2616511605121343,0.2720665541863209,1.2606418562375268,1.0369705091910923,16.293935205294737,9.999999999999997e-06,0.0009036662939077303,0.001324680624284167,55,2.8128836154937744,5.992138862609863,1.305016040802002,10.11009931564331
165,156,2.8276929540547746,2.577778927050095,0.4015356627072126,0.2732060034993414,1.1653919776661439,0.22638020048944515,-10.84837028173185,-10.84837028173185,0.9040308568109875,0.9040308568109875,0.2612603475556124,0.2720665541863209,1.25057652476751,1.0372558840471233,16.310506611655995,9.999999999999997e-06,0.0006831909581379094,0.0012020054642081198,55,2.7297000885009766,5.929410219192505,1.2544972896575928,9.913675785064697
166,157,2.8220609274479984,2.5755381574186034,0.3900112855098803,0.27018191245785317,1.1707603557493178,0.22130048972568755,-10.848565711821434,-10.848565711821434,0.9040471426517862,0.9040471426517862,0.2545101496788844,0.2720665541863209,1.2090689985086982,1.0408020838196717,16.35252323569156,9.999999999999997e-06,0.0008686688392874259,0.001356219886035701,51,2.616832971572876,5.9831767082214355,1.3260772228240967,9.926145553588867
167,158,2.821296058909889,2.575250575482048,0.3883758464710021,0.2696827849549124,1.1715394546816336,0.22051271698452043,-10.846306735425118,-10.848565711821434,0.9038588946187599,0.9040471426517862,0.25263298539080875,0.2720665541863209,1.205692146946646,1.041220446763596,16.342969872875386,9.999999999999997e-06,0.0006140568127416668,0.001239981218068039,48,2.420684337615967,6.099447965621948,1.4404935836791992,9.960698127746582
168,159,2.823746443213046,2.573375416359659,0.391343209531902,0.2740053442988733,1.1700032561309712,0.2240129597004571,-10.849042753595148,-10.849042753595148,0.904086896132929,0.904086896132929,0.2579126031640918,0.2720665541863209,1.228451543644141,1.042017628915762,16.333851247775826,9.999999999999997e-06,0.0008784897295785692,0.00160563380669684,51,2.6116883754730225,5.868018388748169,1.1558818817138672,9.635643720626831
169,160,2.8231767646620525,2.570618376201817,0.38934043009623664,0.2768992414840493,1.170714207305831,0.22565179968490426,-10.847596557534597,-10.849042753595148,0.9039663797945497,0.904086896132929,0.2590167010175129,0.2720665541863209,1.2376642254766352,1.043915536093958,16.347278927817722,9.999999999999997e-06,0.0006313272046334581,0.0008080821216220603,60,3.0235095024108887,5.994224309921265,1.3219342231750488,10.33972430229187
170,161,2.8257605777249113,2.572229306103321,0.39135160529807067,0.27463093223973795,1.1707000594683494,0.2235086278280057,-10.848765367089353,-10.849042753595148,0.9040637805907794,0.904086896132929,0.25703319799210206,0.2720665541863209,1.225707282232122,1.0441403998818037,16.343562104564835,9.999999999999997e-06,0.0009719499825761048,0.0013643533912080215,54,2.7927114963531494,5.9713966846466064,1.371201992034912,10.13536810874939
171,162,2.8268198395657342,2.5716444923090784,0.39144687509824705,0.2746653046519101,1.1711534424733032,0.22313711699776967,-10.84848323474903,-10.849042753595148,0.9040402695624192,0.904086896132929,0.25661133888599663,0.2720665541863209,1.2225657294057015,1.0445835274202253,16.344605995376373,9.999999999999997e-06,0.0008879896718461798,0.000996631197242688,53,2.583138942718506,5.944702863693237,1.2387704849243164,9.766680479049683
172,163,2.826982912097051,2.5715433385384796,0.39147973291142985,0.2746567162735418,1.1712240287239486,0.22307714176767568,-10.848406892663814,-10.849042753595148,0.9040339077219844,0.904086896132929,0.25625787829336377,0.2720665541863209,1.221211649190309,1.044881942810965,16.345842266021968,9.999999999999997e-06,0.000986108195952168,0.001120123511460284,56,2.7704343795776367,5.985795259475708,1.2779185771942139,10.03420615196228
173,164,2.826944969107588,2.5715504744957554,0.3914580798101375,0.2746574286799467,1.1712078493819433,0.22307741916800927,-10.847142109080126,-10.849042753595148,0.9039285090900105,0.904086896132929,0.2560018819251294,0.2720665541863209,1.2221584007062916,1.0453846217225142,16.35324217722557,9.999999999999997e-06,0.0008205810552972531,0.0008525241123892613,55,2.7719407081604004,6.051487922668457,1.5157625675201416,10.339253425598145
174,165,2.8244787325709835,2.573013310257705,0.39073210063256614,0.27533682852419794,1.1701618226581907,0.2239662343714886,-10.849126976644234,-10.849126976644234,0.9040939147203528,0.9040939147203528,0.2578595895314346,0.2720665541863209,1.2257741225731706,1.0454161944022526,16.351502288544904,9.999999999999997e-06,0.0008779070038697284,0.000998457027977965,53,2.7032647132873535,5.882887363433838,1.6478996276855469,10.234111785888672
175,166,2.8236298522224375,2.5741279307866503,0.3896797695383523,0.277054035505002,1.1701089106025655,0.22424718482094608,-10.84972090389016,-10.84972090389016,0.9041434086575134,0.9041434086575134,0.25847016922222,0.2720665541863209,1.22707701631127,1.0459237930394794,16.352142889445087,9.999999999999997e-06,0.0006738461543485619,0.0010364925282748886,50,2.641871452331543,5.996723175048828,1.4415016174316406,10.080153703689575
176,167,2.820563458099282,2.576807797615307,0.3867385822273353,0.280681008268889,1.1706199680420961,0.22487891921670947,-10.849793958492016,-10.849793958492016,0.9041494965410014,0.9041494965410014,0.25856908807531664,0.2720665541863209,1.2262311756592794,1.0476864622722646,16.363953360313783,9.999999999999997e-06,0.0007819456354291029,0.0010771072891430998,64,2.9207167625427246,5.97040319442749,1.387758493423462,10.27893853187561
177,168,2.819352128706839,2.577534566717827,0.38574692702522967,0.2816253708243109,1.1708614459579305,0.2250791004482603,-10.85100965289871,-10.85100965289871,0.9042508044082259,0.9042508044082259,0.2592040488690683,0.2720665541863209,1.2254604199225128,1.0480520019808242,16.369527559293093,9.999999999999997e-06,0.0009504264568961453,0.0012220556442728927,56,2.843026638031006,5.894676446914673,1.511216640472412,10.248979091644287
178,169,2.813593465039419,2.5795862385363137,0.38142189208002014,0.28453466201280747,1.1716341192406086,0.22583348373039797,-10.850305164513998,-10.85100965289871,0.9041920970428331,0.9042508044082259,0.2603129992380534,0.2720665541863209,1.231277954276976,1.0496638365046917,16.38200806685101,9.999999999999997e-06,0.0008001523968592175,0.0011952961939479345,47,2.2299671173095703,5.879459857940674,1.4431731700897217,9.552646398544312
179,170,2.815212331507218,2.579630844451597,0.3826293724103606,0.28416071199220766,1.1720011404902504,0.22573588054170918,-10.850205683312812,-10.85100965289871,0.9041838069427343,0.9042508044082259,0.2609638919824633,0.2720665541863209,1.2370982456430966,1.0499163366401723,16.383548992133715,9.999999999999997e-06,0.0009209808204163219,0.001235662512504116,53,2.5211706161499023,5.906813383102417,1.1860370635986328,9.614084005355835
180,171,2.815339616093929,2.57917904371629,0.38237914609715995,0.28406188758208417,1.1708908305910242,0.22549977398007173,-10.850060028633106,-10.85100965289871,0.9041716690527588,0.9042508044082259,0.26080745862104926,0.2720665541863209,1.236920847002466,1.0500616813040202,16.384172449716313,9.999999999999997e-06,0.0008156687720598414,0.0011180839133759345,54,2.5306906700134277,5.851593494415283,1.526625633239746,9.908965587615967
181,172,2.8166373277045755,2.579853238446916,0.38424411257554153,0.2836776878366544,1.1735277228859502,0.225932361767154,-10.850541099499953,-10.85100965289871,0.9042117582916628,0.9042508044082259,0.2601503360898527,0.2720665541863209,1.235067963079885,1.0506260662979254,16.3871817374954,9.999999999999997e-06,0.000740570837673685,0.0011120907995330383,53,2.450169324874878,5.722616672515869,1.249856948852539,9.422714233398438
182,173,2.816689832525037,2.5800688093885213,0.3845110509677399,0.28365969034441224,1.1742404782644977,0.2260588487397004,-10.852020696109175,-10.852020696109175,0.904335058009098,0.904335058009098,0.26087122863410767,0.2720665541863209,1.233110544605367,1.0507071126131036,16.384980265374157,9.999999999999997e-06,0.0008367969127110255,0.0012034597619725784,59,2.9213733673095703,5.916322946548462,1.6163914203643799,10.4541597366333
183,174,2.816143973305187,2.5822753234735853,0.3863443917714201,0.28358033497292223,1.1818473905695437,0.22756009671548572,-10.8526510434033,-10.8526510434033,0.904387586950275,0.904387586950275,0.2633855390601958,0.2720665541863209,1.2518778558846577,1.0524284226370757,16.398485193378704,9.999999999999997e-06,0.0007925255039865301,0.0010995936024780853,61,2.9306797981262207,5.850796222686768,1.5069479942321777,10.2884840965271
184,175,2.815265410971029,2.583121449865807,0.386860122589112,0.28338910202948886,1.1857732142839446,0.22835739353799706,-10.852589605392726,-10.8526510434033,0.9043824671160605,0.904387586950275,0.26431212222982803,0.2720665541863209,1.2593691523909314,1.0532413589480543,16.40558269878803,9.999999999999997e-06,0.0009752048297862637,0.0011035249200286735,59,2.7715184688568115,5.849316835403442,1.4709618091583252,10.091852903366089
185,176,2.815126233957772,2.5831880770709414,0.3868929328173842,0.2833671285617377,1.1861740531858431,0.22844144356031232,-10.852256984613701,-10.8526510434033,0.9043547487178084,0.904387586950275,0.2646910350437072,0.2720665541863209,1.26324301680458,1.0535334220887183,16.40720128226451,9.999999999999997e-06,0.0009054487254710533,0.0011988669178037011,54,2.5819592475891113,5.995330572128296,1.211866855621338,9.789219617843628
186,177,2.8152375208435556,2.583140032970394,0.38686894446279924,0.28338945503308566,1.185870149000155,0.22836752758064857,-10.852704806203667,-10.852704806203667,0.9043920671836388,0.9043920671836388,0.26384420996975816,0.2720665541863209,1.2574083305123338,1.0536003428342584,16.408327343583828,9.999999999999997e-06,0.0008316832493109727,0.001130727100848307,55,2.807565927505493,5.93514084815979,1.5146942138671875,10.257461309432983
187,178,2.815115271785855,2.583200187272419,0.38690034863979267,0.28336233233886393,1.1862453438179312,0.22844773958547077,-10.852765129505391,-10.852765129505391,0.9043970941254492,0.9043970941254492,0.26479892985211717,0.2720665541863209,1.262138713152865,1.0536514629722973,16.409082793030525,9.999999999999997e-06,0.0009536708721331216,0.001308523115393034,53,2.5087244510650635,5.743056774139404,1.6139109134674072,9.865749597549438
188,179,2.814975962833579,2.5832458708876307,0.3868975839535769,0.28333721803043727,1.1865735215832203,0.22851745854801922,-10.852891185241393,-10.852891185241393,0.9044075987701161,0.9044075987701161,0.2643676865957673,0.2720665541863209,1.2607691934038172,1.0537057757611743,16.410135690308845,9.999999999999997e-06,0.0008980599324296933,0.001484231496004475,54,2.537323236465454,5.92326807975769,1.725520133972168,10.186157703399658
189,180,2.814730050631929,2.583289982813077,0.38687961234673063,0.2833059291853213,1.1870270828534382,0.228623313496234,-10.852294840486474,-10.852891185241393,0.9043579033738728,0.9044075987701161,0.26412927897841476,0.2720665541863209,1.2606595492958519,1.0537887750046961,16.410142696867727,9.999999999999997e-06,0.0008538192539561162,0.0011067226009449918,56,2.652271270751953,5.930836200714111,1.3090624809265137,9.892218589782715
190,181,2.814978385513485,2.5832814148385355,0.3869185585769538,0.2833337235487046,1.1866867058656703,0.22853403964961555,-10.85277775307147,-10.852891185241393,0.9043981460892891,0.9044075987701161,0.26451905361828915,0.2720665541863209,1.2617216889631209,1.0538136098412034,16.410560442467485,9.999999999999997e-06,0.0009579951216602531,0.0011983047058176063,57,2.656137466430664,5.9060378074646,1.5035243034362793,10.065758228302002
191,182,2.814909697418206,2.5832954558106485,0.3869177393404916,0.28331954239009477,1.1868355506409127,0.22856598551351773,-10.85224128799438,-10.852891185241393,0.9043534406661983,0.9044075987701161,0.2640196600230437,0.2720665541863209,1.2602455099971053,1.0538521097312696,16.41047733600488,9.999999999999997e-06,0.0007007146775160179,0.0011434084711642338,56,2.8418831825256348,5.845635652542114,1.7519080638885498,10.439489603042603
192,183,2.8150557768900364,2.583275881977155,0.3869348323054993,0.28334686452978314,1.1865744278036252,0.22850452328281554,-10.853056871516372,-10.853056871516372,0.9044214059596977,0.9044214059596977,0.26433928339884666,0.2720665541863209,1.2592855424583576,1.0538453498027986,16.410710999009474,9.999999999999997e-06,0.0009439316187771105,0.0011767346693492438,57,2.678541421890259,5.9239890575408936,1.9299869537353516,10.53258466720581
193,184,2.814921912093141,2.5833352950815556,0.386928301384911,0.2833144791809645,1.186945723604357,0.22858075716228657,-10.852349380444315,-10.853056871516372,0.9043624483703595,0.9044214059596977,0.264883158256369,0.2720665541863209,1.2631535879966833,1.053880733795334,16.41086774691526,9.999999999999997e-06,0.0007861786954610389,0.001036279212075815,56,2.6541082859039307,5.563092470169067,1.6592843532562256,9.876541137695312
194,185,2.815012309095276,2.58331530822366,0.38696281869069826,0.28333513479910166,1.1867626234567437,0.22852305706899703,-10.853860328014793,-10.853860328014793,0.9044883606678994,0.9044883606678994,0.2643714388498295,0.2720665541863209,1.2586673683060354,1.0538512253078651,16.411285506772817,9.999999999999997e-06,0.0008558912367764894,0.0009269341848854212,60,2.9631495475769043,5.840780019760132,1.7408883571624756,10.54487419128418
195,186,2.8138592643765845,2.583726391656401,0.3833045715346001,0.2812222734830861,1.188136915979443,0.23366633592875152,-10.85227235740042,-10.853860328014793,0.9043560297833683,0.9044883606678994,0.26771634376762726,0.2720665541863209,1.2712282883564683,1.0564257060368312,16.42758344798156,9.999999999999997e-06,0.0009786651441383637,0.0016372962898693793,58,2.7684621810913086,5.735740900039673,1.83201265335083,10.336286067962646
196,187,2.808314211472741,2.5820381436925084,0.3863269497145059,0.2842697421319326,1.189560321533323,0.22745047107760044,-10.85226573649795,-10.853860328014793,0.9043554780414959,0.9044883606678994,0.26511301737793574,0.2720665541863209,1.2727594976955459,1.0587442210279112,16.443283140911443,9.999999999999997e-06,0.0008782338095805377,0.0010438919723851174,55,2.597318649291992,5.866203546524048,1.5266213417053223,9.990246772766113
197,188,2.8159496033556266,2.584574501496939,0.38589953865975335,0.28316619301963186,1.1889149713142322,0.22655720893035286,-10.853313307175053,-10.853860328014793,0.9044427755979211,0.9044883606678994,0.26260236529428954,0.2720665541863209,1.251025777997313,1.0594536832381725,16.44955003498358,9.999999999999997e-06,0.0009549856994834486,0.001011882848999799,56,2.7749156951904297,5.909308910369873,1.692152500152588,10.376440525054932
198,189,2.8162067046249075,2.5852043602077064,0.3848863596889464,0.28312287750006265,1.1898864039577652,0.22532948002716321,-10.854947041758203,-10.854947041758203,0.904578920146517,0.904578920146517,0.26081138169025964,0.2720665541863209,1.2354263339592535,1.060064922455719,16.46078751532522,9.999999999999997e-06,0.0009655080689398472,0.0008733353423822862,54,2.64699125289917,5.959073543548584,1.629345178604126,10.23546814918518
199,190,2.816073621783716,2.587708848951143,0.380023270754975,0.28309413172215,1.1943658973791125,0.22055255115960978,-10.852525345767262,-10.854947041758203,0.9043771121472718,0.904578920146517,0.254380610247758,0.2720665541863209,1.206854110553877,1.0621202049286977,16.470833533112447,9.999999999999997e-06,0.0008674544589682594,0.0009722847282371552,59,3.0333969593048096,5.76003360748291,1.5192875862121582,10.31277585029602
200,191,2.819117156443019,2.5872504126913527,0.38662532754931134,0.28285732085212584,1.1911217276481074,0.22338145237562,-10.852944485219638,-10.854947041758203,0.9044120404349698,0.904578920146517,0.258131188902474,0.2720665541863209,1.2285747116173837,1.0628837277296275,16.47707177610968,9.999999999999997e-06,0.0008171596564379893,0.0008898348838048615,67,3.41201114654541,5.934781551361084,1.6505279541015625,10.997365951538086
201,192,2.8184286508241554,2.582594781522881,0.38256566831677813,0.2846929714127963,1.192790956829857,0.22439190531730563,-10.85421858472021,-10.854947041758203,0.9045182153933508,0.904578920146517,0.25935583651060873,0.2720665541863209,1.231304129666185,1.0637260614387287,16.480372997387217,9.999999999999997e-06,0.00087349884480548,0.0008726174892560783,61,2.9448130130767822,5.954120397567749,1.7111859321594238,10.61018180847168
202,193,2.8187850892536233,2.5813228153801897,0.3816775210542461,0.2854443348009669,1.19391779633551,0.22444597198469984,-10.854498767210762,-10.854947041758203,0.9045415639342301,0.904578920146517,0.25930984923582695,0.2720665541863209,1.2295539971593286,1.0643409803911128,16.483444332462316,9.999999999999997e-06,0.000887539907856486,0.0008143189752827906,64,3.0380115509033203,5.830820083618164,1.6607530117034912,10.529638290405273
203,194,2.8189085719826203,2.580423500380882,0.38092810626682644,0.28597807355287996,1.1947761897752531,0.2244796897503306,-10.85350059084505,-10.854947041758203,0.9044583825704208,0.904578920146517,0.2595098200001594,0.2720665541863209,1.2330805819367043,1.065006916838123,16.488191186690784,9.999999999999997e-06,0.0008959811992863879,0.0008438259058250971,57,2.7412633895874023,6.394891977310181,1.634366750717163,10.770586013793945
204,195,2.818988401303066,2.5814268701447545,0.381815552195655,0.28539275826203614,1.1938108389360311,0.2243955284741242,-10.8545401112062,-10.854947041758203,0.9045450092671833,0.904578920146517,0.25892111774004445,0.2720665541863209,1.226782895143728,1.0650152528558576,16.487193706610526,9.999999999999997e-06,0.000836328756439563,0.000760334538723587,61,2.926205635070801,5.874849557876587,1.6429545879364014,10.444069147109985
205,196,2.8192185564763377,2.581000882111609,0.3815591946722193,0.28566617862321164,1.1942119812032785,0.2244069712006295,-10.85550749220358,-10.85550749220358,0.9046256243502984,0.9046256243502984,0.26066464516844884,0.2720665541863209,1.23402801631498,1.0648426242954312,16.484202109779755,9.999999999999997e-06,0.0008920178803022425,0.0008197371599874672,64,2.9561069011688232,5.606212377548218,2.010395050048828,10.572757720947266
206,197,2.8196134028355235,2.5792904447236147,0.3802850939238135,0.28677981683222664,1.196043147643971,0.22458353001123596,-10.853427787445133,-10.85550749220358,0.9044523156204277,0.9046256243502984,0.259850239455595,0.2720665541863209,1.2354058641054024,1.0653185861556511,16.4877585883464,9.999999999999997e-06,0.0009351745908834275,0.0008885791688807136,56,2.362009048461914,5.618348598480225,1.5820496082305908,9.562471628189087
207,198,2.820273272430138,2.5808198578252726,0.3817807149188553,0.28580578635429116,1.1942708852750867,0.22430090151908977,-10.852841023263366,-10.85550749220358,0.9044034186052805,0.9046256243502984,0.2596316890121582,0.2720665541863209,1.2368754567714433,1.0656432767650157,16.492454311797808,9.999999999999997e-06,0.0008901429776929903,0.0008074795566209098,62,3.0216991901397705,5.71301794052124,1.659388542175293,10.394150972366333
208,199,2.8173572046748965,2.5809655013240023,0.3800518476660638,0.2853024234877456,1.1940927517132875,0.22385483634381123,-10.854944286091328,-10.85550749220358,0.9045786905076106,0.9046256243502984,0.25894939551639895,0.2720665541863209,1.226531990068338,1.0658403913218646,16.49715124039216,9.999999999999997e-06,0.0008848668112871231,0.0008839914377919051,66,2.9527158737182617,5.813614845275879,1.7224879264831543,10.488870859146118
209,200,2.81385244342223,2.5799637336351524,0.3756661093309546,0.2853195222656754,1.1955746846195476,0.22347124403860213,-10.855575022487415,-10.855575022487415,0.9046312518739512,0.9046312518739512,0.2584293749907622,0.2720665541863209,1.2187214566303197,1.067235886130877,16.523507250369104,9.999999999999997e-06,0.0009018190893073738,0.0010090125093877651,61,2.6904244422912598,5.729931116104126,1.7618627548217773,10.18229079246521
210,200,2.81385244342223,2.5799637336351524,0.3756661093309546,0.2853195222656754,1.1955746846195476,0.22347124403860213,-10.855575022487415,-10.855575022487415,0.9046312518739512,0.9046312518739512,0.2584293749907622,0.2720665541863209,1.2187214566303197,1.067235886130877,16.523507250369104,9.999999999999997e-06,0.0009018190893073738,0.0010090125093877651,61,2.6904244422912598,5.729931116104126,1.7618627548217773,10.18229079246521
