,iter ,BETA_0,GAMMA_0,energy,best_energy,approx_ratio,best_approx_ratio,fidelity,best_fidelity,variance,corr_length,const_kernel,noise_kernel,std_energies,average_distances,nit,time_opt_bayes,time_qaoa,time_opt_kernel,time_step
0,0,0.06292913969009872,2.7153995952112253,-7.952145706150258,-7.952145706150258,0.6626788088458548,0.6626788088458548,0.006594817612161094,0.006594817612161094,3.3595850739182893,27.851156029561892,54.82384043694964,1.489541980976113,0.0,0.0,0,0.0,0.0,0.0,0.0
1,1,1.9820455328378999,0.36696436336837546,-6.054276421074591,-7.952145706150258,0.5045230350895492,0.6626788088458548,0.001399769065326253,0.006594817612161094,5.027906579231846,27.851156029561892,54.82384043694964,1.489541980976113,0.0,0.0,0,0.0,0.0,0.0,0.0
2,2,2.9407581424443006,0.777752776455068,-7.2290804856253414,-7.952145706150258,0.6024233738021118,0.6626788088458548,0.004612070822368942,0.006594817612161094,4.462041767674542,27.851156029561892,54.82384043694964,1.489541980976113,0.0,0.0,0,0.0,0.0,0.0,0.0
3,3,0.7107522847037803,1.3514758409612708,-9.397182202305078,-9.397182202305078,0.7830985168587565,0.7830985168587565,0.032348048686598074,0.032348048686598074,2.371661625788235,27.851156029561892,54.82384043694964,1.489541980976113,0.0,0.0,0,0.0,0.0,0.0,0.0
4,4,1.1163388376625252,2.022844036983396,-5.658046554790596,-9.397182202305078,0.471503879565883,0.7830985168587565,0.0005979443576102467,0.032348048686598074,6.108938286535327,27.851156029561892,54.82384043694964,1.489541980976113,0.0,0.0,0,0.0,0.0,0.0,0.0
5,5,1.3420785647877218,1.8690499619329075,-7.059772847922087,-9.397182202305078,0.5883144039935072,0.7830985168587565,0.003349076177509774,0.032348048686598074,3.2222125328760782,27.851156029561892,54.82384043694964,1.489541980976113,0.0,0.0,0,0.0,0.0,0.0,0.0
6,6,2.3126988965588,2.9110895394583327,-9.21528816316033,-9.397182202305078,0.7679406802633609,0.7830985168587565,0.03257819490672184,0.03257819490672184,3.0317695041984933,27.851156029561892,54.82384043694964,1.489541980976113,0.0,0.0,0,0.0,0.0,0.0,0.0
7,7,1.764080565158215,1.103808152837333,-7.622076669721335,-9.397182202305078,0.6351730558101113,0.7830985168587565,0.02717429656708545,0.03257819490672184,5.127915147156251,27.851156029561892,54.82384043694964,1.489541980976113,0.0,0.0,0,0.0,0.0,0.0,0.0
8,8,2.756807404467913,0.11954493334419035,-6.347729619192665,-9.397182202305078,0.5289774682660554,0.7830985168587565,0.0006831177108667067,0.03257819490672184,4.311758041451888,27.851156029561892,54.82384043694964,1.489541980976113,0.0,0.0,0,0.0,0.0,0.0,0.0
9,9,0.33215186408613906,2.4217293527063384,-7.50620678165904,-9.397182202305078,0.62551723180492,0.7830985168587565,0.010818271076393795,0.03257819490672184,4.9532638874401655,27.851156029561892,54.82384043694964,1.489541980976113,0.0,0.0,0,0.0,0.0,0.0,0.0
10,1,0.803900671705559,3.051802096846978,-8.366488766241993,-9.397182202305078,0.6972073971868328,0.7830985168587565,0.011306492473717386,0.03257819490672184,3.3650220187672772,15.375971883607136,56.70212691039053,1.31539749078425,0.0004807379661911451,0.007894108277660157,11,0.15546679496765137,2.175893545150757,0.40407514572143555,2.7354958057403564
11,2,0.03710869568906545,3.141592653589793,-7.499999999999999,-9.397182202305078,0.6249999999999999,0.7830985168587565,0.003906249999999994,0.03257819490672184,3.750000000000007,18.604345315590685,55.87575071359333,1.226446340750317,0.0008325082556878176,0.007914808524605983,26,0.3474142551422119,2.0882580280303955,0.3921055793762207,2.8278250694274902
12,3,0.01,3.141592653589793,-7.499999999999999,-9.397182202305078,0.6249999999999999,0.7830985168587565,0.003906249999999994,0.03257819490672184,3.750000000000007,21.304297303414565,55.507400692448904,1.139102216904671,0.0009008341309825402,0.009370670617884018,21,0.28531312942504883,2.129079580307007,0.3957486152648926,2.8102152347564697
13,4,0.01,3.141592653589793,-7.499999999999999,-9.397182202305078,0.6249999999999999,0.7830985168587565,0.0039062499999999935,0.03257819490672184,3.750000000000007,0.8259759197677172,42.46620557321077,9.999999999999997e-06,0.0007430447673031536,0.00411905643020327,20,0.2714576721191406,2.25003981590271,0.3811211585998535,2.9026732444763184
14,5,0.3026655158552145,1.030110085763577,-8.811669622176778,-9.397182202305078,0.7343058018480648,0.7830985168587565,0.02281613011456099,0.03257819490672184,3.058701845262931,0.7582286480925025,35.23962320605698,9.999999999999997e-06,0.0007538579862474501,0.008713519692665294,10,0.14657878875732422,2.1834635734558105,0.37673091888427734,2.7068262100219727
15,6,0.7234480118115838,1.181366451356525,-9.560492661644146,-9.560492661644146,0.7967077218036788,0.7967077218036788,0.05907813682631577,0.05907813682631577,2.7453458664235484,0.7825881537564613,35.009757169656446,9.999999999999997e-06,0.0003752720179451316,0.0034557984770049953,13,0.18004894256591797,2.1950786113739014,0.3267834186553955,2.7019641399383545
16,7,0.7023195524885549,1.2031513950571058,-9.653335944996376,-9.653335944996376,0.8044446620830313,0.8044446620830313,0.05703349853597707,0.05907813682631577,2.469238669564348,0.7245246087518508,33.359045664192735,9.999999999999997e-06,0.0007525890313857038,0.0040601386193620395,13,0.1880178451538086,2.298682451248169,0.34748411178588867,2.834237575531006
17,8,0.529044119781444,1.2563086117260294,-9.790044373758889,-9.790044373758889,0.815837031146574,0.815837031146574,0.0437165126934993,0.05907813682631577,1.529382362522341,0.746107612281505,33.386174315930006,9.999999999999997e-06,0.00020351169860695248,0.0016594287234029746,17,0.23012757301330566,2.2101736068725586,0.41041016578674316,2.850764513015747
18,9,2.213112691480675,3.141592653589793,-7.499999999999999,-9.790044373758889,0.6249999999999999,0.815837031146574,0.003906249999999994,0.05907813682631577,3.750000000000007,0.6786051142783605,31.906972278704735,9.999999999999997e-06,0.00031834302877322367,0.001875875713215589,26,0.3399958610534668,2.1380324363708496,0.43916964530944824,2.917253017425537
19,10,2.5372580451109883,2.413297794225013,-6.8619041614405605,-9.790044373758889,0.5718253467867134,0.815837031146574,0.016721236792037984,0.05907813682631577,6.458482830040424,0.5510845613939129,27.479682843564486,9.999999999999997e-06,0.0008033635663547782,0.004537899355744976,12,0.17197179794311523,2.2046313285827637,0.38365745544433594,2.760314702987671
20,11,0.5841279409193806,1.2031197719036568,-9.792094663486568,-9.792094663486568,0.8160078886238806,0.8160078886238806,0.053020382897102925,0.05907813682631577,1.8911733470692411,0.5650168283482371,27.455539172688432,9.999999999999997e-06,0.00034530313500479487,0.0032919446835924997,15,0.2084941864013672,2.160625457763672,0.43213963508605957,2.8013134002685547
21,12,0.595859888649171,1.2611414243462964,-9.789836948253495,-9.792094663486568,0.8158197456877913,0.8160078886238806,0.04664788239110783,0.05907813682631577,1.7115278926538622,0.5783705854365522,27.451188020993015,9.999999999999997e-06,0.0006626430795940224,0.005181803003466998,14,0.19771122932434082,2.4788272380828857,0.7414693832397461,3.4180753231048584
22,13,0.5431833357510669,1.2199532953427739,-9.811407772050043,-9.811407772050043,0.8176173143375035,0.8176173143375035,0.04876006124110215,0.05907813682631577,1.6643977981573528,0.5864630035088642,27.34982662729559,9.999999999999997e-06,0.0002495042984617583,0.002678544605601178,20,0.32483768463134766,2.3069207668304443,0.5367171764373779,3.168527841567993
23,14,0.5663444709612061,1.2394515970395503,-9.814186391013108,-9.814186391013108,0.817848865917759,0.817848865917759,0.048155222264274364,0.05907813682631577,1.6590271080454926,0.5986488220663895,27.399300734420144,9.999999999999997e-06,0.0008463366253858374,0.0033759109371308956,19,0.2704610824584961,2.2364563941955566,0.4805741310119629,2.987556219100952
24,15,0.561959358606725,1.2230929659525709,-9.81480774771669,-9.81480774771669,0.8179006456430575,0.8179006456430575,0.04978362420112146,0.05907813682631577,1.7055214216658072,0.6082979927005115,27.453605403409327,9.999999999999997e-06,0.0008067376176097697,0.002847636576774835,20,0.26821327209472656,2.1733977794647217,0.533890962600708,2.9755539894104004
25,16,0.5489680726488342,1.2277503250119142,-9.815055248021263,-9.815055248021263,0.8179212706684386,0.8179212706684386,0.04841876167445842,0.05907813682631577,1.6476706578685167,0.6156958678840933,27.496529692870165,9.999999999999997e-06,0.00033826412804096635,0.001088543528833245,21,0.281435489654541,2.2475333213806152,0.5041100978851318,3.0331342220306396
26,17,0.5542633455335105,1.2364935529056085,-9.814296214158428,-9.815055248021263,0.8178580178465357,0.8179212706684386,0.04771268062998663,0.05907813682631577,1.6307583194967066,0.6208260537717857,27.532398424709747,9.999999999999997e-06,0.000769283384888441,0.0029456679932087252,21,0.3068101406097412,2.271106719970703,0.6144678592681885,3.192439079284668
27,18,0.5679188710451261,1.2295615711702306,-9.815573436751936,-9.815573436751936,0.8179644530626614,0.8179644530626614,0.04938177578957813,0.05907813682631577,1.6978822758827903,0.6254786895678774,27.564937366079306,9.999999999999997e-06,0.0006896070208713289,0.0010786100868073246,24,0.3670017719268799,2.5362133979797363,0.5862686634063721,3.4895429611206055
28,19,0.5564241659076804,1.2253181505129866,-9.815276611366503,-9.815573436751936,0.8179397176138753,0.8179644530626614,0.04917761037635981,0.05907813682631577,1.679279441226356,0.6278724565072998,27.580476617818025,9.999999999999997e-06,0.0006942185832466369,0.001844200329241276,21,0.32199835777282715,2.4833030700683594,0.5585944652557373,3.36395001411438
29,20,0.5535638689285285,1.2296990207297471,-9.815429960900094,-9.815573436751936,0.8179524967416745,0.8179644530626614,0.04845545359236365,0.05907813682631577,1.6529558794426862,0.6291457074079365,27.589324858498554,9.999999999999997e-06,0.0007331225660461873,0.0011008426926664703,22,0.2927100658416748,2.1733455657958984,0.5445446968078613,3.010655403137207
30,21,0.5668595509983417,1.2305463862789676,-9.815849197984628,-9.815849197984628,0.8179874331653857,0.8179874331653857,0.049205514050447215,0.05907813682631577,1.6904601625655573,0.630134159965569,27.596915666156114,9.999999999999997e-06,0.0004691982831730217,0.0016842245167521446,22,0.32372617721557617,2.268568992614746,0.5497198104858398,3.1420679092407227
31,22,0.559314151791603,1.232567511667887,-9.81573700468782,-9.815849197984628,0.8179780837239851,0.8179874331653857,0.04852899066195142,0.05907813682631577,1.6605185367970279,0.6320301878068151,27.6108438480842,9.999999999999997e-06,0.0007581583822401895,0.001227527341033014,19,0.29719996452331543,2.390645742416382,0.5775506496429443,3.265446424484253
32,23,0.5600684851479736,1.227663849688156,-9.815688176683988,-9.815849197984628,0.8179740147236657,0.8179874331653857,0.04913306250049023,0.05907813682631577,1.681065932477864,0.6329981713431514,27.617902687088932,9.999999999999997e-06,0.00012098573827306406,0.0008241215444742559,20,0.29274511337280273,2.360727548599243,0.5325841903686523,3.1862192153930664
33,24,0.5627667413290319,1.2325178958850302,-9.816213164749696,-9.816213164749696,0.8180177637291414,0.8180177637291414,0.0487764126003548,0.05907813682631577,1.6695119640016287,0.6340210812764042,27.62554378521313,9.999999999999997e-06,0.00031879118389251045,0.0011980287811212671,21,0.27869296073913574,2.2181928157806396,0.7018001079559326,3.1987550258636475
34,25,0.5614644099262225,1.2305370349295222,-9.815641576136793,-9.816213164749696,0.8179701313447327,0.8180177637291414,0.048867082022366976,0.05907813682631577,1.6742401353655083,0.6346628308307508,27.63036887190005,9.999999999999997e-06,0.000745393071309125,0.0005975188917190123,21,0.2813534736633301,2.2074100971221924,0.5659768581390381,3.0548105239868164
35,26,0.561456349668702,1.230527786598185,-9.815903202821795,-9.816213164749696,0.817991933568483,0.8180177637291414,0.04888282304703804,0.05907813682631577,1.6735613631035875,0.6351158188354862,27.633548347857356,9.999999999999997e-06,0.0008659769287962456,0.0005974764111408589,21,0.28929853439331055,2.278742790222168,0.4042520523071289,2.9723622798919678
36,27,0.5614538348112144,1.2305261634584446,-9.816310932685726,-9.816310932685726,0.8180259110571438,0.8180259110571438,0.04887278149592389,0.05907813682631577,1.6733306245987194,0.6354653334077037,27.63607275553472,9.999999999999997e-06,0.0004129638501195832,0.00047111931331211024,27,0.3571970462799072,2.1666595935821533,0.4826328754425049,3.006558418273926
37,28,0.5614530067167159,1.2305309113391902,-9.816174813205448,-9.816310932685726,0.8180145677671207,0.8180259110571438,0.0488824143165006,0.05907813682631577,1.6729308027261567,0.6357298918346509,27.638368556057124,9.999999999999997e-06,0.0005281583755902778,0.00047111758910509187,27,0.3550283908843994,2.2432682514190674,0.524050235748291,3.1224136352539062
38,29,0.5614516882700019,1.2305323497506402,-9.816049365977552,-9.816310932685726,0.8180041138314627,0.8180259110571438,0.04890666790437688,0.05907813682631577,1.6743730980805651,0.6359388811325284,27.639934566096727,9.999999999999997e-06,0.0005220757959353917,0.0004711138530907459,27,0.3671610355377197,2.336317539215088,0.5738365650177002,3.277381420135498
39,30,0.5614528446592746,1.2305333146916908,-9.815966880237541,-9.816310932685726,0.8179972400197951,0.8180259110571438,0.04886767471876399,0.05907813682631577,1.6726878406658159,0.6361086356206275,27.64123976946568,9.999999999999997e-06,0.0005226040200383553,0.00047111762551689323,27,0.3557863235473633,2.3214502334594727,0.42261314392089844,3.099935531616211
40,31,0.5614502422487666,1.2305314290527765,-9.815849366356293,-9.816310932685726,0.8179874471963577,0.8180259110571438,0.048880083757717976,0.05907813682631577,1.6731438066085644,0.6362480023465709,27.642264381548824,9.999999999999997e-06,0.0005264632884116774,0.000471109230733918,27,0.3730175495147705,2.3240628242492676,0.5162642002105713,3.213421106338501
41,32,0.5614494555713406,1.2305295765014443,-9.815541433080432,-9.816310932685726,0.817961786090036,0.8180259110571438,0.048902551133923555,0.05907813682631577,1.6743027706284863,0.636360095347504,27.643170240193406,9.999999999999997e-06,0.0005331497629937668,0.00047110644858079366,27,0.43652796745300293,2.2149901390075684,0.4148240089416504,3.066422939300537
42,33,0.5614463060319048,1.230523764265834,-9.815899206274743,-9.816310932685726,0.8179916005228952,0.8180259110571438,0.048879522988262994,0.05907813682631577,1.6732772397562314,0.6364600970328554,27.643807190693874,9.999999999999997e-06,0.000845054397297945,0.0005842947007963188,28,0.3698291778564453,2.2333755493164062,0.4369828701019287,3.040255308151245
43,34,0.5614467753923068,1.2305239459523183,-9.816048796439972,-9.816310932685726,0.8180040663699977,0.8180259110571438,0.048853765376999835,0.05907813682631577,1.67352583562014,0.6365498321974653,27.644507596386678,9.999999999999997e-06,0.00081092234037174,0.0005405665710960537,28,0.37422800064086914,2.1788177490234375,0.5334646701812744,3.0865795612335205
44,35,0.5614472468385655,1.2305247855041779,-9.815919073476335,-9.816310932685726,0.817993256123028,0.8180259110571438,0.04887594844380328,0.05907813682631577,1.6734756602267566,0.6366254708235274,27.645091542646956,9.999999999999997e-06,0.000845251076866482,0.0005842948964463109,28,0.37741947174072266,2.2443060874938965,0.5048496723175049,3.1266427040100098
45,36,0.561445448888129,1.2305231624027166,-9.816076310672127,-9.816310932685726,0.8180063592226773,0.8180259110571438,0.04890522440863546,0.05907813682631577,1.6733016410863542,0.6366964400488225,27.645816960162367,9.999999999999997e-06,0.0008112309439209398,0.0005405646019163791,28,0.3700394630432129,2.1721715927124023,0.515387773513794,3.057666063308716
46,37,0.561445917494241,1.230524352033158,-9.816296690661503,-9.816310932685726,0.8180247242217918,0.8180259110571438,0.04892763738454556,0.05907813682631577,1.6736979476689413,0.636759261223012,27.646179551098204,9.999999999999997e-06,0.0008123677341644241,0.000540566370900337,28,0.38216733932495117,2.2939984798431396,0.5322790145874023,3.208510398864746
47,38,0.5614456947613927,1.2305267814837353,-9.81642052951719,-9.81642052951719,0.8180350441264325,0.8180350441264325,0.04888982341183644,0.05907813682631577,1.6726413639557904,0.6368166190182435,27.646666151792633,9.999999999999997e-06,0.000847407489609096,0.0005842985718536663,28,0.38453054428100586,2.2781572341918945,0.4772787094116211,3.1400368213653564
48,39,0.5614458396659022,1.2305290976610512,-9.815984608000099,-9.81642052951719,0.8179987173333415,0.8180350441264325,0.0488851093605777,0.05907813682631577,1.6733774615597383,0.636864212642155,27.647067608720185,9.999999999999997e-06,0.0007300068998833134,0.00043282404269150176,29,0.3937366008758545,2.3005874156951904,0.4788088798522949,3.173201322555542
49,40,0.5614444352027863,1.2305288493416786,-9.815913251222067,-9.81642052951719,0.8179927709351723,0.8180350441264325,0.04888848332080904,0.05907813682631577,1.6733958877080966,0.6369079711853373,27.64740565529302,9.999999999999997e-06,0.0007311672784994754,0.00043282545928039395,29,0.4062771797180176,2.389629602432251,0.6193599700927734,3.4153354167938232
50,41,0.5614444419135489,1.230527910804747,-9.815681995169815,-9.81642052951719,0.8179734995974846,0.8180350441264325,0.048869037782179776,0.05907813682631577,1.6737853205426205,0.6369449915688569,27.647636508638392,9.999999999999997e-06,0.0007335914161432266,0.0004328231937783001,29,0.380265474319458,2.247779607772827,0.47331738471984863,3.1014304161071777
51,42,0.5614448183604598,1.2305266750758943,-9.81604758027541,-9.81642052951719,0.8180039650229508,0.8180350441264325,0.04888956315246761,0.05907813682631577,1.673815939825218,0.6369804092096413,27.64771397869687,9.999999999999997e-06,0.0007395418774840385,0.0004328197108207595,29,0.41053295135498047,2.3133938312530518,0.5860812664031982,3.3100745677948
52,43,0.5614450035851971,1.2305263308527483,-9.816196907603713,-9.81642052951719,0.818016408966976,0.8180350441264325,0.048894968156517976,0.05907813682631577,1.6728266698784893,0.6370163034210224,27.64821554469031,9.999999999999997e-06,0.0007390506602792572,0.00043281863117805575,29,0.3877074718475342,2.2309696674346924,0.6819214820861816,3.300666570663452
53,44,0.5614435653579155,1.2305269349521293,-9.815701612763421,-9.81642052951719,0.8179751343969518,0.8180350441264325,0.04882362543546776,0.05907813682631577,1.6729872276058728,0.6370459083759856,27.648493677947,9.999999999999997e-06,0.0007362445926645936,0.0004328221318474385,29,0.4114055633544922,2.3716561794281006,0.6524221897125244,3.435582160949707
54,45,0.5614426768667665,1.2305257836225356,-9.81580297911825,-9.81642052951719,0.8179835815931874,0.8180350441264325,0.04888071011269071,0.05907813682631577,1.674281761668837,0.6370709676573741,27.648420601400982,9.999999999999997e-06,0.0004174510665099811,0.0004145789326525462,29,0.49022936820983887,2.5436367988586426,0.5556752681732178,3.5896072387695312
55,46,0.5614441413549192,1.230524583461931,-9.815860761425242,-9.81642052951719,0.8179883967854368,0.8180350441264325,0.04888928527795293,0.05907813682631577,1.673333382700278,0.6370962941683425,27.64876181993174,9.999999999999997e-06,0.0009963643667380156,0.0005405652519622298,28,0.39103031158447266,2.206730604171753,0.5458371639251709,3.143667697906494
56,47,0.5614434327563838,1.2305226092094295,-9.815604440813349,-9.81642052951719,0.8179670367344457,0.8180350441264325,0.04885842982656746,0.05907813682631577,1.6738552017999524,0.6371165008602552,27.648868337534992,9.999999999999997e-06,0.0009923695676861556,0.0005405624023478831,28,0.3699007034301758,2.173746109008789,0.5448048114776611,3.08851957321167
57,48,0.5614450442650035,1.230523184104277,-9.816036491275009,-9.81642052951719,0.8180030409395841,0.8180350441264325,0.04892269651802608,0.05907813682631577,1.6739469913740663,0.6371394049575451,27.648961954236338,9.999999999999997e-06,0.0009802116597928685,0.0005405643107755468,28,0.3908841609954834,2.3325846195220947,0.47789835929870605,3.201436996459961
58,49,0.5614440241283275,1.2305228992803867,-9.81636899172684,-9.81642052951719,0.81803074931057,0.8180350441264325,0.04889205999371804,0.05907813682631577,1.673348279608831,0.6371640367667991,27.64928005825041,9.999999999999997e-06,0.0009820461472310738,0.0005405631897946768,28,0.3782618045806885,2.190192461013794,0.4737720489501953,3.0423202514648438
59,50,0.5611489073923838,1.2304466087371384,-9.8163027655576,-9.81642052951719,0.8180252304631334,0.8180350441264325,0.048922509938199604,0.05907813682631577,1.673509757483714,0.6371955040613453,27.649300547499408,9.999999999999997e-06,0.000992650622223765,0.0005407507766534684,28,0.42554187774658203,2.1897592544555664,0.5683741569519043,3.1837515830993652
60,51,0.5613552989174169,1.2305025421241564,-9.815847764625198,-9.81642052951719,0.8179873137187665,0.8180350441264325,0.048876494554960355,0.05907813682631577,1.67354460507525,0.6372145921317333,27.649595654942885,9.999999999999997e-06,0.0008589302903811753,0.00048539415103212745,28,0.4462318420410156,2.267246961593628,0.6457276344299316,3.3592746257781982
61,52,0.5613664230790315,1.2305041271317718,-9.816158616143227,-9.81642052951719,0.8180132180119356,0.8180350441264325,0.048921937730525965,0.05907813682631577,1.673636254921277,0.637235678404981,27.64985811281152,9.999999999999997e-06,0.0008565063134587837,0.0004853620122998955,28,0.3900642395019531,2.2542474269866943,0.5053634643554688,3.1497440338134766
62,53,0.5613586992768924,1.2305036822581095,-9.816140471722685,-9.81642052951719,0.8180117059768904,0.8180350441264325,0.048934040221662825,0.05907813682631577,1.6742348629914687,0.6372517791687711,27.64993543047626,9.999999999999997e-06,0.0008589910900072193,0.00048538256667647394,28,0.3739640712738037,2.413801670074463,0.4248659610748291,3.2126986980438232
63,54,0.5613502534586443,1.2305009984259723,-9.81588313869992,-9.81642052951719,0.8179902615583267,0.8180350441264325,0.048881381479624175,0.05907813682631577,1.673650103286505,0.6372683974727662,27.65011362404634,9.999999999999997e-06,0.0008609261576080803,0.0004854114268402008,28,0.3968672752380371,2.170978546142578,0.5162277221679688,3.084141969680786
64,55,0.561358685114615,1.2305037309505735,-9.816259146655755,-9.81642052951719,0.8180215955546463,0.8180350441264325,0.04892909119120142,0.05907813682631577,1.6744649964404204,0.6372822667505886,27.650120166186362,9.999999999999997e-06,0.0008592977318584057,0.0004853824912011224,28,0.37346982955932617,2.203434705734253,0.651984453201294,3.228954792022705
65,56,0.5613455503439586,1.2305008612433808,-9.815681107839243,-9.81642052951719,0.8179734256532702,0.8180350441264325,0.0488369911085024,0.05907813682631577,1.6727826788616795,0.6372962714597283,27.65030321157725,9.999999999999997e-06,0.0008626062935131371,0.00048542490679874713,28,0.40571093559265137,2.234623908996582,0.5819363594055176,3.2223398685455322
66,57,0.5613632469539538,1.230503504579795,-9.8159030141155,-9.81642052951719,0.8179919178429583,0.8180350441264325,0.04890061425407807,0.05907813682631577,1.6739479308859586,0.6373085850179204,27.650343537420458,9.999999999999997e-06,0.0008585794689205043,0.00048537134501791356,28,0.39150166511535645,2.5433590412139893,0.489762544631958,3.4246976375579834
67,58,0.5613734298495001,1.2305062213031244,-9.816160357106385,-9.81642052951719,0.8180133630921987,0.8180350441264325,0.04887838905209975,0.05907813682631577,1.6733905980729844,0.6373247352560298,27.650676083849145,9.999999999999997e-06,0.0008572580887445958,0.00048534046949973614,28,0.3819265365600586,2.314347743988037,0.5106542110443115,3.2069954872131348
68,59,0.5613657378043152,1.2305042623533133,-9.816305345308908,-9.81642052951719,0.8180254454424091,0.8180350441264325,0.048924415387877986,0.05907813682631577,1.6726857751647515,0.6373370889617933,27.650722545681237,9.999999999999997e-06,0.0008594124815372997,0.00048536339139272356,28,0.37451934814453125,2.173370838165283,0.5884947776794434,3.136467456817627
69,60,0.5613545008271897,1.2305019544302165,-9.815777457975832,-9.81642052951719,0.8179814548313193,0.8180350441264325,0.04887738565142923,0.05907813682631577,1.6735296521784306,0.6373467318480122,27.650683852653547,9.999999999999997e-06,0.0008629528943080145,0.00048539765135597267,28,0.3769857883453369,2.329049587249756,0.5909957885742188,3.297096014022827
70,61,0.561365054588435,1.2305038093796314,-9.816237029714367,-9.81642052951719,0.8180197524761973,0.8180350441264325,0.04887943209260436,0.05907813682631577,1.6728102624416579,0.637358959267317,27.650804510228532,9.999999999999997e-06,0.0008604199778555205,0.0004853661238596329,28,0.43982768058776855,2.380563497543335,0.577430248260498,3.3978917598724365
71,62,0.5613558492511586,1.2305020878169979,-9.81590698046733,-9.81642052951719,0.8179922483722776,0.8180350441264325,0.048891355043498105,0.05907813682631577,1.6731308379049352,0.6373667176477115,27.65074851574346,9.999999999999997e-06,0.0008629629446063299,0.0004853937476825198,28,0.37409114837646484,2.3554069995880127,0.5216500759124756,3.2512972354888916
72,63,0.5613602906005666,1.2305038239005128,-9.815791879562589,-9.81642052951719,0.8179826566302157,0.8180350441264325,0.048886434257173615,0.05907813682631577,1.6738179373507336,0.6373777416165778,27.65093721485555,9.999999999999997e-06,0.000861914348097216,0.00048537812778627967,28,0.4294116497039795,2.232950210571289,0.600053071975708,3.262484312057495
73,64,0.5613714047822471,1.2305058937701874,-9.815663766438641,-9.81642052951719,0.8179719805365534,0.8180350441264325,0.04885401582581275,0.05907813682631577,1.674154708176772,0.6373850932531128,27.65093724817224,9.999999999999997e-06,0.000859593899056479,0.0004853459667597623,28,0.3729422092437744,2.2292253971099854,0.6478228569030762,3.2500784397125244
74,65,0.5613859665493897,1.2305098726122448,-9.815817918379274,-9.81642052951719,0.8179848265316062,0.8180350441264325,0.04888148184396231,0.05907813682631577,1.6737888621610324,0.637393102252934,27.65102525759437,9.999999999999997e-06,0.0008555658639581049,0.0004853045617618685,28,0.4406585693359375,2.278822422027588,0.5937962532043457,3.313356876373291
75,66,0.5613848271901142,1.230508056989586,-9.816039691929682,-9.81642052951719,0.8180033076608068,0.8180350441264325,0.04894918639017523,0.05907813682631577,1.6743614940817935,0.6374007982239095,27.650953377151016,9.999999999999997e-06,0.0008532063394966219,0.00048531097083219645,28,0.38760924339294434,2.4273312091827393,0.6059532165527344,3.420961380004883
76,67,0.561383115125504,1.2305074893039931,-9.815820350651794,-9.81642052951719,0.8179850292209828,0.8180350441264325,0.04887961045197703,0.05907813682631577,1.6737236554979376,0.6374091950957599,27.651144968270938,9.999999999999997e-06,0.000853816671085826,0.0004853158978011305,28,0.3953521251678467,2.2789340019226074,0.5724928379058838,3.2468461990356445
77,68,0.5613885463749048,1.2305085279212982,-9.816083287859392,-9.81642052951719,0.8180069406549494,0.8180350441264325,0.04887457591788596,0.05907813682631577,1.6733592493822442,0.637417171632631,27.65118757697401,9.999999999999997e-06,0.0008516052037465955,0.00048530214962006814,28,0.4022397994995117,2.254479169845581,0.5491814613342285,3.2059876918792725
78,69,0.5613883298397372,1.2305091185712778,-9.816041426041371,-9.81642052951719,0.8180034521701143,0.8180350441264325,0.04890947817781878,0.05907813682631577,1.674780516873355,0.6374254151548591,27.651294527126957,9.999999999999997e-06,0.0008528051610896716,0.0004853012940247942,28,0.3998751640319824,2.180879831314087,0.5362253189086914,3.117048501968384
79,70,0.5613856122729621,1.2305076762918383,-9.815785267365431,-9.81642052951719,0.8179821056137859,0.8180350441264325,0.04889888086735719,0.05907813682631577,1.6739553102139695,0.6374319887992054,27.651756277109296,9.999999999999997e-06,0.0008534229890756959,0.0004853101534360114,28,0.38237810134887695,2.274916172027588,0.563218355178833,3.2205843925476074
80,71,0.5613912540705749,1.2305092532966702,-9.816493283829066,-9.816493283829066,0.8180411069857555,0.8180411069857555,0.048944876370080694,0.05907813682631577,1.6725001794718821,0.6374408308242209,27.65141402220481,9.999999999999997e-06,0.0008508828908674064,0.0004852950462261528,28,0.39539146423339844,2.292729616165161,0.5982732772827148,3.286461353302002
81,72,0.5613809077660603,1.2305072269700947,-9.816264517674512,-9.816493283829066,0.8180220431395426,0.8180411069857555,0.04891263553579303,0.05907813682631577,1.6739383708005988,0.6374486963486264,27.65147998706161,9.999999999999997e-06,0.0009552516734567712,0.0004853212864261487,28,0.3826754093170166,2.1753127574920654,0.6015474796295166,3.159602165222168
82,73,0.5613752416254714,1.2305064826282768,-9.816188847840676,-9.816493283829066,0.8180157373200564,0.8180411069857555,0.04891106652449598,0.05907813682631577,1.6738575126861122,0.6374615560944403,27.652113235145325,9.999999999999997e-06,0.0009598158782087602,0.00048533568733644984,28,0.3925652503967285,2.32218861579895,0.6754493713378906,3.3902714252471924
83,74,0.5613696098464519,1.230506939701263,-9.815912260639909,-9.816493283829066,0.8179926883866591,0.8180411069857555,0.048904365864718975,0.05907813682631577,1.6742490249801847,0.637462366340723,27.65147331232482,9.999999999999997e-06,0.0009627950049480958,0.000485347887358853,28,0.3914303779602051,2.273336172103882,0.6509349346160889,3.3157734870910645
84,75,0.5613728634284095,1.230506176926621,-9.815924460583044,-9.816493283829066,0.817993705048587,0.8180411069857555,0.048894813353434756,0.05907813682631577,1.6737179325310194,0.6374683366104904,27.651725134553278,9.999999999999997e-06,0.0009612866590662455,0.0004853418928182896,28,0.45251965522766113,2.284274101257324,0.6325395107269287,3.369413137435913
85,76,0.5613754715392613,1.23050678610476,-9.815954501122278,-9.816493283829066,0.8179962084268565,0.8180411069857555,0.04891518193206292,0.05907813682631577,1.6739265695223793,0.6374730463910385,27.651674086014317,9.999999999999997e-06,0.0009600069624450444,0.0004853344774905776,28,0.40245866775512695,2.2100043296813965,0.5946574211120605,3.207188367843628
86,77,0.5614729935967225,1.2305814146190752,-9.816078179735007,-9.816493283829066,0.8180065149779172,0.8180411069857555,0.04887944689885644,0.05907813682631577,1.672973096531834,0.6374733390511227,27.650968481471573,9.999999999999997e-06,0.0009590705307973256,0.00048507370355152046,28,0.4510786533355713,2.217118740081787,0.6625900268554688,3.330857753753662
87,78,0.5613819757535559,1.2305094264318557,-9.816001271240898,-9.816493283829066,0.8180001059367416,0.8180411069857555,0.04887647621854487,0.05907813682631577,1.6740318270306886,0.6374878496756526,27.651976253216432,9.999999999999997e-06,0.0009612573528651807,0.00048531407844492773,28,0.41689014434814453,2.2239558696746826,0.7690503597259521,3.4099650382995605
88,79,0.5613849430904437,1.2305107481959026,-9.815570286578808,-9.816493283829066,0.817964190548234,0.8180411069857555,0.048881065385351086,0.05907813682631577,1.6742496841817882,0.6374865767719644,27.65153150662447,9.999999999999997e-06,0.0009611960115619429,0.00048530481385662786,28,0.4243192672729492,2.256105899810791,0.721961259841919,3.4024558067321777
89,80,0.5613916343554352,1.2305119532358444,-9.816318085055222,-9.816493283829066,0.8180265070879352,0.8180411069857555,0.04893989259009113,0.05907813682631577,1.6740935057000996,0.6374967813607836,27.652158590351178,9.999999999999997e-06,0.0009543799180072603,0.00048528841597387254,28,0.3920886516571045,2.1615331172943115,0.7416739463806152,3.2953782081604004
90,81,0.5613873504067773,1.2305109894311868,-9.815958225993922,-9.816493283829066,0.8179965188328269,0.8180411069857555,0.04889616941697303,0.05907813682631577,1.6737120377707129,0.6375022217707005,27.652194186947874,9.999999999999997e-06,0.0009594452774019207,0.00048529923511589606,28,0.4114813804626465,2.289670944213867,0.7530608177185059,3.4542808532714844
91,82,0.5613883018839528,1.2305116687565931,-9.816721996345136,-9.816721996345136,0.8180601663620947,0.8180601663620947,0.04891737165058697,0.05907813682631577,1.6726526399091455,0.6375096735081812,27.652524856765094,9.999999999999997e-06,0.0009587647461813135,0.0004852957964151765,28,0.4036738872528076,2.1857070922851562,0.7820086479187012,3.3714563846588135
92,83,0.5613728755773991,1.2305095738738816,-9.816323341591056,-9.816721996345136,0.818026945132588,0.8180601663620947,0.048918197025449646,0.05907813682631577,1.6738378239250409,0.637510999382538,27.65189349234773,9.999999999999997e-06,0.0007741197267069276,0.00034040907695699493,29,0.45699286460876465,2.1813106536865234,0.7095475196838379,3.34791898727417
93,84,0.5613610834259096,1.2305075582220533,-9.815570329790292,-9.816721996345136,0.817964194149191,0.8180601663620947,0.04883413254681029,0.05907813682631577,1.6726352345985873,0.6375165138672834,27.652072758184897,9.999999999999997e-06,0.0007794103687354764,0.00034046436223333893,29,0.5230562686920166,2.286746025085449,0.7258000373840332,3.535670042037964
94,85,0.5613808490222542,1.230510925573717,-9.815963108220933,-9.816721996345136,0.8179969256850778,0.8180601663620947,0.048878410432402056,0.05907813682631577,1.6736428513859636,0.6375178817403722,27.651898402204683,9.999999999999997e-06,0.0007705167128862307,0.0003403733439902673,29,0.506671667098999,2.236239433288574,0.7379825115203857,3.4809703826904297
95,86,0.5613861160205414,1.230512125999413,-9.815870916267205,-9.816721996345136,0.817989243022267,0.8180601663620947,0.04890660557466027,0.05907813682631577,1.673969351417938,0.6375219861786638,27.652031594994167,9.999999999999997e-06,0.0007697334029429635,0.0003403496480296071,29,0.5770480632781982,2.3473923206329346,0.6857836246490479,3.6103217601776123
96,87,0.5613870473796155,1.2305108872970818,-9.815949343731916,-9.816721996345136,0.8179957786443263,0.8180601663620947,0.048841645672928785,0.05907813682631577,1.672619307420959,0.6375261978854944,27.65204001843831,9.999999999999997e-06,0.000767773955224399,0.0003403493039883131,29,0.43833184242248535,2.238858222961426,0.6804978847503662,3.357757568359375
97,88,0.5613899177612325,1.230511744568681,-9.816095695219214,-9.816721996345136,0.8180079746016012,0.8180601663620947,0.048902265168135076,0.05907813682631577,1.6735312050292777,0.6375293679053478,27.652096544887005,9.999999999999997e-06,0.000766928328171706,0.00034033613504937024,29,0.4570930004119873,2.845512628555298,0.9509320259094238,4.253605365753174
98,89,0.5613853583923678,1.230511312767727,-9.816145258190538,-9.816721996345136,0.8180121048492115,0.8180601663620947,0.048903577928625895,0.05907813682631577,1.6741414884563284,0.6375347075429931,27.652279485104167,9.999999999999997e-06,0.0007679942971352534,0.0003403546913442444,29,0.5272257328033447,2.476166248321533,0.8402295112609863,3.8437018394470215
99,90,0.5613909674595573,1.2305127732350285,-9.815779295012721,-9.816721996345136,0.8179816079177268,0.8180601663620947,0.048892601378541886,0.05907813682631577,1.6739071621508828,0.6375381210492822,27.65218590470845,9.999999999999997e-06,0.0007697713047526695,0.0003403295068571583,29,0.5659711360931396,2.592886209487915,0.7197952270507812,3.87872052192688
100,91,0.5613878264372284,1.2305118514498123,-9.816119215628872,-9.816721996345136,0.8180099346357393,0.8180601663620947,0.04885726535623154,0.05907813682631577,1.6731621886061419,0.6375417012815863,27.652180584589154,9.999999999999997e-06,0.0007669865528432436,0.0003403438003792464,29,0.5637660026550293,2.2764406204223633,0.7294812202453613,3.5697596073150635
101,92,0.5614834022405073,1.2306067762766912,-9.81633372506843,-9.816721996345136,0.8180278104223692,0.8180601663620947,0.04892629334838701,0.05907813682631577,1.6733785519708846,0.6375433585767897,27.652132370769174,9.999999999999997e-06,0.0007681073374490901,0.00033993459747743636,29,0.5887532234191895,2.3458707332611084,0.753394365310669,3.688096761703491
102,93,0.5614279967802434,1.230530784870579,-9.815908108745129,-9.816721996345136,0.8179923423954274,0.8180601663620947,0.04886714866556943,0.05907813682631577,1.6736677595665412,0.6375481727776813,27.652159675247432,9.999999999999997e-06,0.0007719820974509278,0.0003087980096632127,29,0.47538328170776367,2.316809892654419,0.9134912490844727,3.705751657485962
103,94,0.5614220471029555,1.230528891879217,-9.816196512105728,-9.816721996345136,0.8180163760088107,0.8180601663620947,0.04885372536840864,0.05907813682631577,1.672974758512666,0.6375518055454396,27.65267298459255,9.999999999999997e-06,0.0007716879314369384,0.0003088247291761355,29,0.5293750762939453,2.4208462238311768,0.7947983741760254,3.745089054107666
104,95,0.5614278949338934,1.2305311386788254,-9.815877451759178,-9.816721996345136,0.8179897876465981,0.8180601663620947,0.04886412061934113,0.05907813682631577,1.6733211535344878,0.6375561480337129,27.65237027932811,9.999999999999997e-06,0.0007724392341786556,0.0003087973162145072,29,0.4680631160736084,2.1747689247131348,0.8698546886444092,3.512754440307617
105,96,0.5614237399682244,1.2305296725323533,-9.816237267854305,-9.816721996345136,0.818019772321192,0.8180601663620947,0.04892296923406708,0.05907813682631577,1.6736645203524034,0.6375607993474695,27.652373062357523,9.999999999999997e-06,0.000772081130345516,0.00030881630450123993,29,0.5302748680114746,2.2730956077575684,0.7315902709960938,3.5350420475006104
106,97,0.5614280497169224,1.2305314586633975,-9.816108674858546,-9.816721996345136,0.8180090562382122,0.8180601663620947,0.04888858987664369,0.05907813682631577,1.6725480664598251,0.6375626806983639,27.652397436544792,9.999999999999997e-06,0.0007728935060854107,0.00030879583617822454,29,0.5818564891815186,2.4668469429016113,0.781031608581543,3.8298048973083496
107,98,0.5614313830012536,1.2305327246485638,-9.816126526995875,-9.816721996345136,0.8180105439163229,0.8180601663620947,0.048888253214431354,0.05907813682631577,1.6735120513609587,0.637562775101842,27.652036402618876,9.999999999999997e-06,0.0007731124864953674,0.0003029648062830275,29,0.5107877254486084,2.1903905868530273,0.9004483222961426,3.601696014404297
108,99,0.5614361198081438,1.2305353820760205,-9.815923193775474,-9.816721996345136,0.8179935994812895,0.8180601663620947,0.0488727092175649,0.05907813682631577,1.6734647954639996,0.6375633150761644,27.65177376239576,9.999999999999997e-06,0.0007732815791347765,0.0003029355973828916,29,0.5173585414886475,2.4086833000183105,0.8946864604949951,3.8208096027374268
109,100,0.5614308593088813,1.230534648526264,-9.816157391583774,-9.816721996345136,0.8180131159653145,0.8180601663620947,0.048884120293441254,0.05907813682631577,1.6735048712840523,0.6375714722597323,27.652464713344116,9.999999999999997e-06,0.000773267935065238,0.000302960777273979,29,0.546161413192749,2.2524311542510986,0.7144558429718018,3.5131187438964844
110,101,0.561434132270953,1.2305331972754514,-9.815901404107734,-9.816721996345136,0.8179917836756445,0.8180601663620947,0.04885723876581428,0.05907813682631577,1.6731249051996855,0.6375751564791811,27.65260433081602,9.999999999999997e-06,0.0007734617999295162,0.00030295131068948866,29,0.5835442543029785,2.6267223358154297,0.7886009216308594,3.9990134239196777
111,102,0.5614286833860372,1.2305331893289322,-9.8158429452591,-9.816721996345136,0.8179869121049249,0.8180601663620947,0.04886960102860267,0.05907813682631577,1.6732010634377588,0.6375765970946129,27.652487696670544,9.999999999999997e-06,0.0007733663003871116,0.00030297520747964005,29,0.5978317260742188,2.304588556289673,0.7390472888946533,3.6415517330169678
112,103,0.5614264264431286,1.2305308242078714,-9.815962391703595,-9.816721996345136,0.8179968659752995,0.8180601663620947,0.048863541576584325,0.05907813682631577,1.6729030452340794,0.6375790451030655,27.652488478640596,9.999999999999997e-06,0.0007730164667793872,0.0003088033685158088,29,0.5449259281158447,2.3277084827423096,0.798088550567627,3.670802354812622
113,104,0.5614263579581639,1.230530474228718,-9.815995898078093,-9.816721996345136,0.8179996581731744,0.8180601663620947,0.04890913895371207,0.05907813682631577,1.6741083313539349,0.6375805385823069,27.65214612933142,9.999999999999997e-06,0.0007728673628558261,0.0003088046435362346,29,0.5359804630279541,2.294877767562866,0.8516061305999756,3.682542324066162
114,105,0.5614233543869801,1.2305302185791338,-9.815800376592042,-9.816721996345136,0.8179833647160035,0.8180601663620947,0.048845880366136844,0.05907813682631577,1.6731062054962393,0.6375843188598889,27.652541527234934,9.999999999999997e-06,0.000772816867677661,0.000308816073801211,29,0.5654613971710205,2.3561997413635254,0.6732053756713867,3.594956636428833
115,106,0.56141538701725,1.2305268966444929,-9.816152678719659,-9.816721996345136,0.8180127232266382,0.8180601663620947,0.04891456494771998,0.05907813682631577,1.6732943301643246,0.6375896269633837,27.652943725460666,9.999999999999997e-06,0.0007720736803829534,0.0003088554731449652,29,0.5904805660247803,2.4819295406341553,0.8579363822937012,3.930424451828003
116,107,0.5614195056651432,1.2305286123410408,-9.815736539273047,-9.816721996345136,0.8179780449394206,0.8180601663620947,0.04882447480690671,0.05907813682631577,1.6730936497156677,0.6375890645452326,27.652586465023592,9.999999999999997e-06,0.0007728190989663724,0.00030883487651676603,29,0.5495247840881348,2.3866894245147705,0.9641544818878174,3.9004476070404053
117,108,0.5614134790002974,1.230522621151477,-9.815695381656717,-9.816721996345136,0.8179746151380597,0.8180601663620947,0.048856942883526724,0.05907813682631577,1.6734654585503677,0.6375910269902143,27.652592309050306,9.999999999999997e-06,0.0007716161943829383,0.000308875809940157,29,0.6013681888580322,2.3783791065216064,1.0009994506835938,3.980822801589966
118,109,0.5614086071243378,1.2305238619862249,-9.816237152688732,-9.816721996345136,0.818019762724061,0.8180601663620947,0.04894096932167009,0.05907813682631577,1.6747929328842304,0.6375912507052562,27.652373824950967,9.999999999999997e-06,0.0007696169007551856,0.0003088911151130615,29,0.5417087078094482,2.1745312213897705,0.7355525493621826,3.451866388320923
119,110,0.5614118573567639,1.2305258788023952,-9.81574998263149,-9.816721996345136,0.8179791652192908,0.8180601663620947,0.04887532359660574,0.05907813682631577,1.6734614456596546,0.6375997041776221,27.653135427052444,9.999999999999997e-06,0.0007712235634346337,0.0003088721639166277,29,0.571019172668457,2.4127914905548096,0.9004042148590088,3.8842902183532715
120,111,0.5614100363001276,1.2305236696926176,-9.815940241811038,-9.816721996345136,0.8179950201509198,0.8180601663620947,0.048875642748653775,0.05907813682631577,1.6736664367635399,0.6375975205614156,27.652644900806806,9.999999999999997e-06,0.0007696327930626833,0.0003088860160288179,29,0.5190780162811279,2.461413860321045,0.8296780586242676,3.810274362564087
121,112,0.561410822780962,1.2305237400471878,-9.815810452222143,-9.816721996345136,0.8179842043518453,0.8180601663620947,0.048835514072839994,0.05907813682631577,1.6729840633736472,0.6375976503010012,27.652382079053535,9.999999999999997e-06,0.000769170583127964,0.00030888269916589593,29,0.5841906070709229,2.3533506393432617,1.071908950805664,4.00952410697937
122,113,0.5614034684669357,1.2305237011230912,-9.815969552665582,-9.816721996345136,0.8179974627221318,0.8180601663620947,0.04889126503154784,0.05907813682631577,1.6737985924623615,0.6376033867380447,27.652921163408415,9.999999999999997e-06,0.0007678820745320112,0.0003089125452936165,29,0.5561099052429199,2.4384944438934326,1.0040223598480225,3.9987077713012695
123,114,0.5614052262519014,1.2305229692215833,-9.815686291886124,-9.816721996345136,0.817973857657177,0.8180601663620947,0.04885924101203485,0.05907813682631577,1.6733283451124805,0.63760260119004,27.652654523198585,9.999999999999997e-06,0.0007675899509570448,0.00030890751468473865,29,0.5839786529541016,2.303333282470703,0.868966817855835,3.756348133087158
124,115,0.561408243213378,1.2305210941040954,-9.81593833421119,-9.816721996345136,0.8179948611842658,0.8180601663620947,0.048893785041972615,0.05907813682631577,1.6741796689759099,0.6376011077835877,27.652428728092197,9.999999999999997e-06,0.0007558970536023682,0.00034024668483518394,29,0.5593400001525879,2.2071878910064697,0.8013203144073486,3.567920684814453
125,116,0.5614078510635833,1.2305233758874106,-9.81573081136725,-9.816721996345136,0.8179775676139375,0.8180601663620947,0.04888449584688821,0.05907813682631577,1.6732320846246864,0.6376090566644984,27.65304084071539,9.999999999999997e-06,0.0007554556246494992,0.0003402426741485804,29,0.5719630718231201,2.958364486694336,0.9270083904266357,4.457406520843506
126,117,0.5614054789318037,1.2305218572414998,-9.816396459973909,-9.816721996345136,0.818033038331159,0.8180601663620947,0.04891920802413613,0.05907813682631577,1.6730716546685045,0.6376097053862352,27.652738835401735,9.999999999999997e-06,0.0007536820778173404,0.0003402544508714422,29,0.5401628017425537,2.160480260848999,0.961280345916748,3.6619982719421387
127,118,0.561406301353316,1.2305208858437875,-9.81572767994896,-9.816721996345136,0.8179773066624133,0.8180601663620947,0.0488383874207323,0.05907813682631577,1.6731423839952697,0.6376114777452772,27.65279309933847,9.999999999999997e-06,0.0007565326288167058,0.00034025389139720816,29,0.5843935012817383,2.3669791221618652,0.8557388782501221,3.8071930408477783
128,119,0.5614079896056517,1.2305206532114683,-9.816339571727571,-9.816721996345136,0.8180282976439642,0.8180601663620947,0.0488971970009236,0.05907813682631577,1.6732050430619836,0.6376125770726705,27.652758146688857,9.999999999999997e-06,0.0007545921426472098,0.0003402486092112666,29,0.5091385841369629,2.393601894378662,1.017808198928833,3.920646905899048
129,120,0.5614075125645734,1.2305224423949517,-9.816120414352065,-9.816721996345136,0.8180100345293387,0.8180601663620947,0.048901782689179725,0.05907813682631577,1.6734867989990363,0.6376145389644698,27.65277341980283,9.999999999999997e-06,0.0007568496475424606,0.0003402460174323177,29,0.5424160957336426,2.79768967628479,1.057448387145996,4.397627592086792
130,121,0.5614099609760128,1.2305227484291914,-9.815892037234475,-9.816721996345136,0.8179910031028729,0.8180601663620947,0.04885744390188472,0.05907813682631577,1.6726789746007142,0.6376163616807975,27.65277138114123,9.999999999999997e-06,0.0007575959420398299,0.0003402369050007705,29,0.5323305130004883,2.2123992443084717,1.0856459140777588,3.8304433822631836
131,122,0.5614080400185846,1.2305212887029318,-9.816086976323813,-9.816721996345136,0.8180072480269844,0.8180601663620947,0.04890772401795837,0.05907813682631577,1.6734452555245127,0.6376114122352654,27.651723331350187,9.999999999999997e-06,0.0007569447917884673,0.00034024692111340055,29,0.5746052265167236,2.3911232948303223,0.9823734760284424,3.948181629180908
132,123,0.5614070873398711,1.2305214617641913,-9.815562743481104,-9.816721996345136,0.8179635619567587,0.8180601663620947,0.048833870242823915,0.05907813682631577,1.6732554012440062,0.6376188754838715,27.652781663867515,9.999999999999997e-06,0.0007574752886648794,0.0003402497977274821,29,0.5865707397460938,2.243799924850464,0.9208927154541016,3.7513296604156494
133,124,0.5614046836843014,1.23052003491752,-9.816733581222397,-9.816733581222397,0.8180611317685331,0.8180611317685331,0.04892794183075505,0.05907813682631577,1.6731670730368222,0.6376219146618837,27.65283052279975,9.999999999999997e-06,0.000754610651269044,0.00034026157314570306,29,0.5725693702697754,2.25531005859375,1.0750911235809326,3.9030468463897705
134,125,0.5614051522543188,1.2305223692648564,-9.816046955775636,-9.816733581222397,0.818003912981303,0.8180611317685331,0.04890205154772508,0.05907813682631577,1.6739075668476175,0.6376229476002352,27.652684576968987,9.999999999999997e-06,0.0007674218264662921,0.00034025438780894957,29,0.6075589656829834,2.299001455307007,1.1761186122894287,4.082757234573364
135,126,0.5614028821256929,1.230521458275991,-9.815961320490704,-9.816733581222397,0.8179967767075587,0.8180611317685331,0.048888760550087326,0.05907813682631577,1.67374559252427,0.6376238983317623,27.652779841640687,9.999999999999997e-06,0.0007676907837635209,0.0003402645174460131,29,0.5754847526550293,2.470515489578247,1.0050525665283203,4.051123857498169
136,127,0.5614002710719355,1.2305205230279528,-9.815946751126006,-9.816733581222397,0.8179955625938339,0.8180611317685331,0.04888953375134358,0.05907813682631577,1.673848967781609,0.6376292486353594,27.653144649369086,9.999999999999997e-06,0.0007673497253173757,0.0003402760438093222,29,0.611870288848877,2.183647871017456,0.9809701442718506,3.776557207107544
137,128,0.5614834022405073,1.2306067762766912,-9.816574976665501,-9.816733581222397,0.8180479147221251,0.8180611317685331,0.048948914645094946,0.05907813682631577,1.6720974725126183,0.6376261275362327,27.652573895455017,9.999999999999997e-06,0.0007666943755181155,0.00033993459747743636,29,0.5768170356750488,2.399888753890991,1.177471399307251,4.15425968170166
138,129,0.561475684211002,1.2305538212525442,-9.815711489185613,-9.816733581222397,0.8179759574321345,0.8180611317685331,0.04888566995689582,0.05907813682631577,1.6734823779971322,0.6376256339210918,27.65252635240843,9.999999999999997e-06,0.0006191181211709281,0.00041461711371444286,29,0.5822842121124268,2.3455138206481934,1.0493249893188477,3.9771924018859863
139,130,0.5614479891441458,1.2305457352027263,-9.816218688639742,-9.816733581222397,0.8180182240533118,0.8180611317685331,0.04887979746107663,0.05907813682631577,1.6734093455653465,0.6376324889239189,27.652912514372787,9.999999999999997e-06,0.0007847155258109641,0.0002940358140994746,29,0.5884544849395752,2.272397756576538,1.099332332611084,3.9602556228637695
140,131,0.5614621756740962,1.2305483402315698,-9.816346619588746,-9.816733581222397,0.8180288849657288,0.8180611317685331,0.048903604605519874,0.05907813682631577,1.6734522064588901,0.6376377815008646,27.6538618361209,9.999999999999997e-06,0.0007772160896884268,0.0002999639047478542,29,0.5636289119720459,2.259464740753174,0.9782493114471436,3.8014259338378906
141,132,0.5614789292381813,1.2305563509990813,-9.815985508912297,-9.816733581222397,0.817998792409358,0.8180611317685331,0.04887003800257618,0.05907813682631577,1.6731408241943058,0.6376354078928974,27.652939516984947,9.999999999999997e-06,0.0006227656713229263,0.0004146217418387444,29,0.5853657722473145,2.3458380699157715,1.1685292720794678,4.099814176559448
142,133,0.5614828958777506,1.2305566256526295,-9.815893289481226,-9.816733581222397,0.8179911074567688,0.8180611317685331,0.04889035499556432,0.05907813682631577,1.673624465062133,0.6376332342359304,27.65240299912051,9.999999999999997e-06,0.0006220948338448725,0.0004146178407881889,29,0.5789172649383545,2.53355073928833,1.1357691287994385,4.248317241668701
143,134,0.561469054266042,1.2305531685212099,-9.815934828620662,-9.816733581222397,0.8179945690517219,0.8180611317685331,0.04889767146446808,0.05907813682631577,1.673796830621697,0.6376328179158186,27.652241454640425,9.999999999999997e-06,0.0007819849347782582,0.00028567407437695726,29,0.5849783420562744,2.250356674194336,1.3993430137634277,4.234792709350586
144,135,0.5614614115990155,1.2305507633509902,-9.815725550933923,-9.816733581222397,0.8179771292444936,0.8180611317685331,0.04886241491479669,0.05907813682631577,1.6740097194631858,0.6376400203194292,27.652823765229375,9.999999999999997e-06,0.0007773485708362922,0.0002999579491134777,29,0.5803289413452148,2.319052219390869,1.3879292011260986,4.287384748458862
145,136,0.5614406352710616,1.230543316926695,-9.816223345713839,-9.816733581222397,0.8180186121428199,0.8180611317685331,0.04887992072460927,0.05907813682631577,1.6726653653630734,0.6376518980888067,27.654201202205833,9.999999999999997e-06,0.0007698309536077926,0.00030289129164389627,29,0.590489387512207,2.3737776279449463,1.154834508895874,4.119170665740967
146,137,0.5614486828579164,1.2305470904899873,-9.81574734553139,-9.816733581222397,0.8179789454609492,0.8180611317685331,0.0488896785710098,0.05907813682631577,1.6733500843858025,0.6376439975863774,27.652940221774298,9.999999999999997e-06,0.0007789015611619002,0.0003000429709456312,29,0.5722036361694336,2.430696964263916,1.2242467403411865,4.227225065231323
147,138,0.5614347453686865,1.2305416690432365,-9.81610413756182,-9.816733581222397,0.8180086781301518,0.8180611317685331,0.04891225677300552,0.05907813682631577,1.673502973788814,0.6376440548123256,27.65279910902568,9.999999999999997e-06,0.0007704997870071708,0.00030292147452254674,29,0.7801852226257324,2.650566339492798,1.2823877334594727,4.713203191757202
148,139,0.5614401368736567,1.2305427525633115,-9.816129483030963,-9.816733581222397,0.8180107902525803,0.8180611317685331,0.0489134720589731,0.05907813682631577,1.6740366323573284,0.6376468661237574,27.652877432568687,9.999999999999997e-06,0.0007704537856152913,0.00030289512301925436,29,0.5823607444763184,2.1667518615722656,1.3583183288574219,4.10749888420105
149,140,0.5614433564981797,1.2305440895761393,-9.81578400042056,-9.816733581222397,0.8179820000350467,0.8180611317685331,0.04885445287337398,0.05907813682631577,1.6733327093584762,0.6376513814468959,27.653475647683372,9.999999999999997e-06,0.0007863981386562037,0.00029407527082879736,29,0.5769772529602051,2.296189308166504,1.1913325786590576,4.064649343490601
150,141,0.561434177015872,1.2305404608225903,-9.81619500005317,-9.816733581222397,0.8180162500044309,0.8180611317685331,0.048886591381294475,0.05907813682631577,1.6731761442905935,0.6376497357636055,27.65305857033614,9.999999999999997e-06,0.0007708392180234953,0.00030292769768605285,29,0.6120090484619141,2.4058854579925537,1.1543772220611572,4.1723222732543945
151,142,0.5614401988494702,1.2305441464335185,-9.815733196300108,-9.816733581222397,0.8179777663583424,0.8180611317685331,0.048916289594292325,0.05907813682631577,1.6737491289110693,0.6376452850405193,27.65282853194133,9.999999999999997e-06,0.0007708007442996514,0.0003028905663081824,29,0.5585348606109619,2.355485677719116,1.15995192527771,4.074038505554199
152,143,0.5614314183948105,1.2305398868854607,-9.81593651023465,-9.816733581222397,0.8179947091862209,0.8180611317685331,0.04888497894285819,0.05907813682631577,1.6737969929614707,0.6376540126644266,27.653148695498043,9.999999999999997e-06,0.000771320707634142,0.0003087603437480434,29,0.5448377132415771,2.2958688735961914,1.315443992614746,4.15621542930603
153,144,0.5614289909874426,1.2305380952962082,-9.815963591980125,-9.816733581222397,0.8179969659983438,0.8180611317685331,0.048835423401329056,0.05907813682631577,1.6726451269633458,0.6376517784863127,27.652741011756103,9.999999999999997e-06,0.0007713053142623909,0.00030877363601934714,29,0.5742621421813965,2.4782214164733887,1.1080200672149658,4.160569429397583
154,145,0.5614215331827337,1.2305368146222133,-9.81604209792621,-9.816733581222397,0.8180035081605176,0.8180611317685331,0.04886502206971095,0.05907813682631577,1.6728442603764222,0.6376535800241555,27.652935088466794,9.999999999999997e-06,0.0007712560132466565,0.00030880392014105365,29,0.5735890865325928,2.2585675716400146,1.377847671508789,4.210072994232178
155,146,0.5614226060058882,1.2305366144564227,-9.815873873238024,-9.816733581222397,0.817989489436502,0.8180611317685331,0.04886870492463141,0.05907813682631577,1.6728370299880737,0.6376558277534841,27.653055204623804,9.999999999999997e-06,0.0007713541078313607,0.000308800526870356,29,0.5940189361572266,2.241767168045044,1.1398723125457764,3.975726842880249
156,147,0.5614204465517704,1.230532005114445,-9.816085022272318,-9.816733581222397,0.8180070851893598,0.8180611317685331,0.04888658822661199,0.05907813682631577,1.673094737801648,0.6376567700287294,27.653038524623796,9.999999999999997e-06,0.0007710055793992993,0.0003088214709377335,29,0.5470848083496094,2.1913676261901855,1.3574340343475342,4.095967769622803
157,148,0.5614186486163805,1.2305339233432755,-9.816326163198498,-9.816733581222397,0.8180271802665415,0.8180611317685331,0.04889963638695974,0.05907813682631577,1.6723503997423137,0.6376577281837266,27.65306388248474,9.999999999999997e-06,0.0007712903464514806,0.00030882271122101263,29,0.590496301651001,2.1987051963806152,1.0948846340179443,3.8841466903686523
158,149,0.5614834022405073,1.2306067762766912,-9.815812698414351,-9.816733581222397,0.8179843915345293,0.8180611317685331,0.0488584872761725,0.05907813682631577,1.6732377516848373,0.637661413541363,27.65333592339608,9.999999999999997e-06,0.0007723599310415957,0.00030847935920350864,29,0.6208748817443848,2.299679756164551,1.245424747467041,4.166042804718018
159,150,0.5614041186376025,1.230527648869019,-9.816211755596987,-9.816733581222397,0.8180176462997489,0.8180611317685331,0.048899501907632766,0.05907813682631577,1.6725552101800218,0.6376612250664445,27.65312251128457,9.999999999999997e-06,0.0007762243336655546,0.0003088981456824518,29,0.6077878475189209,2.299806833267212,1.2746663093566895,4.182312726974487
160,151,0.5613998812485429,1.2305275469292545,-9.816188760815184,-9.816733581222397,0.8180157300679319,0.8180611317685331,0.04891433722229515,0.05907813682631577,1.6735551793953505,0.6376598528625413,27.652811347398,9.999999999999997e-06,0.0007777449625263175,0.0003089163035076604,29,0.5663728713989258,2.194088935852051,1.1972434520721436,3.9577696323394775
161,152,0.5614005750220206,1.2305277126698304,-9.816160196870525,-9.816733581222397,0.8180133497392105,0.8180611317685331,0.04885540213142785,0.05907813682631577,1.6723004437295828,0.6376640257902825,27.653064922833277,9.999999999999997e-06,0.0007792231458107992,0.0003089128631273512,29,0.5656335353851318,2.1618614196777344,1.2115223407745361,3.9390833377838135
162,153,0.5613942920414752,1.2305282918696663,-9.815905398661828,-9.816733581222397,0.8179921165551524,0.8180611317685331,0.0488695746921743,0.05907813682631577,1.6730793900934628,0.6376682099610386,27.6536051957153,9.999999999999997e-06,0.0007804212982133148,0.0003089385494168756,29,0.59781813621521,2.2396061420440674,1.177929162979126,4.015436172485352
163,154,0.5613943246906589,1.2305270217949063,-9.815860150756388,-9.816733581222397,0.8179883458963656,0.8180611317685331,0.04885125762690014,0.05907813682631577,1.6735423428252432,0.6376665522911784,27.653193057430112,9.999999999999997e-06,0.0007794378269011852,0.00030894204120006857,29,0.5776364803314209,2.3433730602264404,1.431650161743164,4.352723836898804
164,155,0.5614010609312144,1.230528347651726,-9.816630663775792,-9.816733581222397,0.8180525553146493,0.8180611317685331,0.04898718660668383,0.05907813682631577,1.6741811710546273,0.6376681352269753,27.653199348859307,9.999999999999997e-06,0.0007780367671300924,0.0003089089654440433,29,0.5714869499206543,2.2492971420288086,1.4038820266723633,4.224738597869873
165,156,0.561392897904282,1.2305298439754941,-9.815699638905214,-9.816733581222397,0.8179749699087678,0.8180611317685331,0.04887458965336213,0.05907813682631577,1.6733458098753715,0.6376699527676877,27.65338301406845,9.999999999999997e-06,0.0007827696661239022,0.0003089404037113074,29,0.6104578971862793,2.20013165473938,1.372277021408081,4.182915925979614
166,157,0.5613989982042323,1.2305265120425,-9.815976205104501,-9.816733581222397,0.8179980170920418,0.8180611317685331,0.04891434671278963,0.05907813682631577,1.6740837492649234,0.6376698584937419,27.653226382293283,9.999999999999997e-06,0.000779919279792864,0.00030892309661659386,29,0.5745644569396973,2.2090046405792236,1.341491937637329,4.125123739242554
167,158,0.5614009267846193,1.2305279113156744,-9.815893313886674,-9.816733581222397,0.8179911094905562,0.8180611317685331,0.04887552685364929,0.05907813682631577,1.673862919352743,0.6376697573120782,27.653115123883737,9.999999999999997e-06,0.0007796223595713122,0.0003089107928968024,29,0.5811247825622559,2.3383896350860596,1.3930647373199463,4.312649726867676
168,159,0.5614076399179687,1.2305298424777495,-9.816108477030264,-9.816733581222397,0.818009039752522,0.8180611317685331,0.048874456064113586,0.05907813682631577,1.6737690625088817,0.6376699803968586,27.65309710855282,9.999999999999997e-06,0.0007787245587620568,0.0003088773464324522,29,0.5577690601348877,2.3773305416107178,1.4400169849395752,4.375179052352905
169,160,0.56140517891493,1.2305313530649877,-9.816441356789879,-9.816733581222397,0.8180367797324899,0.8180611317685331,0.048891598909457976,0.05907813682631577,1.6728255587422751,0.6376607162571925,27.65176244296441,9.999999999999997e-06,0.0007792924600251113,0.00030888314624289293,29,0.5948524475097656,2.3510231971740723,1.7454156875610352,4.6913652420043945
170,161,0.5613955255622682,1.2305291707435322,-9.816194590323537,-9.816733581222397,0.8180162158602947,0.8180611317685331,0.0488568827571012,0.05907813682631577,1.6729436562144997,0.6376735191355656,27.65317721292529,9.999999999999997e-06,0.0007819176563732033,0.0003089305903710123,29,0.6031064987182617,2.443906784057617,1.4551646709442139,4.502253532409668
171,162,0.5613959383863699,1.2305291171579924,-9.815573215792122,-9.816733581222397,0.8179644346493435,0.8180611317685331,0.048838192732225616,0.05907813682631577,1.6734862462861742,0.6376749591409386,27.6533151739483,9.999999999999997e-06,0.0007834064797692222,0.00030892892206458206,29,0.5818510055541992,2.2945146560668945,1.3463191986083984,4.222754716873169
172,163,0.5614834022405073,1.2306067762766912,-9.815964817614907,-9.816733581222397,0.8179970681345755,0.8180611317685331,0.048904239145831155,0.05907813682631577,1.6738577578177143,0.6376763490636351,27.65326467401897,9.999999999999997e-06,0.0007796440720711559,0.00030847935920350864,29,0.6554532051086426,2.427990674972534,1.445831537246704,4.529326438903809
173,164,0.5613964001763591,1.2305266296259219,-9.815723250337516,-9.816733581222397,0.8179769375281264,0.8180611317685331,0.04883875491834222,0.05907813682631577,1.67283312350051,0.6376758904472999,27.653306411923143,9.999999999999997e-06,0.0007807709875059258,0.00030893402471716974,29,0.5867903232574463,2.3302714824676514,1.816833257675171,4.733961820602417
174,165,0.5614038841327926,1.2305274268445103,-9.815991695944355,-9.816733581222397,0.8179993079953629,0.8180611317685331,0.04888405323112502,0.05907813682631577,1.6732093831759443,0.6376779499245705,27.653515767317757,9.999999999999997e-06,0.0007783069758437352,0.0003088997671275835,29,0.5804154872894287,2.4456424713134766,1.4904067516326904,4.516533374786377
175,166,0.5614067492346894,1.2305286354140732,-9.816020661572143,-9.816733581222397,0.8180017217976786,0.8180611317685331,0.04883472431464865,0.05907813682631577,1.6730981683302701,0.6376760890066983,27.652985873294675,9.999999999999997e-06,0.0007781732619214606,0.00030888445162935695,29,0.5753631591796875,2.1848628520965576,1.5293445587158203,4.289635181427002
176,167,0.561403073594189,1.2305289341298,-9.816272640933963,-9.816733581222397,0.8180227200778303,0.8180611317685331,0.04895621913702406,0.05907813682631577,1.6734863098621844,0.6376797257102342,27.653297942363636,9.999999999999997e-06,0.0007782356093342804,0.0003088987897753465,29,0.5690274238586426,2.276028633117676,1.5666370391845703,4.411758899688721
177,168,0.5614037360380862,1.230528079224082,-9.816011470498259,-9.816733581222397,0.8180009558748549,0.8180611317685331,0.04892623783619859,0.05907813682631577,1.6732699759776608,0.6376805700546286,27.653301596980402,9.999999999999997e-06,0.0007799884195086065,0.00030889848727895525,29,0.5934054851531982,2.2309863567352295,1.9433066844940186,4.767748594284058
178,169,0.5614040412033653,1.2305285810500326,-9.815481320689031,-9.816733581222397,0.817956776724086,0.8180611317685331,0.04886383932501999,0.05907813682631577,1.674017084479047,0.6376738493170478,27.652463065694217,9.999999999999997e-06,0.0007799795380314113,0.0003088957659773759,29,0.587104320526123,2.231055974960327,2.0158228874206543,4.834064483642578
179,170,0.5614109490430192,1.2305283412177803,-9.816100520750489,-9.816733581222397,0.8180083767292073,0.8180611317685331,0.048930086650070335,0.05907813682631577,1.6741193169084028,0.6376810417805964,27.6532550058081,9.999999999999997e-06,0.0007765380897424256,0.0003088684363478925,29,0.6487596035003662,2.1678898334503174,1.6365327835083008,4.453245162963867
180,171,0.5614084874034296,1.230528189961937,-9.815966349938346,-9.816733581222397,0.8179971958281955,0.8180611317685331,0.048906958836029,0.05907813682631577,1.673712888990579,0.6376878693365888,27.65396762339557,9.999999999999997e-06,0.0007770027543621275,0.00030887870173483556,29,0.5801124572753906,2.2062346935272217,1.638204574584961,4.424626111984253
181,172,0.5614133934576315,1.230530009083312,-9.816489622971384,-9.816733581222397,0.818040801914282,0.8180611317685331,0.04895255991571131,0.05907813682631577,1.6738581041344958,0.6376831264840704,27.653333056464934,9.999999999999997e-06,0.00077676218526069,0.00030885399030791206,29,0.5834546089172363,2.240870952606201,1.7126538753509521,4.537046670913696
182,173,0.5614087098306886,1.2305308420735905,-9.81620137595868,-9.816733581222397,0.8180167813298901,0.8180611317685331,0.048916440081754144,0.05907813682631577,1.6737018486500688,0.6376843870544094,27.65332872627284,9.999999999999997e-06,0.0007788133085764067,0.0003088701602364983,29,0.6309075355529785,2.2216689586639404,1.7976436614990234,4.650285959243774
183,174,0.5614062470367165,1.2305316668137263,-9.816331333101948,-9.816733581222397,0.818027611091829,0.8180611317685331,0.04891081316940321,0.05907813682631577,1.673710933832922,0.6376849216625672,27.653287463313628,9.999999999999997e-06,0.000779769329266107,0.0003088778575193263,29,0.597588300704956,2.4674172401428223,1.7801344394683838,4.8452067375183105
184,175,0.5614036990122665,1.2305288160279153,-9.816065550583044,-9.816733581222397,0.818005462548587,0.8180611317685331,0.048902486316208374,0.05907813682631577,1.6731239219044483,0.6376863862084046,27.65325718055367,9.999999999999997e-06,0.0007814840270873967,0.00030889651444848627,29,0.5826425552368164,2.193124771118164,1.9664242267608643,4.7422709465026855
185,176,0.5614036147263008,1.2305308341776506,-9.81562462787503,-9.816733581222397,0.8179687189895858,0.8180611317685331,0.048884846209407196,0.05907813682631577,1.6737630146026703,0.6376867478154363,27.653344099822775,9.999999999999997e-06,0.0007817949699463138,0.0003088911180566364,29,0.6190881729125977,2.388948917388916,1.8591945171356201,4.867296457290649
186,177,0.5614165714152233,1.2305332690628803,-9.816273307750576,-9.816733581222397,0.8180227756458813,0.8180611317685331,0.04891807959678813,0.05907813682631577,1.672694478689948,0.637687675851287,27.653361600336577,9.999999999999997e-06,0.0007794571563582347,0.00030883242418394024,29,0.606696367263794,2.2942757606506348,1.7190337181091309,4.620070457458496
187,178,0.5614180280333558,1.2305349260348846,-9.815778432018604,-9.816733581222397,0.8179815360015503,0.8180611317685331,0.04885990463237573,0.05907813682631577,1.6725034754301333,0.6376877677973986,27.65326538877929,9.999999999999997e-06,0.0007802361586559202,0.00030882224647017944,29,0.62062668800354,2.269001007080078,1.406550645828247,4.296244144439697
188,179,0.5614091117278323,1.230530159267024,-9.816221853335367,-9.816733581222397,0.8180184877779473,0.8180611317685331,0.048943221848573554,0.05907813682631577,1.6744732078908555,0.6376892759650958,27.653369512784096,9.999999999999997e-06,0.0007796518438051533,0.0003088704926165305,29,0.6124317646026611,2.2574169635772705,1.7811527252197266,4.651138067245483
189,180,0.5614096189552017,1.2305308504891845,-9.816257674687174,-9.816733581222397,0.8180214728905978,0.8180611317685331,0.04891263450739933,0.05907813682631577,1.6732535366630685,0.6376900437772,27.65338101902394,9.999999999999997e-06,0.0007806628352622414,0.0003088664808888725,29,0.5886547565460205,2.2690892219543457,1.778465986251831,4.636285305023193
190,181,0.5614094432914124,1.230531771600922,-9.815777491484495,-9.816733581222397,0.8179814576237079,0.8180611317685331,0.04884867515834067,0.05907813682631577,1.6733019596790228,0.6376949781920925,27.654283655613714,9.999999999999997e-06,0.0007817834855037096,0.0003088645724136757,29,0.5908589363098145,2.532848358154297,1.8391757011413574,4.9629576206207275
191,182,0.5614100414711591,1.2305304341156968,-9.815658820098884,-9.816733581222397,0.8179715683415737,0.8180611317685331,0.048856022811968325,0.05907813682631577,1.673323527354654,0.6376909975510017,27.65337158626402,9.999999999999997e-06,0.0007806966671289411,0.0003088659806320345,29,0.5954906940460205,2.290095567703247,1.8538320064544678,4.739481687545776
192,183,0.5614121987106997,1.230529825806372,-9.815883234218767,-9.816733581222397,0.8179902695182305,0.8180611317685331,0.04887561207870757,0.05907813682631577,1.6742975914640397,0.6376915089896524,27.653377927556434,9.999999999999997e-06,0.0007790788179815809,0.00030885919079508804,29,0.6107184886932373,2.232898235321045,1.962500810623169,4.806185722351074
193,184,0.5614085036312169,1.2305289121904153,-9.815948423801856,-9.816733581222397,0.817995701983488,0.8180611317685331,0.04887424936986993,0.05907813682631577,1.673062906304466,0.6376926924933368,27.653440408414635,9.999999999999997e-06,0.0007785344591761288,0.0003088765353520643,29,0.6018660068511963,2.2186801433563232,1.5652847290039062,4.385896682739258
194,185,0.5614090439198044,1.2305289342919221,-9.816170373022558,-9.816733581222397,0.8180141977518799,0.8180611317685331,0.04889357591373717,0.05907813682631577,1.6724899190032403,0.6376937779993263,27.653518114740613,9.999999999999997e-06,0.0007782127279784254,0.0003088742982391515,29,0.6000537872314453,2.3647825717926025,2.088593006134033,5.0534937381744385
195,186,0.561406664319324,1.2305299204343523,-9.815817196738065,-9.816733581222397,0.8179847663948387,0.8180611317685331,0.0488434255677868,0.05907813682631577,1.6733148520224717,0.637693601737615,27.653399291493447,9.999999999999997e-06,0.0007789876861947916,0.00030888109851483377,29,0.5887541770935059,2.1689794063568115,1.7303001880645752,4.488099575042725
196,187,0.5614084886523046,1.2305284627921496,-9.815980299430683,-9.816733581222397,0.8179983582858902,0.8180611317685331,0.04889521347119542,0.05907813682631577,1.6731277184261018,0.6376931790178861,27.653278536404045,9.999999999999997e-06,0.0007779659969151547,0.0003088779013256136,29,0.5862586498260498,2.465153455734253,2.1118106842041016,5.163296937942505
197,188,0.5614062133342281,1.2305274558479775,-9.816088171304976,-9.816733581222397,0.818007347608748,0.8180611317685331,0.04893451866263904,0.05907813682631577,1.6745675526863835,0.6376938336281033,27.653393306608525,9.999999999999997e-06,0.0007778081312427117,0.00030889007619639764,29,0.5868818759918213,2.233213424682617,1.8194477558135986,4.63960599899292
198,189,0.5614084507566701,1.2305280331927928,-9.815966977208396,-9.816733581222397,0.8179972481006996,0.8180611317685331,0.04885191102705415,0.05907813682631577,1.6727828118354466,0.6376955466284174,27.653220711751995,9.999999999999997e-06,0.000778232869676066,0.00030887930724504985,29,0.6010708808898926,2.308412790298462,1.7746849060058594,4.684236288070679
199,190,0.5614104767849248,1.230528327563259,-9.816202863051512,-9.816733581222397,0.8180169052542926,0.8180611317685331,0.04885669432200852,0.05907813682631577,1.6732123656982623,0.6376962250803545,27.653426120532203,9.999999999999997e-06,0.0007780140336299135,0.0003088703471532952,29,0.6368060111999512,2.205913782119751,1.783984661102295,4.626772403717041
200,191,0.5614097316539183,1.2305285901613745,-9.816162223468336,-9.816733581222397,0.8180135186223613,0.8180611317685331,0.04892824316487475,0.05907813682631577,1.6738843702683965,0.6376974275749245,27.653500998803143,9.999999999999997e-06,0.0007788755952351896,0.0003088725460000951,29,0.5691230297088623,2.2619850635528564,1.8074638843536377,4.6386353969573975
201,192,0.5614083045994378,1.230529101288569,-9.816060456714471,-9.816733581222397,0.8180050380595393,0.8180611317685331,0.04885803478272409,0.05907813682631577,1.6732034417075141,0.6376976879391317,27.653443237415843,9.999999999999997e-06,0.0007795635964496385,0.00030887679050392114,29,0.5863654613494873,2.3050343990325928,1.7372143268585205,4.628679513931274
202,193,0.5614110680479558,1.2305294725700522,-9.81585531520407,-9.816733581222397,0.8179879429336725,0.8180611317685331,0.048867831816253766,0.05907813682631577,1.6736610279288016,0.6376954274145376,27.653398847537527,9.999999999999997e-06,0.0007797881371490098,0.00030886467016384765,29,0.5830440521240234,2.198836326599121,1.7897546291351318,4.571703195571899
203,194,0.5614129238441453,1.2305295590073597,-9.816152743738913,-9.816733581222397,0.8180127286449094,0.8180611317685331,0.04891523410432182,0.05907813682631577,1.673216653975075,0.6376988063544394,27.653433257835236,9.999999999999997e-06,0.0007791210422011368,0.0003088571258712877,29,0.5937159061431885,2.465407371520996,2.0260043144226074,5.085187196731567
204,195,0.5614136040459493,1.230530049255182,-9.81643252439448,-9.816733581222397,0.8180360436995401,0.8180611317685331,0.048917227534049,0.05907813682631577,1.6734516529152899,0.6376994906364687,27.653430137596878,9.999999999999997e-06,0.0007796526377696424,0.0003088530550868008,29,0.648472785949707,2.2605245113372803,2.2320423126220703,5.14110541343689
205,196,0.5614099672126935,1.2305326749568772,-9.815875801197278,-9.816733581222397,0.8179896500997731,0.8180611317685331,0.04887739622185742,0.05907813682631577,1.6743065027926463,0.6376996149440769,27.653377502133754,9.999999999999997e-06,0.0007811224642820522,0.0003088599298697353,29,0.5914063453674316,2.2661547660827637,1.9987647533416748,4.856390953063965
206,197,0.5614164952435623,1.2305321385146006,-9.815882508355985,-9.816733581222397,0.8179902090296655,0.8180611317685331,0.04884713672277081,0.05907813682631577,1.6730283769790901,0.6376974410449189,27.65323402767902,9.999999999999997e-06,0.0007805766143663297,0.00030883592194572016,29,0.597637414932251,2.1953134536743164,1.7101027965545654,4.503125190734863
207,198,0.561408421881157,1.2305284485495622,-9.816040683972393,-9.816733581222397,0.8180033903310328,0.8180611317685331,0.048887572647107046,0.05907813682631577,1.6734503919518744,0.6377131040461412,27.654911214095755,9.999999999999997e-06,0.0007802252332782905,0.0003088782118037986,29,0.5845282077789307,2.326401472091675,2.1681363582611084,5.079139232635498
208,199,0.5614077792763131,1.2305311851445633,-9.815660171884337,-9.816733581222397,0.8179716809903614,0.8180611317685331,0.04884541645618108,0.05907813682631577,1.6735260366962592,0.6377011805470894,27.653406488002815,9.999999999999997e-06,0.0007803535832566547,0.00030887295387773187,29,0.5827810764312744,2.17683482170105,2.053107738494873,4.812787055969238
209,200,0.5614106558112023,1.2305301683450114,-9.815779632461002,-9.816733581222397,0.8179816360384168,0.8180611317685331,0.04882902493116518,0.05907813682631577,1.6733118056699965,0.637700883985248,27.653404470922222,9.999999999999997e-06,0.0007787625431135338,0.0003088642964996575,29,0.5959670543670654,2.3481831550598145,2.3520541191101074,5.296287298202515
210,124,0.5614046836843014,1.23052003491752,-9.816733581222397,-9.816733581222397,0.8180611317685331,0.8180611317685331,0.04892794183075505,0.05907813682631577,1.6731670730368222,0.6376219146618837,27.65283052279975,9.999999999999997e-06,0.000754610651269044,0.00034026157314570306,29,0.5725693702697754,2.25531005859375,1.0750911235809326,3.9030468463897705
