,iter ,BETA_0,GAMMA_0,BETA_1,GAMMA_1,BETA_2,GAMMA_2,energy,best_energy,approx_ratio,best_approx_ratio,fidelity,best_fidelity,variance,corr_length,const_kernel,noise_kernel,std_energies,average_distances,nit,time_opt_bayes,time_qaoa,time_opt_kernel,time_step
0,0,1.1840890584006123,2.2187896668095255,1.5165088942549456,0.5801717643462488,2.718862330688773,0.2509631379419411,-6.603469722000658,-6.603469722000658,0.5502891435000549,0.5502891435000549,0.002865868576625407,0.002865868576625407,5.129831738875609,10.494061894291852,53.31289158994871,1.2710885368054157,0.0,0.0,0,0.0,0.0,0.0,0.0
1,1,2.9316363573200124,0.2871210905952353,1.6082680071501514,0.0544277518153208,1.2617517501132092,1.0930719160153135,-5.065760883501652,-6.603469722000658,0.4221467402918044,0.5502891435000549,0.0005485745144190284,0.002865868576625407,4.78229883944789,10.494061894291852,53.31289158994871,1.2710885368054157,0.0,0.0,0,0.0,0.0,0.0,0.0
2,2,1.8554941256779307,1.4950153414135992,2.0715599996971252,2.6863792967562525,2.9949882110894905,0.34585808206459684,-6.736173031712802,-6.736173031712802,0.5613477526427335,0.5613477526427335,0.012126275423528506,0.012126275423528506,5.930273220898357,10.494061894291852,53.31289158994871,1.2710885368054157,0.0,0.0,0,0.0,0.0,0.0,0.0
3,3,2.4342375586122507,2.1432752971354256,0.7395012286065298,2.8451502358730183,0.6604910202576962,1.9264564142045786,-5.919242429830951,-6.736173031712802,0.4932702024859126,0.5613477526427335,0.0008846897315092612,0.012126275423528506,7.287756244164299,10.494061894291852,53.31289158994871,1.2710885368054157,0.0,0.0,0,0.0,0.0,0.0,0.0
4,4,0.929324213619833,0.34298346037054844,2.9382770165753014,0.9897012731318915,0.5085187142674218,2.446570132154049,-7.418597819067679,-7.418597819067679,0.6182164849223065,0.6182164849223065,0.000128693967729723,0.012126275423528506,1.711470348764756,10.494061894291852,53.31289158994871,1.2710885368054157,0.0,0.0,0,0.0,0.0,0.0,0.0
5,5,0.07483333862698388,2.62123642335885,0.07925827430922736,1.5127433691160528,0.28108577400691215,2.9024563815091753,-9.294386001275024,-9.294386001275024,0.7745321667729187,0.7745321667729187,0.0261952704492818,0.0261952704492818,1.9092729981982615,10.494061894291852,53.31289158994871,1.2710885368054157,0.0,0.0,0,0.0,0.0,0.0,0.0
6,6,2.1957800452566545,0.9665134467574955,2.4729701070895183,0.7615476999261209,1.75773965281837,1.474365590215181,-7.739216957073834,-9.294386001275024,0.6449347464228196,0.7745321667729187,0.008703350374601312,0.0261952704492818,3.2477146570897943,10.494061894291852,53.31289158994871,1.2710885368054157,0.0,0.0,0,0.0,0.0,0.0,0.0
7,7,0.583004333384995,2.897208548838062,0.9762452135382323,1.6607027656690367,2.327289379791165,1.6661572207943671,-9.34290225796113,-9.34290225796113,0.7785751881634275,0.7785751881634275,0.028272187455311765,0.028272187455311765,2.269017095793103,10.494061894291852,53.31289158994871,1.2710885368054157,0.0,0.0,0,0.0,0.0,0.0,0.0
8,8,2.660552274048461,0.7746518317625423,0.35256997158829656,2.113603394186033,2.132526516371515,0.6529259287662607,-6.82171406397758,-9.34290225796113,0.5684761719981316,0.7785751881634275,0.005730997574359647,0.028272187455311765,5.234604232615098,10.494061894291852,53.31289158994871,1.2710885368054157,0.0,0.0,0,0.0,0.0,0.0,0.0
9,9,1.2804506012276593,1.7398926814517017,2.5776623376881678,2.2825185066174076,1.278524845663212,2.8028472461882146,-6.558243392864193,-9.34290225796113,0.5465202827386827,0.7785751881634275,0.004506297469518392,0.028272187455311765,6.432788327127234,10.494061894291852,53.31289158994871,1.2710885368054157,0.0,0.0,0,0.0,0.0,0.0,0.0
10,1,0.01,3.141592653589793,0.01,0.01,1.8093168664914454,3.141592653589793,-7.493979463560489,-9.34290225796113,0.6244982886300408,0.7785751881634275,0.0038780035036700784,0.028272187455311765,3.754779719864075,14.715819090594781,50.330849956763686,1.4163466252979142,0.00018413117438194162,0.009671060873058452,101,3.92669677734375,6.469563961029053,0.31938600540161133,10.715717554092407
11,2,0.01,3.141592653589793,0.03470341843551576,1.1040337690211692,1.0676955659366771,3.141592653589793,-7.8132162524518165,-9.34290225796113,0.6511013543709847,0.7785751881634275,0.005667035195947202,0.028272187455311765,3.4911241235367783,15.026154770240566,49.95482645847146,1.2779302624955031,0.00012441592747963935,0.00959972001229485,96,3.7242379188537598,6.921942234039307,0.41437816619873047,11.060624599456787
12,3,0.01,3.141592653589793,0.01,1.0861068107384118,1.0155340542804454,3.141592653589793,-7.638223553332689,-9.34290225796113,0.6365186294443907,0.7785751881634275,0.004587318619020286,0.028272187455311765,3.6367537181151874,15.613614470457083,49.47728265178456,1.1781293739252778,0.00016126695636742319,0.009976994251656627,88,3.5738773345947266,6.648766040802002,0.3982408046722412,10.620943784713745
13,4,0.01,3.141592653589793,0.01,1.080677775991295,1.0075076276679893,3.141592653589793,-7.636171788401497,-9.34290225796113,0.6363476490334581,0.7785751881634275,0.004592136827083738,0.028272187455311765,3.6394136596983415,1.4124590327354094,20.15851291849524,0.0002264834606946217,0.00038016918593932066,0.009838528626290872,105,4.276810884475708,6.768937110900879,0.34737682342529297,11.39319658279419
14,5,0.01,1.9605132985232936,0.6501352976885627,1.6437149331586143,1.2855848886167713,2.3929466006934397,-7.087506774481154,-9.34290225796113,0.5906255645400962,0.7785751881634275,0.008966078081118023,0.028272187455311765,5.13153570953353,17.190357947529794,49.60769624742522,1.0380082894392804,0.00014943565026768427,0.00979652306387779,39,1.5159077644348145,7.193210601806641,0.36824488639831543,9.077425956726074
15,6,0.01,3.141592653589793,0.01,0.8283545333438023,0.9425122037312562,3.141592653589793,-7.523011189523164,-9.34290225796113,0.6269175991269303,0.7785751881634275,0.004034909655704436,0.028272187455311765,3.736874182113219,17.51063241375899,49.16815411263676,0.9705013749551346,5.8677748191210255e-05,0.009731630311422422,101,3.888064384460449,6.573439836502075,0.37708425521850586,10.838634729385376
16,7,0.01,3.141592653589793,0.01,0.8249134024856895,0.9465099668429505,3.141592653589793,-7.521247883415464,-9.34290225796113,0.6267706569512886,0.7785751881634275,0.004028532254108756,0.028272187455311765,3.7386484690284902,1.127224112778084,21.575227755193307,1.3574783088268781e-05,3.0973884796898566e-05,0.009755377160366395,108,4.250406503677368,6.526273250579834,0.37429285049438477,11.151026964187622
17,8,0.39106829001710847,3.141592653589793,1.2366503951988224,1.0689742370719717,1.147686578044586,2.8246769857330194,-7.260184807052626,-9.34290225796113,0.6050154005877189,0.7785751881634275,0.021378967861264433,0.028272187455311765,6.195541447577021,1.0567905465284009,19.403455819519557,6.480912208583203e-05,0.00018859805200014914,0.008272629546710283,47,1.858656644821167,7.208885192871094,0.4742453098297119,9.5418541431427
18,9,0.7137188057387255,2.9998540776909626,0.7883612982627384,1.5951939905060706,2.512897451148908,1.753553610744122,-9.464271182013396,-9.464271182013396,0.788689265167783,0.788689265167783,0.05047504489508431,0.05047504489508431,2.8236688003248247,1.0754361501722336,18.70799290224099,6.846555846431811e-05,0.0003701174160191555,0.009120812443848216,29,1.2365262508392334,7.352673530578613,0.4147825241088867,9.00403618812561
19,10,0.12677081325031514,2.4616340409938005,0.15305710893433613,1.6218637057859009,0.010120928934445439,2.8582783612072946,-7.958557090673784,-9.464271182013396,0.663213090889482,0.788689265167783,0.007776690275982207,0.05047504489508431,3.53663286339944,0.8756859567549927,18.25920011751542,3.769603092652217e-05,0.000584206354907513,0.008642106468456064,41,1.7571372985839844,7.022865056991577,0.41068172454833984,9.190759181976318
20,11,0.7838796409906305,2.864558056979497,0.8056212821635297,1.5440982070463791,2.3862666857336285,1.756644632827609,-9.108263117085235,-9.464271182013396,0.7590219264237695,0.788689265167783,0.057503528967058654,0.057503528967058654,3.654357118735618,0.9002102667914259,18.88693905628663,3.766402947184977e-05,0.00046710329799147873,0.009412296135781428,31,1.3517656326293945,7.504744291305542,0.3763000965118408,9.23286509513855
21,12,0.38276653188750676,3.141592653589793,0.8669843510327335,1.7458870077456372,2.646761836152498,1.7246257657755366,-8.355593690965394,-9.464271182013396,0.6962994742471161,0.788689265167783,0.011456582848340774,0.057503528967058654,2.4162049095250353,0.7819789516059839,18.605462233937516,1.011869914638495e-05,0.0006341276476409866,0.009414033600248818,40,1.6774957180023193,7.002835035324097,0.39641427993774414,9.076812744140625
22,13,0.8115946806384845,3.1249651418805224,0.9432983401430676,1.6556643364957135,2.4140155744050498,1.6124058609335539,-7.783313909911347,-9.464271182013396,0.6486094924926122,0.788689265167783,0.005079810366361107,0.057503528967058654,3.1809870551617863,8.792598575824048,33.10720393730599,0.8226661776028401,0.0007913367645756009,0.009907100288346113,42,1.8300871849060059,7.134960651397705,0.35544562339782715,9.320544958114624
23,14,0.01,3.141592653589793,0.5709793802676226,2.160586578632004,3.141592653589793,2.133776952144833,-7.040266954998501,-9.464271182013396,0.5866889129165417,0.788689265167783,0.0033483010372804857,0.057503528967058654,4.2445255093847365,13.484342307590518,40.613941117041776,0.9194162219871097,0.0001329169922760307,0.009459477090929829,78,3.026854991912842,6.743454456329346,0.4295463562011719,10.199903964996338
24,15,0.01,3.141592653589793,0.28641513518509726,1.5666243822066064,3.141592653589793,2.6357005304655776,-5.300981682804377,-9.464271182013396,0.4417484735670314,0.788689265167783,0.00023482986475774573,0.057503528967058654,4.876501043837205,0.6865615089020336,19.28496403800895,9.999999999999997e-06,4.680598818880112e-05,0.00980910347730038,83,3.3118162155151367,7.4039318561553955,0.4232761859893799,11.139075756072998
25,16,0.48366559962332584,2.662564795718363,0.7760148727627703,1.6625472506812538,2.5282385471671085,1.798338829409865,-7.61393336611464,-9.464271182013396,0.6344944471762201,0.788689265167783,0.024679688782031417,0.057503528967058654,5.9771006280953145,20.605721919645482,46.740500459798994,1.169363022099204,0.0007261168737980471,0.008059842610918086,36,1.418574571609497,6.96712064743042,0.41094541549682617,8.796688318252563
26,17,0.01,3.141592653589793,0.01,1.1392004451720779,0.3194079774054847,3.134648346899958,-7.702988095739527,-9.464271182013396,0.6419156746449606,0.788689265167783,0.004977768747041884,0.057503528967058654,3.583951172291272,20.365508152534368,46.228345815497974,1.1208320663152302,5.7250830620325236e-05,0.009732768298209328,89,3.4811606407165527,6.699042081832886,0.4490046501159668,10.629274845123291
27,18,0.01,3.141592653589793,0.01,1.1183341899239014,0.11388407867687177,3.141592653589793,-7.643032303983475,-9.464271182013396,0.6369193586652896,0.788689265167783,0.00462772388845621,0.057503528967058654,3.632823632733974,2.0948793440996516,14.847297971644107,0.4848171031542317,4.883634136497446e-05,0.009756968847917677,79,3.2633960247039795,6.622438669204712,0.39330506324768066,10.279188871383667
28,19,0.7215490682824388,3.0127248959390354,0.7221283504832918,1.4009544815513677,1.7598478088587972,1.3722113935622702,-7.911778982534776,-9.464271182013396,0.6593149152112313,0.788689265167783,0.020044915926792396,0.057503528967058654,4.4150483259973115,2.327620193121143,14.584162383651632,0.547006817348309,0.0001980391413237819,0.00887593732948743,31,1.2562882900238037,7.084188938140869,0.3545958995819092,8.695146799087524
29,20,0.7281473825369517,2.9165936565691686,0.9452365159137273,1.4262644488909761,1.9579094497538572,1.5004120730636947,-9.434500633894602,-9.464271182013396,0.7862083861578836,0.788689265167783,0.06853681283969817,0.06853681283969817,3.296387717171797,2.166177536742678,14.448141793001113,0.5225550555444989,0.00017602350045065206,0.009686956097650877,28,1.2399814128875732,7.074416875839233,0.5258097648620605,8.840256929397583
30,21,0.754270827319041,2.90859593256941,0.9854233909930566,1.3930406509983297,1.9071529223894683,1.4725435307572967,-9.381234551160725,-9.464271182013396,0.7817695459300604,0.788689265167783,0.08218173587625922,0.08218173587625922,3.60676249558756,2.0491567842425438,14.334550062295794,0.48830842949569514,0.00017535357639042101,0.008305387727917212,27,1.1269137859344482,7.534524440765381,0.5980167388916016,9.259507656097412
31,22,0.780761781557589,2.892487713974389,1.034249047717084,1.3660681383328894,1.8805439968586968,1.4617829783352316,-9.46090697244787,-9.464271182013396,0.7884089143706557,0.788689265167783,0.10498288469541861,0.10498288469541861,3.6962042942954128,1.95493841835227,14.233347719232412,0.4567623672891966,0.00027073912420074413,0.009709747562937724,32,1.4870975017547607,7.0948779582977295,0.47258949279785156,9.054617404937744
32,23,0.8085053437414528,2.8700972430962874,1.094178261575667,1.3376383017079412,1.859598328509521,1.4584888364224757,-9.687277601099208,-9.687277601099208,0.807273133424934,0.807273133424934,0.12731338538505427,0.12731338538505427,3.509851466649806,0.6211924433172222,19.854434820390768,9.999999999999997e-06,0.00024316936621846723,0.009263525734995864,32,1.3322529792785645,7.098327398300171,0.5946640968322754,9.025340557098389
33,24,0.6508778533637392,2.7146218643048554,1.3201772130576057,1.1612394707471325,1.8858728711755788,1.6607502370500642,-9.94651238142163,-9.94651238142163,0.8288760317851359,0.8288760317851359,0.26607532029506653,0.26607532029506653,3.574463160011618,0.615592717596575,19.289011039569218,9.999999999999997e-06,0.0007102960218358168,0.009573114938051817,34,1.4315533638000488,6.869558095932007,0.5514121055603027,8.852592468261719
34,25,0.7994696459755993,2.6879391087336586,1.2853343243641053,1.3015887938358792,1.8147554366770369,1.5484949145175442,-9.907114756312083,-9.94651238142163,0.8255928963593403,0.8288760317851359,0.22968421240018294,0.26607532029506653,4.112714743161291,0.6200160689073297,19.10782839350468,9.999999999999997e-06,0.0006697917666999372,0.007496811891452906,38,1.5255379676818848,6.967865705490112,0.521794319152832,9.015264987945557
35,26,0.5341577953774661,2.9487873331414414,1.0290590895770864,1.2995496323925027,2.112255226408797,1.769914195380772,-9.62516211520458,-9.94651238142163,0.802096842933715,0.8288760317851359,0.12139584674008211,0.26607532029506653,3.026502202607844,0.6188034425146395,18.909248289052616,9.999999999999997e-06,0.0009051166542896325,0.00796808492583133,39,1.598675012588501,8.245872974395752,0.5037353038787842,10.348350763320923
36,27,0.7334115097904438,2.75798060013603,1.2501743897591358,1.167068015729528,1.922733142541396,1.491571008155169,-9.741162317338523,-9.94651238142163,0.8117635264448769,0.8288760317851359,0.24818717165750254,0.26607532029506653,4.348420125118963,0.6171501846273464,18.649873163174988,9.999999999999997e-06,0.0007982254759193051,0.00782764219915724,39,1.6243822574615479,7.105868339538574,0.5390081405639648,9.2693350315094
37,28,0.6918067753367904,2.802432000369758,1.2395561654362834,1.3304741115337646,1.8100375616722264,1.7065891676454512,-10.282752415066495,-10.282752415066495,0.8568960345888746,0.8568960345888746,0.23622011718631256,0.26607532029506653,2.483395870056256,0.6213629673549256,18.518424733063615,9.999999999999997e-06,0.0008463931669819142,0.008870822079184984,31,1.5249567031860352,7.306246280670166,0.6284444332122803,9.45973539352417
38,29,0.6747540043262201,2.8246116621466864,1.2413371586951998,1.3682328716890824,1.7778303074103277,1.7448405506210307,-10.041632203315688,-10.282752415066495,0.8368026836096406,0.8568960345888746,0.16288502569599236,0.26607532029506653,2.534346249652657,0.6047498773951491,18.593692920256924,9.999999999999997e-06,0.0007613092389643342,0.00791760484327598,29,1.340548038482666,7.311281204223633,0.5849869251251221,9.236891508102417
39,30,0.7583975074086888,2.7818379562102833,1.1761355119919428,1.2695060779162184,1.86183895111196,1.7154322079435125,-10.07987165841884,-10.282752415066495,0.8399893048682366,0.8568960345888746,0.25057468657772164,0.26607532029506653,3.0557367960685013,0.6049975805166409,18.61057280626563,9.999999999999997e-06,0.0007382457531988618,0.005257268219692904,40,1.7322921752929688,7.043013095855713,0.5929908752441406,9.36837100982666
40,31,0.633188903369317,2.7970776469793397,1.2477108201158171,1.355564980792158,1.8848432525727212,1.6194129460481719,-10.60446799939563,-10.60446799939563,0.8837056666163026,0.8837056666163026,0.2122979245092335,0.26607532029506653,1.683320583845756,0.6056811536374936,18.683891432618925,9.999999999999997e-06,0.0007910852873855857,0.00650740448942747,38,1.4999866485595703,7.058596611022949,0.5232067108154297,9.081855297088623
41,32,0.5922989519594987,2.783036632125425,1.2569972993075087,1.3952441298200497,1.9168634293275606,1.5984095063466142,-10.588221411675537,-10.60446799939563,0.8823517843062948,0.8837056666163026,0.16389902692600739,0.26607532029506653,1.3466033647384847,0.610572496363801,18.545214189112365,9.999999999999997e-06,0.0008404596393853551,0.0062372911349273955,53,2.049182891845703,7.058859348297119,0.5099825859069824,9.618093490600586
42,33,0.625318773866389,2.806335925091123,1.258958458836918,1.3695058910989826,1.9059974737305594,1.6089026759544736,-10.618156417868017,-10.618156417868017,0.8848463681556681,0.8848463681556681,0.1964787834281071,0.26607532029506653,1.5193971321354525,0.6151152493736401,18.38588154245355,9.999999999999997e-06,0.000860240767079055,0.006581297356243634,47,1.8825368881225586,6.7048890590667725,0.3984055519104004,8.985898733139038
43,34,0.6253100136595631,2.8065252424556637,1.2591476269261512,1.3695121831072208,1.9059807771226045,1.6088136753270834,-10.626253366322297,-10.626253366322297,0.8855211138601914,0.8855211138601914,0.19727722439849837,0.26607532029506653,1.5061194987073634,0.6155244671085397,18.413180107966685,2.507057582549309e-05,0.0007926934045578217,0.0020813299622535982,45,1.8654625415802002,6.58994197845459,0.6030282974243164,9.058502197265625
44,35,0.6226503791674869,2.815281888557439,1.2695116100610826,1.3690631196280818,1.9033656683928837,1.603243954183527,-10.642014536939513,-10.642014536939513,0.8868345447449594,0.8868345447449594,0.19245893220306098,0.26607532029506653,1.3946392097923876,0.6199946949306551,18.483367969696623,2.3010465778914995e-05,0.0006837305078550072,0.0016502831060128133,45,1.7215592861175537,7.1161274909973145,0.6417379379272461,9.479498147964478
45,36,0.5794086087814251,2.843787478340151,1.30266773346595,1.3673306295862226,1.8749837825378102,1.564617442332116,-10.55473494610008,-10.642014536939513,0.87956124550834,0.8868345447449594,0.1630801420445634,0.26607532029506653,1.3611737064213543,0.6177338367468305,18.268759321900056,2.43979556133358e-05,0.0009981164973882613,0.008603248146497221,48,1.8975093364715576,6.730781316757202,0.6304233074188232,9.25879693031311
46,37,0.6313701391583193,2.816837142524584,1.3044442202169568,1.3747583360249425,1.903662096882957,1.606202441998529,-10.630738995552711,-10.642014536939513,0.8858949162960593,0.8868345447449594,0.18761215995303845,0.26607532029506653,1.4411955779606274,0.6222704374252951,18.14746558453174,2.4476452106644183e-05,0.0007598823638057486,0.005809456137902969,41,1.6177048683166504,7.127404689788818,0.5945069789886475,9.33968448638916
47,38,0.6293326489386779,2.824876420064542,1.2780809167493246,1.3733416614825777,1.8951563978385333,1.594141687209793,-10.603266925439106,-10.642014536939513,0.8836055771199255,0.8868345447449594,0.1830119732965741,0.26607532029506653,1.4734827447478551,0.6199392554433707,18.21683415798788,4.2380948712205405e-05,0.0007783470960399853,0.005014171414466754,47,1.8477587699890137,7.443525314331055,0.587012767791748,9.878367900848389
48,39,0.561160602943061,2.8269501030013124,1.315115603609763,1.3475738311252377,1.9467006695035172,1.645505096886971,-10.602797768820025,-10.642014536939513,0.8835664807350021,0.8868345447449594,0.20460658270598855,0.26607532029506653,1.40882663388021,0.625971815025076,18.083413151181553,5.05534823093477e-05,0.0007399234858095973,0.00623466000416534,47,2.0461504459381104,7.309461355209351,0.6833348274230957,10.039013624191284
49,40,0.5971707053239174,2.7933138631900407,1.3033855274480965,1.3357481757883263,1.9191206562777314,1.6022570853577003,-10.655141311056306,-10.655141311056306,0.8879284425880255,0.8879284425880255,0.21247526215051615,0.26607532029506653,1.5119256982738563,0.629801653287798,18.00333675137769,4.6888629291426405e-05,0.0009321279571937176,0.008735435474543618,47,1.8952844142913818,6.963979959487915,0.6875908374786377,9.546925067901611
50,41,0.5898995490272252,2.8022037967013906,1.2985489168359903,1.3518445347310113,1.894777145375601,1.6306382886938497,-10.625973081108016,-10.655141311056306,0.8854977567590013,0.8879284425880255,0.204436550007352,0.26607532029506653,1.4530714495052592,0.6362890213799823,17.946325086354324,5.853957471117786e-05,0.0008092492042653814,0.007052238335528576,46,1.964994192123413,7.391274452209473,0.6079611778259277,9.964306831359863
51,42,0.6148042019926523,2.8201656363974723,1.295166668932234,1.3467078847192466,1.9519753625538447,1.6084889583274484,-10.640267924198994,-10.655141311056306,0.8866889936832495,0.8879284425880255,0.21378091196052176,0.26607532029506653,1.5248081701378027,0.6410958600961023,17.89807470631265,5.943217659952015e-05,0.0008231570939904143,0.007149318055208812,65,2.583157539367676,7.113729238510132,0.5347511768341064,10.231740713119507
52,43,0.5973852354129745,2.7988634813425537,1.3163215648496416,1.3615981224973863,1.9329303594574017,1.6004664715998558,-10.63056019038844,-10.655141311056306,0.8858800158657033,0.8879284425880255,0.19939808194416153,0.26607532029506653,1.5370696688243726,0.642200832081612,17.863078660176466,6.158179544721831e-05,0.0009729029183356574,0.005795672052892611,61,2.511500597000122,7.2299699783325195,0.5487511157989502,10.290287971496582
53,44,0.6013209553727192,2.8236668755620635,1.2805825370275121,1.3263560972422337,1.9166273139594836,1.6103931400507898,-10.642673279266871,-10.655141311056306,0.8868894399389059,0.8879284425880255,0.21981072153786246,0.26607532029506653,1.522690671635175,0.6471999275736087,17.815108211747763,6.429767609166415e-05,0.0008660874067671628,0.007675700200070578,47,1.9697270393371582,6.9655232429504395,0.5734310150146484,9.508751392364502
54,45,0.6252018049003281,2.8007773300221883,1.2942171070466892,1.3398357104269336,1.9206257626070984,1.621299994817531,-10.623544461920535,-10.655141311056306,0.8852953718267113,0.8879284425880255,0.21404790344376168,0.26607532029506653,1.5946767324963957,0.6456481519230667,17.82089792376568,7.586520785518663e-05,0.0009748859343908711,0.005557355049826354,52,2.216047763824463,7.213079452514648,0.6876180171966553,10.11681079864502
55,46,0.5809276931860766,2.8097259715910377,1.2839149044019627,1.342160659396373,1.9281031170138772,1.5965299677481888,-10.655051967760826,-10.655141311056306,0.8879209973134022,0.8879284425880255,0.2090224568932631,0.26607532029506653,1.4142270133397687,0.6489699758318154,17.77913804313938,7.025952369596495e-05,0.0009555697694214987,0.004706221042366935,48,1.9673032760620117,6.911346673965454,0.6196370124816895,9.498367071151733
56,47,0.5927857368934502,2.8192193693962144,1.3011595144024342,1.3423997831304457,1.9204804445200636,1.5981148849998437,-10.646308431318815,-10.655141311056306,0.8871923692765679,0.8879284425880255,0.20400321223747359,0.26607532029506653,1.4395264359624633,0.651852296951699,17.749725968523958,6.866996518805803e-05,0.0008525163891933294,0.0051413903485831945,49,1.9798195362091064,7.254773855209351,0.7010953426361084,9.935759544372559
57,48,0.5939399569049468,2.799065690032486,1.2797653564079525,1.3414532303151177,1.9153763725254918,1.5971744571933815,-10.6459153517329,-10.655141311056306,0.8871596126444082,0.8879284425880255,0.20826186972316568,0.26607532029506653,1.4734332362494484,0.6552825043915508,17.72524863549937,6.950424787476538e-05,0.0008937935991112502,0.00418798133162387,51,2.052769899368286,6.788220643997192,0.6072685718536377,9.44835638999939
58,49,0.5877264498897602,2.809170542739169,1.2890976178298597,1.340615010552485,1.9279974980811623,1.6035755495044952,-10.657490718767075,-10.657490718767075,0.888124226563923,0.888124226563923,0.21246689611698472,0.26607532029506653,1.456165325534215,0.6551196149449379,17.717780956622843,5.785139436543117e-05,0.0006030876817156586,0.0019061509895463291,47,1.9463262557983398,6.985436201095581,0.6443414688110352,9.57617473602295
59,50,0.5867516941551411,2.80917533449371,1.2888606060736687,1.3402580781190554,1.929680187419871,1.6049669083461662,-10.650001318863378,-10.657490718767075,0.8875001099052815,0.888124226563923,0.2112985923819703,0.26607532029506653,1.5009163202348788,0.655505157342826,17.723217853942696,5.306162110904439e-05,0.0009981470881639083,0.0012892542733257076,54,2.1652681827545166,7.020889520645142,0.5902805328369141,9.776521444320679
60,51,0.5848028888955328,2.8053156093549925,1.2938525203487385,1.3359282449456236,1.9247433465065182,1.6002296242903566,-10.658439454297348,-10.658439454297348,0.8882032878581123,0.8882032878581123,0.2096355636245012,0.26607532029506653,1.4333565569539815,0.6545586082865197,17.740614048893487,4.499577114499635e-05,0.0007919246183352005,0.0008027717405196846,56,2.4254281520843506,7.270254373550415,0.7122094631195068,10.407959699630737
61,52,0.5808466636875745,2.8038105055427662,1.2961005369755334,1.3323543448797273,1.9248204918835048,1.5987870618912012,-10.650505706115322,-10.658439454297348,0.8875421421762768,0.8882032878581123,0.21577965353256778,0.26607532029506653,1.506962299167526,0.6562865610596903,17.704299895958606,4.3216467536428004e-05,0.0005079296248301872,0.0007190571024711063,57,2.221904993057251,7.163099765777588,0.9242851734161377,10.309369325637817
62,53,0.5897167464133006,2.8062052789822873,1.2923391679395313,1.3403012779341477,1.9232641514942934,1.601845521611279,-10.652571048807511,-10.658439454297348,0.8877142540672925,0.8882032878581123,0.20812632155785665,0.26607532029506653,1.4314629191428025,0.6551504805846837,17.714249867903078,3.6906926681524595e-05,0.0008441936896447699,0.0006424696572523274,62,2.679760456085205,7.333444356918335,0.8433120250701904,10.856670141220093
63,54,0.5914673842795543,2.818539617380065,1.2808329474462288,1.3482427317945809,1.9326840039855682,1.6050000116926886,-10.656007275251406,-10.658439454297348,0.8880006062709506,0.8882032878581123,0.19916621750469787,0.26607532029506653,1.3680915318680746,0.6553819650385039,17.704775074186333,3.3084507786277216e-05,0.0008342311163717585,0.0010026645134094013,62,2.559191942214966,7.019289493560791,0.6725819110870361,10.251163005828857
64,55,0.5885884505737887,2.8191268153331097,1.2805933965754135,1.3456746540423414,1.9363105848283093,1.6029731172570716,-10.64509981070168,-10.658439454297348,0.8870916508918066,0.8882032878581123,0.2014640062999959,0.26607532029506653,1.3882876960544763,0.6578213447951822,17.68949687606046,3.656732625871306e-05,0.0009253263502483081,0.0009499008639171715,59,2.3472423553466797,6.790897607803345,0.7516152858734131,9.889833927154541
65,56,0.5878936213263377,2.8061731629692064,1.2919269076741706,1.3419398976915817,1.9200709207551765,1.603790324489532,-10.644785648535496,-10.658439454297348,0.8870654707112914,0.8882032878581123,0.20676589307952903,0.26607532029506653,1.4482040156616023,0.6591921893155193,17.685830116041718,4.0556924598166695e-05,0.0007217097262353417,0.0006358123386825437,77,3.8029415607452393,6.6772544384002686,0.6233987808227539,11.103665590286255
66,57,0.5901388261679801,2.8065127059830592,1.2923167243617095,1.3342592326411218,1.9315331748992894,1.5951771089446147,-10.653043643113682,-10.658439454297348,0.8877536369261402,0.8882032878581123,0.21666598768194092,0.26607532029506653,1.5375252676611808,0.6603934550868502,17.674170219498322,3.770148692931616e-05,0.0009633255275776849,0.0006887288467937112,57,2.2327511310577393,7.076311111450195,0.6365127563476562,9.945643424987793
67,58,0.5893500555331582,2.806213687867108,1.292422853448538,1.335220610910888,1.9292274023821316,1.5975611146607398,-10.655903021513584,-10.658439454297348,0.8879919184594653,0.8882032878581123,0.21393630333129207,0.26607532029506653,1.4814275615632653,0.6589732648004482,17.684320437335668,3.356965408942973e-05,0.0009505111781021959,0.0007097269136943519,62,2.4185872077941895,6.960134267807007,0.5615386962890625,9.940329551696777
68,59,0.5897416046151125,2.8054587791797685,1.2931021856045328,1.3347223401308477,1.9290990133089063,1.5970590032334646,-10.670317545364826,-10.670317545364826,0.8891931287804021,0.8891931287804021,0.21515217147485718,0.26607532029506653,1.4603563402383344,0.6603957589443606,17.677450253872927,4.820588698770195e-05,0.0008856426081463507,0.0006115441247696321,61,2.716710090637207,7.104032516479492,0.539602518081665,10.360426425933838
69,60,0.564078121056812,2.809390213675935,1.302509782402046,1.3244107492928878,1.9575970347414706,1.579957871916942,-10.61709324848934,-10.670317545364826,0.884757770707445,0.8891931287804021,0.21047515066537298,0.26607532029506653,1.5550585153916074,0.6629392113539769,17.6192693458279,4.766812208625777e-05,0.0009888550323173364,0.001298040896109793,51,2.0824525356292725,7.002169847488403,0.6102128028869629,9.694934844970703
70,61,0.5062916283246466,2.781244143461581,1.429293481784297,1.3658405391111952,1.9109286794563438,1.5796379776269784,-10.479227428291985,-10.670317545364826,0.8732689523576654,0.8891931287804021,0.16132879898344515,0.26607532029506653,1.6984021825559807,0.6674589750387422,17.60633328615436,4.771642618166583e-05,0.0009124732334485782,0.003960156082444327,42,2.3196771144866943,7.132660627365112,0.6867465972900391,10.139154434204102
71,62,0.6034217928804535,2.8069048850120124,1.2888246474401475,1.3363765309464115,1.9306616544765067,1.5847031764949644,-10.65382039275942,-10.670317545364826,0.8878183660632849,0.8891931287804021,0.20732974402270776,0.26607532029506653,1.4905906730123206,0.669103522691548,17.590999275075607,4.56568532778366e-05,0.0008138839572747198,0.0005206563719260697,76,3.2257347106933594,6.793866395950317,0.6104695796966553,10.630141258239746
72,63,0.5914615199553445,2.7995724840113683,1.3162285276941108,1.321658405716055,1.9093100779630958,1.5839899815727985,-10.650005126805263,-10.670317545364826,0.887500427233772,0.8891931287804021,0.22200134726461895,0.26607532029506653,1.605333233676049,0.6705146326736403,17.590870661689728,4.437138076240135e-05,0.0009282945872269365,0.0011436685018284115,74,3.0801842212677,7.497332572937012,0.6571688652038574,11.23477554321289
73,64,0.599584320690883,2.8230844305956344,1.355997177129797,1.3227045992266475,1.919644159209937,1.5999550934447382,-10.653722032448796,-10.670317545364826,0.887810169370733,0.8891931287804021,0.21732540874594458,0.26607532029506653,1.4962486955918735,0.6709863491251984,17.60724917501939,4.471608309045489e-05,0.0007842810676987232,0.0011161793963686555,70,2.762009620666504,7.160104036331177,0.6325304508209229,10.554716348648071
74,65,0.6153714227639634,2.832953956453263,1.3917862399796392,1.3379268302271143,1.9351320720031326,1.59152247799973,-10.631233424664767,-10.670317545364826,0.8859361187220639,0.8891931287804021,0.1984042774342023,0.26607532029506653,1.4903354793679,0.6744549188840456,17.575950468917753,4.441207462812647e-05,0.0008855868692535961,0.0021913892533994696,48,1.9489433765411377,7.044675827026367,0.6744723320007324,9.66816258430481
75,66,0.609196507527253,2.8099245822952383,1.3679200449878304,1.3350914877853197,1.8966401386867775,1.5995973508414085,-10.612750706474703,-10.670317545364826,0.8843958922062253,0.8891931287804021,0.20839518167922425,0.26607532029506653,1.6579601471758565,0.6756183857980786,17.573107916927917,4.490328470025459e-05,0.0007422619355732267,0.0010382913228580092,69,2.867532968521118,7.651359558105469,0.7231934070587158,11.242170572280884
76,67,0.5987026295630757,2.831966270260278,1.3418845663181396,1.3198623458307344,1.9387996045472824,1.590802008156178,-10.638889066915459,-10.670317545364826,0.8865740889096215,0.8891931287804021,0.21258577472798773,0.26607532029506653,1.5170542767494055,0.6762452180791558,17.562202511456558,4.517170481510526e-05,0.0009578354744312147,0.000989779133455241,63,2.5345354080200195,6.673658609390259,0.5895223617553711,9.797783136367798
77,68,0.5760370886934424,2.8491998048860463,1.391581994915563,1.314597071610536,1.9340026963246433,1.6138026579263942,-10.638550034062499,-10.670317545364826,0.8865458361718749,0.8891931287804021,0.21637664506308263,0.26607532029506653,1.4629047181283141,0.6795015897094873,17.55354838731411,4.477608765972455e-05,0.0008984336389640709,0.0014454548587686297,58,2.226146697998047,6.900758743286133,0.6593399047851562,9.786317825317383
78,69,0.5894274620914726,2.8184413585404036,1.377917119331751,1.322559303648317,1.9476093359595579,1.6167380044140005,-10.646913688034353,-10.670317545364826,0.8872428073361961,0.8891931287804021,0.2221075380082726,0.26607532029506653,1.5300748360878913,0.6823820484295445,17.51310161914158,4.435313659185402e-05,0.0009499580421699515,0.0008085894743144784,70,2.72585129737854,6.966135501861572,0.6958622932434082,10.387918949127197
79,70,0.5873823375792276,2.8514783491755544,1.4422773168376672,1.3360512403309313,1.9849761095312095,1.6282703857531435,-10.695471567427004,-10.695471567427004,0.8912892972855837,0.8912892972855837,0.21718159365722461,0.26607532029506653,1.3343762565588122,0.6811820422556392,17.717828609781193,4.439707425485833e-05,0.0008837786359749054,0.002392067154449603,54,2.110806703567505,7.047920227050781,0.6664981842041016,9.825295448303223
80,71,0.5834795535840854,2.861621145318002,1.4858396903893156,1.3396457776660498,2.0122953898818934,1.6393017810031787,-10.72914226429061,-10.72914226429061,0.8940951886908842,0.8940951886908842,0.2234279243729837,0.26607532029506653,1.2343181126089036,0.6855132217797786,17.779469629124073,4.4244954293789713e-05,0.0008297811511590936,0.005916265712683415,36,1.5425693988800049,7.7229108810424805,0.671520471572876,9.937084913253784
81,72,0.5771434654762578,2.8688550657818745,1.5321119826049276,1.3384914870560303,2.0332921707203235,1.646645417277875,-10.753466607790669,-10.753466607790669,0.896122217315889,0.896122217315889,0.22992336903031074,0.26607532029506653,1.2114766834382067,0.6899904909491467,17.82540853871192,4.414191686566559e-05,0.0008617391182420678,0.006105205089189189,40,1.623790979385376,7.216361999511719,0.7308013439178467,9.571058750152588
82,73,0.5706366834307371,2.8730160165156775,1.5714923033718748,1.3356893155780025,2.0470481450373677,1.6507126756178165,-10.747667157913932,-10.753466607790669,0.895638929826161,0.896122217315889,0.2282955803184167,0.26607532029506653,1.2071447659460546,0.6925855324230983,17.749033417256445,4.388832569970896e-05,0.0008765536822696563,0.005587431483883735,43,1.968008041381836,6.975034236907959,0.7398383617401123,9.682950496673584
83,74,0.5755390987077035,2.870885764377287,1.541610121460295,1.339548519272663,2.040805381733433,1.65007887099332,-10.74761166140731,-10.753466607790669,0.8956343051172758,0.896122217315889,0.22516437165469977,0.26607532029506653,1.1700741100895158,0.6943951166715457,17.754898698916545,4.282377221815898e-05,0.0009683694096962015,0.0030750101027694544,40,1.6912763118743896,7.463496446609497,1.0581989288330078,10.213056325912476
84,75,0.5775431379618073,2.8690737678441036,1.5541488033489832,1.3244445667194265,2.0196863940892116,1.6352334652252765,-10.723070259080897,-10.753466607790669,0.8935891882567414,0.896122217315889,0.22273004470042668,0.26607532029506653,1.2363181938733874,0.6962206244443628,17.716520153138674,4.355573314255183e-05,0.0006155444188836429,0.0050415743394875015,43,1.8375704288482666,7.042393922805786,0.6743049621582031,9.554358720779419
85,76,0.5572832190629576,2.8647873265020842,1.5598519991798445,1.365461699543339,2.06107651644809,1.665711539643545,-10.73322221778586,-10.753466607790669,0.8944351848154883,0.896122217315889,0.20584436896511488,0.26607532029506653,1.1231230569268433,0.6989282726344165,17.680141849902807,4.362271929940621e-05,0.0006966872248016891,0.006623234303595595,43,2.179391384124756,7.561269283294678,0.6751430034637451,10.415876865386963
86,77,0.5777713663514521,2.8770763039588774,1.5349342394907035,1.3338535342377946,2.0577496088235567,1.6572246385853566,-10.748605900499959,-10.753466607790669,0.8957171583749965,0.896122217315889,0.23145499299408956,0.26607532029506653,1.2047639899404459,0.701261989124511,17.633207900850522,4.3041176303603535e-05,0.0007177336082310372,0.0038335795523427945,45,1.8612983226776123,7.424725294113159,0.7092280387878418,9.995322465896606
87,78,0.5827114648065918,2.872867531004908,1.5304946786395872,1.344458054064191,2.0420038072154667,1.6550648884320487,-10.748291339114505,-10.753466607790669,0.8956909449262088,0.896122217315889,0.22130148802936395,0.26607532029506653,1.1709400295462444,0.7036007923182633,17.600455581631604,4.2359227160471496e-05,0.0007202612301273576,0.001922776453410387,52,2.308765411376953,6.961609125137329,0.8176980018615723,10.088170289993286
88,79,0.5686473624689193,2.8703816355556584,1.5297809771967201,1.338722467417301,2.0473311890544217,1.6468155564535014,-10.734884819203305,-10.753466607790669,0.8945737349336088,0.896122217315889,0.21652990260121885,0.26607532029506653,1.1803316421782881,0.704557367376631,17.606542781795753,4.329406714187353e-05,0.0009285224619712879,0.0019633978684748124,52,2.2984423637390137,7.112607479095459,0.8517529964447021,10.262871503829956
89,80,0.5939632136849925,2.8684774759369396,1.586605912214854,1.327402755760284,2.055570917892281,1.7094473926481877,-10.751280284930859,-10.753466607790669,0.8959400237442382,0.896122217315889,0.26873299352697533,0.26873299352697533,1.3300216519131283,0.7073957649228417,17.547351410704735,4.3178746378397644e-05,0.0006137599865216333,0.007711344710727966,36,1.6024324893951416,6.7994139194488525,0.6136560440063477,9.015571594238281
90,81,0.5805882004740559,2.892034164234133,1.5622920955772361,1.3356025104134355,2.040149038097982,1.6900524174238656,-10.787743281374093,-10.787743281374093,0.8989786067811744,0.8989786067811744,0.24851100560051836,0.26873299352697533,1.1550802886695806,0.7090999103784509,17.547727116347662,4.303501396793342e-05,0.0009618459852149098,0.009911077555689202,48,2.080737590789795,6.8050925731658936,0.8805372714996338,9.76643681526184
91,82,0.5669763206332544,2.9170986167447714,1.5750634979584375,1.3353726343342607,2.037929506568245,1.7024187868733829,-10.733283101563565,-10.787743281374093,0.8944402584636304,0.8989786067811744,0.22540295016884881,0.26873299352697533,1.1620973637442518,0.7017115547558351,17.33330054325002,4.345374121103784e-05,0.0009839470677021028,0.006011390850834015,42,1.726470708847046,7.137760400772095,0.6336829662322998,9.497982263565063
92,83,0.5808459964994416,2.872958237788747,1.544559375369947,1.3313212831296266,2.0264960107169183,1.6965485850425148,-10.742871251343495,-10.787743281374093,0.8952392709452912,0.8989786067811744,0.25059374949489827,0.26873299352697533,1.2571158042482438,0.7019848675331543,17.410206512054145,4.641868071374713e-05,0.0006442241509967555,0.004043285460437728,40,2.047658920288086,7.035070419311523,0.7426581382751465,9.825460195541382
93,84,0.618857070399666,2.8996129705449913,1.5766743077407082,1.3539084863292057,2.0524434034573367,1.6813513932278052,-10.785438101541294,-10.787743281374093,0.8987865084617744,0.8989786067811744,0.23110006265532573,0.26873299352697533,1.1162920843520538,0.7044804948953379,17.377132657557485,4.590725828111169e-05,0.0008000507616938354,0.005505729443585126,45,2.329859972000122,6.914143800735474,0.7588136196136475,10.002914667129517
94,85,0.6057399842027499,2.900643200135163,1.5658105135054177,1.3332278633726458,2.0573474194620562,1.6826673840442399,-10.792765690018278,-10.792765690018278,0.8993971408348566,0.8993971408348566,0.24817931962807047,0.26873299352697533,1.1523199248411657,0.7062932163160668,17.369151132206284,4.483929098365358e-05,0.0009222273386316028,0.005732830580615823,53,3.0143399238586426,6.92905068397522,0.7201921939849854,10.663654804229736
95,86,0.5993529549611979,2.8948076532309566,1.5654582973090454,1.3500684543972328,2.0511784657655876,1.6814492630386542,-10.790267062329907,-10.792765690018278,0.8991889218608256,0.8993971408348566,0.23417785720015347,0.26873299352697533,1.1047733629924323,0.7083269361781206,17.370421960951607,4.38349428466158e-05,0.0007494540982719571,0.0035748785659388705,50,2.6058616638183594,6.807448625564575,0.7685995101928711,10.181981325149536
96,87,0.6040154823492947,2.8961729566952927,1.5705444421449477,1.3364826230553524,2.04595544347758,1.6803594311000947,-10.785674244018004,-10.792765690018278,0.8988061870015004,0.8993971408348566,0.24786809222440398,0.26873299352697533,1.1715454281783337,0.7102087756623787,17.371600967418377,4.367676249856437e-05,0.0009167592074511611,0.0029790469133606215,51,2.2252302169799805,7.312109708786011,0.7764921188354492,10.31391453742981
97,88,0.6020158739232735,2.897614446219607,1.5669664962035135,1.3425456241786689,2.0604262089031904,1.6864112949715642,-10.805374351893134,-10.805374351893134,0.9004478626577611,0.9004478626577611,0.2502324943474856,0.26873299352697533,1.1373223181607273,0.7076690465252544,17.392938990934628,4.3205750681934214e-05,0.0009058782094427808,0.001894035801883855,46,2.2791829109191895,6.847519397735596,0.6944253444671631,9.82120156288147
98,89,0.6039667593153459,2.899625202147687,1.5691638127294205,1.3463528422116395,2.074698014110477,1.6926274421371215,-10.794911748118547,-10.805374351893134,0.899575979009879,0.9004478626577611,0.24425703670889426,0.26873299352697533,1.1236196768767002,0.7098430075221086,17.358594658112956,4.306549265773734e-05,0.0007493065235192528,0.0009446994867670543,52,2.6462011337280273,6.803455591201782,0.8316681385040283,10.281407117843628
99,90,0.6044103738943511,2.897737423832947,1.5610552303865974,1.3446945751693897,2.062968372431756,1.6934711258157258,-10.796222219222058,-10.805374351893134,0.8996851849351715,0.9004478626577611,0.2540067653298912,0.26873299352697533,1.1670925469788074,0.7110059873390723,17.354349178609286,4.171801444908679e-05,0.0008640521695734942,0.0006063963625206082,64,3.1809723377227783,7.355923891067505,0.7134294509887695,11.250414371490479
100,91,0.5985294776383752,2.896923749169464,1.5716604512186612,1.3434620063490352,2.06612761871219,1.686372111537777,-10.788732414843368,-10.805374351893134,0.8990610345702806,0.9004478626577611,0.24113764160404771,0.26873299352697533,1.121003814128585,0.7136469120587784,17.346692468183242,4.3522175498586835e-05,0.0007419102873260093,0.00040660084514297044,69,3.8042962551116943,6.680168867111206,0.9240319728851318,11.408576965332031
101,92,0.6197648426005776,2.9035639857075775,1.5543531912069106,1.3444327166265355,2.0670161309637707,1.696329428745579,-10.764642867438607,-10.805374351893134,0.8970535722865506,0.9004478626577611,0.24482656596189462,0.26873299352697533,1.216152314907248,0.7107411198997826,17.331508007713683,4.623041048134449e-05,0.0009871518151678342,0.0008138992827547268,59,3.176034450531006,7.318362236022949,0.793292760848999,11.287784099578857
102,93,0.6075865531295176,2.8997061007439044,1.6154756795200444,1.3575765495405752,2.09151985413551,1.6851550614607023,-10.812650712230942,-10.812650712230942,0.9010542260192452,0.9010542260192452,0.23733952539937578,0.26873299352697533,1.0617528031320518,0.7139804460893707,17.519078467867473,4.687772208504962e-05,0.0009044737713445472,0.0016502387842125283,54,2.725985527038574,7.225890159606934,0.8733808994293213,10.825345993041992
103,94,0.6102668525271703,2.9011340824922485,1.6327735527303928,1.3613474412948696,2.1024824534132214,1.6851455064034557,-10.760699420189999,-10.812650712230942,0.8967249516824999,0.9010542260192452,0.22097459979490372,0.26873299352697533,1.1093454012639512,0.7017981210719612,17.21187109594479,5.287259700980875e-05,0.0004993634216053044,0.0026001470547283613,46,2.3868701457977295,6.894627332687378,0.9195237159729004,10.201088428497314
104,95,0.6041506905989358,2.8983561177790533,1.601250767500415,1.3548881223649702,2.08192828001233,1.6840606238103322,-10.748549224731699,-10.812650712230942,0.8957124353943082,0.9010542260192452,0.2181534081261646,0.26873299352697533,1.134082994593939,0.7143841947775937,17.403565475290286,0.00011892726202724896,0.0007897055172818444,0.0011265285631038748,57,2.755736827850342,6.668212413787842,0.9663162231445312,10.390335321426392
105,96,0.6298126640834201,2.9140722986518983,1.626537703287096,1.3126070918846826,2.102124732808769,1.6919963591573353,-10.811556847570923,-10.812650712230942,0.9009630706309103,0.9010542260192452,0.27304812302825887,0.27304812302825887,1.1921246012757365,0.7163058868383062,17.524875821104725,0.00011944297290030005,0.0005700476768056916,0.0013963528461550677,54,2.905677556991577,7.4553492069244385,1.029346227645874,11.390440464019775
106,97,0.6315597760204754,2.9154948053659653,1.6297856767429513,1.3095687745561926,2.1040762885856514,1.6926309514953086,-10.823927584536776,-10.823927584536776,0.9019939653780646,0.9019939653780646,0.2723502386056729,0.27304812302825887,1.172694563244562,0.7165574793137388,17.582855833406647,0.00011797687765653012,0.0008214942681512725,0.0015528850126759587,49,2.5853993892669678,7.058964967727661,0.7565381526947021,10.400977611541748
107,98,0.639820192770697,2.922080384033431,1.6482198928340925,1.2958145261446106,2.114454511542687,1.6968759590951437,-10.788463373935631,-10.823927584536776,0.899038614494636,0.9019939653780646,0.2647965072700268,0.27304812302825887,1.23665843829383,0.7139893444926443,17.38505665262243,0.00011832938666895834,0.0008132278316594557,0.0022692521195677,52,2.513000726699829,6.669224739074707,0.7871551513671875,9.969444274902344
108,99,0.6283052428255355,2.9121641584170264,1.61535233005045,1.3111013754521224,2.10295033732155,1.6834062422242586,-10.8150150693692,-10.823927584536776,0.9012512557807667,0.9019939653780646,0.2736141744438978,0.2736141744438978,1.2069104161780189,0.7153354917896996,17.372573446271538,0.00011617042910372123,0.0008666973490505595,0.0011904300176631005,51,2.737321615219116,6.611103534698486,0.72294020652771,10.07143235206604
109,100,0.6361183144769682,2.911910764529412,1.6215568544880608,1.3145483718324535,2.0923766539213537,1.6863075971811774,-10.799936424907381,-10.823927584536776,0.899994702075615,0.9019939653780646,0.258980630647649,0.2736141744438978,1.1674693052728315,0.7165959482062333,17.390467949668494,0.00011577808609165619,0.0009932676591959027,0.001265779705761866,58,3.329542636871338,6.993233680725098,0.8397047519683838,11.162554025650024
110,101,0.6162042576477221,2.9157184365382376,1.6173255155806512,1.3100310630594334,2.1157813495740116,1.6947931161965437,-10.818675111060871,-10.823927584536776,0.9015562592550727,0.9019939653780646,0.2720013559884268,0.2736141744438978,1.1683627117861164,0.7178030365689173,17.379724184362956,0.00011360664581524831,0.0008529408668430919,0.0011868505707239559,50,2.809650421142578,7.138224363327026,1.239168643951416,11.187149047851562
111,102,0.617322952124224,2.91515066521559,1.6180424660704473,1.3105069920684373,2.1139276752507086,1.6940642035915727,-10.810196657394895,-10.823927584536776,0.9008497214495746,0.9019939653780646,0.2708174643925423,0.2736141744438978,1.1903508031240335,0.7183954665268012,17.373656154319445,0.00011217235554315547,0.0009227603893923379,0.0012087816244145165,52,3.0077497959136963,6.683941602706909,0.9267971515655518,10.618564128875732
112,103,0.6269168586678995,2.907074927068297,1.6178609658076204,1.3131801091709479,2.117741657298876,1.6957853943202514,-10.808300845653639,-10.823927584536776,0.9006917371378033,0.9019939653780646,0.27581780126259725,0.27581780126259725,1.222671606159878,0.7204544294918189,17.369346493669603,0.00011098325193933221,0.0006485705674949728,0.0007549098398155784,56,2.9437732696533203,7.217447996139526,0.984992265701294,11.146307468414307
113,104,0.6152671201422487,2.9222600466265187,1.6216467526305076,1.3091640565508171,2.1069139704780113,1.6869640099697398,-10.793113230172672,-10.823927584536776,0.8994261025143894,0.9019939653780646,0.257754968682718,0.27581780126259725,1.1899771865013378,0.7204402537630518,17.35281346730387,0.00011407911563273553,0.0009664109832794127,0.0009131367718847871,56,3.0104854106903076,6.769263505935669,0.871607780456543,10.651420593261719
114,105,0.6302034064073152,2.9096497663370067,1.6185237441555305,1.3147508048152339,2.109561102798686,1.7076222805474763,-10.796886092687712,-10.823927584536776,0.8997405077239761,0.9019939653780646,0.28232234955197255,0.28232234955197255,1.2901148195432626,0.7223767672605953,17.348952632479346,0.00011520411600711699,0.0008897010682247616,0.0009020307394232644,58,3.107978343963623,6.626236200332642,0.9149584770202637,10.649237155914307
115,106,0.6257123833904976,2.8980437513535464,1.625884841261118,1.3069342206978498,2.1155157092902397,1.6813413502706112,-10.812701510402226,-10.823927584536776,0.9010584592001855,0.9019939653780646,0.27928886014765475,0.28232234955197255,1.2404331184327617,0.7239159734157368,17.336563276711765,0.00011355193870267088,0.0008894676812915767,0.0009371127953716833,63,3.4381773471832275,6.5002601146698,1.070528268814087,11.00903606414795
116,107,0.6316426704716585,2.9067938155638955,1.6208666719387845,1.3123990239035903,2.119438235627191,1.6801311684334852,-10.802601734695461,-10.823927584536776,0.9002168112246217,0.9019939653780646,0.26701092980083535,0.28232234955197255,1.218143286851884,0.7249409522521197,17.345218029531488,0.00011224958914055949,0.0007850083989956175,0.0008331072949001716,65,3.590867519378662,7.145362615585327,0.9474258422851562,11.683735609054565
117,108,0.6192183926456648,2.9001028334078285,1.6273144320001027,1.3053356461409844,2.1060592647996987,1.6903159393031917,-10.81520506071105,-10.823927584536776,0.9012670883925874,0.9019939653780646,0.281508910988186,0.28232234955197255,1.2314513071827662,0.7254670613831958,17.34138503757546,0.00010984356451015384,0.0008744141923033639,0.0007325332325016209,64,3.475956439971924,7.033824920654297,1.1120185852050781,11.621860980987549
118,109,0.6204389932173141,2.901421197241276,1.6259492325094451,1.3067936962444406,2.1064184433455164,1.6899608427444313,-10.77219507161537,-10.823927584536776,0.8976829226346141,0.9019939653780646,0.26430318330959396,0.28232234955197255,1.267839402627473,0.7296523251215099,17.354502628514524,0.0001417522012903295,0.000994562977069354,0.0007175090528179033,65,3.7424614429473877,6.9283127784729,0.8174171447753906,11.488261461257935
119,110,0.633899436949207,2.9212999434320155,1.6133902109877658,1.3131244974118719,2.1207017625832654,1.6858898477085131,-10.77865158686123,-10.823927584536776,0.8982209655717691,0.9019939653780646,0.253625642601818,0.28232234955197255,1.2077077185299743,0.7292273201504065,17.383451268856266,0.00014733853921573766,0.0008028856907470987,0.0010307988245445274,62,3.5129733085632324,6.992738962173462,0.8628175258636475,11.368621587753296
120,111,0.6205652444034971,2.9006426789287367,1.7389679611717108,1.28618870300258,2.177863593031238,1.7122879816628118,-10.759456957698427,-10.823927584536776,0.8966214131415357,0.9019939653780646,0.2884498243519774,0.2884498243519774,1.3827660453592756,0.7343487000490074,17.497195839445556,0.00014759624844407852,0.0008385701666021858,0.0035287818488296046,40,2.2767772674560547,7.00239634513855,0.993283748626709,10.272530794143677
121,112,0.6669830322842937,2.89750001927426,1.8804981969167256,1.2604094361811016,2.182698869854545,1.711306987004609,-10.54341797084456,-10.823927584536776,0.8786181642370466,0.9019939653780646,0.27347972262099574,0.2884498243519774,1.839346924340859,0.7340445134422743,17.293066819256765,0.00014756387334892874,0.0008842879315961575,0.00582347894558425,41,2.322450637817383,7.143649578094482,0.9290857315063477,10.395270586013794
122,113,0.60316641448739,2.904388490336157,1.651565085381683,1.3048915384586763,2.1482027963840142,1.7068646437538157,-10.828833755561543,-10.828833755561543,0.9024028129634619,0.9024028129634619,0.29113365674501634,0.29113365674501634,1.2361949041986406,0.7347794355747187,17.35443547916336,0.00014791686241308853,0.0010051770005277787,0.001668663365575227,50,2.877188205718994,7.041697025299072,1.0566604137420654,10.975614786148071
123,114,0.5976565306925087,2.904196932542238,1.6535923720675196,1.3034285342405503,2.156111379183063,1.7105222398948152,-10.788162472518986,-10.828833755561543,0.8990135393765821,0.9024028129634619,0.28832312650772607,0.29113365674501634,1.3022266402458627,0.7351835284496393,17.27597100327646,0.00015698240214932085,0.0009226152338733877,0.0012885939074490616,47,2.623255729675293,7.188080072402954,1.0047624111175537,10.816171407699585
124,115,0.6159156385666119,2.9013304925146564,1.6589128876178665,1.3115917783680446,2.132994480013425,1.6979017437070525,-10.796889232778527,-10.828833755561543,0.8997407693982106,0.9024028129634619,0.2753032298153739,0.29113365674501634,1.2642068684297953,0.7382527120095033,17.309107896029012,0.0001583496686595056,0.0009267740903479193,0.0008479014130277007,63,3.6701083183288574,7.060499906539917,0.8584821224212646,11.589178085327148
125,116,0.5974336183586557,2.913351796470404,1.6609028897059306,1.2700780671873666,2.1469039302656303,1.689771050691399,-10.752337432189313,-10.828833755561543,0.8960281193491094,0.9024028129634619,0.28246800639847464,0.29113365674501634,1.3718845448302375,0.7371868935765412,17.26557209353112,0.00015767342531547928,0.0009315506884409344,0.0021797958217204608,60,3.3668324947357178,7.083014726638794,1.1037676334381104,11.55368709564209
126,117,0.6323743419467859,2.8986704572971975,1.6700927264991081,1.3174018964862542,2.1677200536199837,1.743763215788997,-10.787696652185772,-10.828833755561543,0.898974721015481,0.9024028129634619,0.3226554858968048,0.3226554858968048,1.4987818369362458,0.7396232815154559,17.246911736363582,0.0001568125521845714,0.0009449128555484661,0.0018352698072655017,50,2.893648624420166,7.013434648513794,0.9786515235900879,10.88580060005188
127,118,0.5896770596949709,2.9352284708027003,1.7181815471026523,1.3292106675127426,2.1876262471985193,1.761796193977849,-10.770626461468794,-10.828833755561543,0.8975522051223995,0.9024028129634619,0.29408546953757897,0.3226554858968048,1.374302012983577,0.7431404867371775,17.27148223395969,0.0001567316209413153,0.0009309533445405214,0.0036268338845582464,47,2.718303918838501,6.5542216300964355,0.9731476306915283,10.24574065208435
128,119,0.6011087263972255,2.8911418596577767,1.7254135200753447,1.333890563454309,2.2587454917083574,1.746157091116796,-10.771985274047129,-10.828833755561543,0.8976654395039274,0.9024028129634619,0.3068232014903639,0.3226554858968048,1.493089854458134,0.7457193218300057,17.275094443734453,0.0001565002920003739,0.0008755273926844148,0.0033690359174879565,43,2.0928313732147217,6.458243131637573,1.148200273513794,9.699338436126709
129,120,0.6041963140245022,2.914087377012658,1.7540021849897156,1.287570312677205,2.279592492505221,1.8171627482470605,-10.704049413453236,-10.828833755561543,0.8920041177877697,0.9024028129634619,0.344525715838816,0.344525715838816,1.7843916379172384,0.7482541953979803,17.218856272328217,0.00015639364723201668,0.0009759969889612794,0.0042018739326892705,46,2.518380641937256,6.601188659667969,1.1412322521209717,10.260864734649658
130,121,0.5813162440121895,2.862056412011722,1.7348423325324942,1.339564808353229,2.2034142276411277,1.7613689255282379,-10.736179282522487,-10.828833755561543,0.8946816068768739,0.9024028129634619,0.3190920181793429,0.344525715838816,1.6740915058651211,0.7510774776475876,17.20293441772033,0.0001561010292519134,0.0006998144539854829,0.001711965096771586,50,2.6681830883026123,6.502089738845825,1.1133904457092285,10.283733606338501
131,122,0.5564808721041189,2.9390886027850445,1.8069945995972265,1.3522575941491808,2.307708953655096,1.7347309521782415,-10.785666109139656,-10.828833755561543,0.8988055090949714,0.9024028129634619,0.2508461751926683,0.344525715838816,1.204761866129516,0.7553193082842915,17.382267871399957,0.00015618430278403577,0.0006017023467180483,0.003325676238443214,49,2.588942527770996,6.490374326705933,1.1146414279937744,10.194022178649902
132,123,0.5611356065493557,2.9296945245619024,1.875496809258339,1.3750091308389032,2.3814686630559687,1.7700049504122959,-10.671987717841771,-10.828833755561543,0.8893323098201477,0.9024028129634619,0.25102347479583575,0.344525715838816,1.522030223183478,0.7559597955553875,17.233401548847482,0.00015623060200097428,0.0007916687438463667,0.004775945729434333,43,2.463762044906616,6.516295671463013,1.0644822120666504,10.044614315032959
133,124,0.5308445865536072,2.936343165772377,1.762968714555258,1.316844259961359,2.2891324870063525,1.7193344561925128,-10.804110932425147,-10.828833755561543,0.9003425777020956,0.9024028129634619,0.27349477757402074,0.344525715838816,1.2227263209624795,0.7593337583883413,17.265774166163304,0.00015621016369909537,0.0006828098729363421,0.0023662930370522673,49,2.646155595779419,6.57923436164856,1.077240228652954,10.302720308303833
134,125,0.5676681017094622,2.944100688757296,1.7539324449997857,1.3276083517506059,2.262274161607074,1.7065026152585796,-10.768706726774305,-10.828833755561543,0.897392227231192,0.9024028129634619,0.24678875159252167,0.344525715838816,1.172434730159054,0.7599691292177652,17.268704401075937,0.00015562432776660245,0.0009404669531702354,0.00239262934664448,50,2.463829278945923,6.524272918701172,1.1935334205627441,10.18170714378357
135,126,0.49908081593421694,2.924458139338122,1.787319137677535,1.3274443694007965,2.311778288199002,1.7454490145973711,-10.786863032464813,-10.828833755561543,0.8989052527054011,0.9024028129634619,0.2707033555926825,0.344525715838816,1.2513734205447946,0.7618787675595496,17.229340252526598,0.00015521622813383814,0.0007676159209257046,0.002466837025865331,44,2.262316942214966,6.560683488845825,1.230781078338623,10.05386996269226
136,127,0.5405397112231571,2.912591608514745,1.7928015813368694,1.3032326973644566,2.3264272932869927,1.716144422760345,-10.785681703288976,-10.828833755561543,0.8988068086074147,0.9024028129634619,0.27772035327366074,0.344525715838816,1.2585350333187222,0.7646224793254347,17.20788789630456,0.00015492709142230345,0.0007529190936622029,0.0017174753865100202,47,2.2817842960357666,6.581975221633911,1.0610997676849365,9.92493200302124
137,128,0.5311149006014196,2.939591770187998,1.7451789548275818,1.3333746126677148,2.330301596057994,1.7415994621754498,-10.778628001344382,-10.828833755561543,0.8982190001120318,0.9024028129634619,0.2725102783674638,0.344525715838816,1.2776973664485496,0.7675525443172189,17.20066467996544,0.00015464254207932641,0.0008454797421809335,0.0017379371519113576,49,2.5356526374816895,6.577926397323608,1.2860608100891113,10.39971113204956
138,129,0.5215437104129645,2.9670338824613283,1.8077140551554614,1.296937788775434,2.3088874847640257,1.7431175985099694,-10.679967980514828,-10.828833755561543,0.889997331709569,0.9024028129634619,0.25517244395049693,0.344525715838816,1.4004323831705108,0.760220244166272,17.042779707529135,0.00015532129092155758,0.0010032484324014243,0.002305074601064265,53,2.9437811374664307,6.642880201339722,1.0170037746429443,10.603737115859985
139,130,0.5266176865386188,2.8948518230279916,1.7726046547943053,1.3502565307323324,2.3026234578918006,1.7169320361587843,-10.809826662320994,-10.828833755561543,0.9008188885267495,0.9024028129634619,0.26018243764539833,0.344525715838816,1.175383543215304,0.7618963464475589,17.026424848577772,0.0001550537269452169,0.0009355902253060369,0.004672402647939497,46,2.511221408843994,6.536876916885376,1.1736390590667725,10.221823692321777
140,131,0.5378243628701335,2.9043784138211994,1.7687055351571939,1.3348609588450944,2.2952846644286566,1.7354944943894102,-10.766864593846465,-10.828833755561543,0.8972387161538721,0.9024028129634619,0.2709197405970237,0.344525715838816,1.3051712219348275,0.7578091051904939,17.081449016859718,0.00016274847003181297,0.0007651041372045193,0.001207450203217821,58,3.2421882152557373,6.606965780258179,1.2220714092254639,11.07130479812622
141,132,0.4884439975070875,2.9064800976646947,1.7878326768635286,1.3674969986710883,2.3338729588237626,1.6655189580625562,-10.684759714586132,-10.828833755561543,0.8903966428821777,0.9024028129634619,0.19206174018346922,0.344525715838816,1.1214977117787441,0.7535605774220275,16.90015744481072,0.00017086450835039158,0.000830607118290495,0.007246559539566763,38,2.112440347671509,6.539390325546265,1.1972277164459229,9.849125146865845
142,133,0.5789280701509677,2.8809314925284153,1.7957997876528802,1.353250849511444,2.3381828704106105,1.7240712391772475,-10.777350974375802,-10.828833755561543,0.8981125811979834,0.9024028129634619,0.28230293583291854,0.344525715838816,1.4212734005508452,0.756121620185145,16.889038890943866,0.0001703603863385711,0.0007370470881346611,0.0016429385182941745,53,2.9818243980407715,6.560153007507324,1.1092326641082764,10.65127182006836
143,134,0.6100474064459499,2.9113695141456524,1.6380339296410058,1.3218830841359226,2.140118249895801,1.7104792280107153,-10.805027740710004,-10.828833755561543,0.9004189783925004,0.9024028129634619,0.2751529926670525,0.344525715838816,1.2167752006182582,0.7572069844345822,16.889215227766584,0.00016838435795978187,0.0009233767373178086,0.0008726302732873499,89,4.882982492446899,6.646681547164917,1.267286777496338,12.797024011611938
144,135,0.529591239574301,2.913965876371356,1.6850948203474625,1.3313018608769414,2.2494482907665634,1.7210270001747228,-10.727860319175557,-10.828833755561543,0.8939883599312964,0.9024028129634619,0.25593788934806194,0.344525715838816,1.302264519995859,0.7572861191649384,16.881644803170136,0.00016812554135497865,0.0009599511211285242,0.002962232457204779,61,3.1711692810058594,6.624055862426758,1.2869813442230225,11.082291603088379
145,136,0.5277545762405659,2.904207249236238,1.7888164114891063,1.380258037970716,2.3229152025092383,1.752423254087911,-10.729925938666145,-10.828833755561543,0.8941604948888454,0.9024028129634619,0.2536507717708978,0.344525715838816,1.3328418795409647,0.7554109820765658,16.922886813479494,0.00016953762676514257,0.0008362911474809304,0.0013717850786303199,68,3.6025848388671875,6.545907258987427,1.102489709854126,11.25104808807373
146,137,0.5498029127316334,2.9095966439739414,1.7777776195021462,1.334473606339534,2.3072125689009617,1.699319694686313,-10.801548718461783,-10.828833755561543,0.9001290598718152,0.9024028129634619,0.250690872165679,0.344525715838816,1.1509970448550888,0.7572089146433677,16.922608255264432,0.00016820554136409547,0.0008918811772269397,0.001126817377212941,67,3.665677785873413,6.594183683395386,1.332014799118042,11.591943979263306
147,138,0.6539500579177518,2.902063970945143,1.787410630479525,1.3453321600020056,2.2870281382588145,1.718654014924697,-10.67687552050113,-10.828833755561543,0.8897396267084274,0.9024028129634619,0.25451476044667204,0.344525715838816,1.6272739794767404,0.7573614521857078,16.955496532888525,0.00016994937079179833,0.000872959739363818,0.0023534484668771274,51,2.771390438079834,6.516143560409546,1.1995151042938232,10.487117290496826
148,139,0.5378757466002586,2.8842587543116514,1.8121352046015298,1.330736224009137,2.294926040199207,1.7059480706054866,-10.78442087141957,-10.828833755561543,0.8987017392849642,0.9024028129634619,0.2565694548406556,0.344525715838816,1.2558649052764537,0.7597016682967958,16.94918733369487,0.00016932594056570319,0.0009024411496376835,0.001317903513210422,66,3.732250928878784,6.552968740463257,1.284463882446289,11.5697500705719
149,140,0.5327830357009792,2.8901578885520087,1.7616554523132006,1.318511852738342,2.327765740568334,1.7108797714786161,-10.735281537287454,-10.828833755561543,0.8946067947739546,0.9024028129634619,0.26528566462106407,0.344525715838816,1.3552253752532408,0.7546436302133536,17.0081782095484,0.00017557449458275248,0.000926813091402279,0.001264424559426267,79,4.418592214584351,6.593605995178223,1.1369757652282715,12.14925479888916
150,141,0.5897764665520502,2.787410944429199,2.0262488886034373,1.3123792712383195,2.4248386628884213,1.7221827728671828,-10.16826230438225,-10.828833755561543,0.8473551920318542,0.9024028129634619,0.24423503061974317,0.344525715838816,2.9488453067262697,0.7506225733014272,16.747790609056025,0.0001756519896575963,0.0005825643220821668,0.004261438018325109,37,2.1301398277282715,6.430380582809448,1.0435006618499756,9.604085206985474
151,142,0.5340763574167681,2.9208701573074043,1.78865526824053,1.3432368265079677,2.299398013576368,1.7103105038313204,-10.8051312177886,-10.828833755561543,0.9004276014823834,0.9024028129634619,0.25492693934368493,0.344525715838816,1.1189361768116015,0.7521900066002501,16.74523380182095,0.00017432371329361988,0.0009270888085243955,0.0007477184479605165,84,4.623412370681763,6.483021974563599,1.2540192604064941,12.36052656173706
152,143,0.54369701182735,2.9170054043103484,1.7941245639629608,1.3408732832294221,2.3114213115786386,1.7142158732528683,-10.79567280561623,-10.828833755561543,0.8996394004680192,0.9024028129634619,0.2690818209730745,0.344525715838816,1.2396733372480497,0.7533919429449318,16.740294312368274,0.00017414152229276776,0.0009131348846264914,0.0006479379584802109,80,3.5553090572357178,6.611618757247925,1.2717864513397217,11.438774824142456
153,144,0.6045887873624249,2.9431538057204136,1.7416013301509494,1.331454889746356,2.4666448263922405,1.8373278992792266,-10.306478503176173,-10.828833755561543,0.8588732085980144,0.9024028129634619,0.2660580605796141,0.344525715838816,2.4502510174136063,0.750156479421892,16.612422383618647,0.00017400778121205281,0.0009265672868097297,0.00393039791266908,42,2.258155345916748,6.526376962661743,1.195939540863037,9.98053789138794
154,145,0.5269916494998179,2.9225339399287673,1.7764693239728262,1.3443212807764184,2.2849852213129997,1.710832770348115,-10.756406018634772,-10.828833755561543,0.8963671682195643,0.9024028129634619,0.24666408342992396,0.344525715838816,1.2175695193372462,0.7511851211295589,16.602482873194816,0.00019083073325871106,0.0006886211069342274,0.0007324241925820746,60,3.187408685684204,6.568666219711304,1.191023349761963,10.94717264175415
155,146,0.5562097465851262,2.907473447922532,1.8068846840968165,1.3366924618102625,2.318092418648076,1.7222302143860766,-10.796990784151124,-10.828833755561543,0.8997492320125936,0.9024028129634619,0.262115346753364,0.344525715838816,1.2081580599206347,0.7521113311565703,16.59783701913495,0.00018901630969301417,0.0006213372635651031,0.0006524232754553202,76,3.964585542678833,6.587805509567261,1.5188734531402588,12.071327209472656
156,147,0.5579343164557047,2.92038669137298,1.7827525423942736,1.3320377090705875,2.3117906167771896,1.723392042761767,-10.822903282188047,-10.828833755561543,0.901908606849004,0.9024028129634619,0.2736416083281632,0.344525715838816,1.1762122515166027,0.7520659686103491,16.62479898993726,0.0001901438885134324,0.0009233955851292218,0.0006937087080505253,78,4.218570232391357,6.490841865539551,1.4543776512145996,12.163854837417603
157,148,0.5609117249826159,2.921572796718027,1.780749469696202,1.330731249213416,2.3113031861624145,1.7249638958652114,-10.786725684515634,-10.828833755561543,0.8988938070429695,0.9024028129634619,0.2620097825430628,0.344525715838816,1.2456224543439731,0.7538978740728169,16.605840231190523,0.00019503177435221413,0.0009651008580789311,0.0006505924971600015,79,4.39273476600647,6.6459715366363525,1.554168939590454,12.592941045761108
158,149,0.6156002574502559,2.908155979105791,1.6384855161059833,1.3138647988846335,2.1256206492217973,1.7099062394227467,-10.810188305634515,-10.828833755561543,0.9008490254695429,0.9024028129634619,0.2770149836442393,0.344525715838816,1.2191087094464166,0.7541274806549397,16.605756355079,0.00019201399711836213,0.000970246288960647,0.0006427380741229549,73,3.7094311714172363,6.512208700180054,1.2373836040496826,11.45907998085022
159,150,0.5463055077135546,2.917085947983837,1.7908361401037614,1.3375087487670825,2.31912534353481,1.7199203432678891,-10.808630809086011,-10.828833755561543,0.9007192340905009,0.9024028129634619,0.2704373881573174,0.344525715838816,1.1992516877696602,0.7539043942058921,16.605476169394308,0.00018882738670442299,0.0007803336703917936,0.0006170034330041861,85,4.583027601242065,6.401790618896484,1.2270960807800293,12.211995840072632
160,151,0.5466434542771317,2.916955939612859,1.7906147819194553,1.3372849173763,2.3184381840599095,1.7198041827651598,-10.80724601023856,-10.828833755561543,0.9006038341865467,0.9024028129634619,0.26909582614972605,0.344525715838816,1.2013448692399606,0.7536734942783504,16.604566064520558,0.00018554205600578258,0.0008395349988198211,0.0006420274956135216,78,3.8622117042541504,6.641305208206177,1.283202886581421,11.78678584098816
161,152,0.547381537709585,2.916566980331112,1.7904301991305178,1.3369748870471552,2.317296068428421,1.7195657143308039,-10.789456948945679,-10.828833755561543,0.8991214124121399,0.9024028129634619,0.25888095237773723,0.344525715838816,1.1904535266691312,0.7545987807618345,16.60330985706231,0.00018728120910887434,0.0006657922394193148,0.0006399978291833024,88,4.642037868499756,6.5783703327178955,1.287170171737671,12.507644176483154
162,153,0.5609214688289392,2.907182795303996,1.7948710678361939,1.3353267519174354,2.303275795605891,1.7168387791852537,-10.78687602544954,-10.828833755561543,0.8989063354541283,0.9024028129634619,0.2622528747838323,0.344525715838816,1.2251702817096373,0.7540303214986309,16.588298501826788,0.00018624391849504854,0.0009544941489231453,0.0008690185737604088,83,4.5129313468933105,6.588738679885864,1.344850778579712,12.446585893630981
163,154,0.5524055543397238,2.9134345462121436,1.8129913817199883,1.3465217739333695,2.3332546304019974,1.7065458561998346,-10.812962090300736,-10.828833755561543,0.901080174191728,0.9024028129634619,0.26194253984438476,0.344525715838816,1.1689047889512096,0.7523534068441021,16.582239435834627,0.00018442981440038942,0.0006575702994563612,0.000729090108175361,76,4.0449159145355225,6.452866792678833,1.6156578063964844,12.113503694534302
164,155,0.5516481162269131,2.913936774916603,1.8113017324778813,1.3461326679724006,2.3330739848173567,1.7075463741309995,-10.804074890294725,-10.828833755561543,0.9003395741912271,0.9024028129634619,0.25261762413084593,0.344525715838816,1.1279082324063978,0.7525175886682881,16.581196369032934,0.0001817315742779142,0.0007907823566490733,0.0009003429938005475,70,3.939105987548828,6.52010178565979,1.4379215240478516,11.897202491760254
165,156,0.5441877922937246,2.9120247520657827,1.8096150251433958,1.3435172016810295,2.3309384022859967,1.7140113690269523,-10.791760406780087,-10.828833755561543,0.8993133672316739,0.9024028129634619,0.2608219731023078,0.344525715838816,1.2191472670458552,0.7535355682517018,16.58366524910417,0.00018186891399391792,0.0007010857117882082,0.000759274306951708,79,4.441526651382446,6.578800916671753,1.3462138175964355,12.36660361289978
166,157,0.5658503078281014,2.9065345389581467,1.8245720410255015,1.3547079841702683,2.323435751790973,1.691350104054402,-10.812554762634125,-10.828833755561543,0.9010462302195105,0.9024028129634619,0.25150352222824907,0.344525715838816,1.1324629440297826,0.7521704177921507,16.580959825904348,0.0001800689150269097,0.0009351710309755524,0.0012063349567924414,65,3.5567684173583984,6.414618253707886,1.4277458190917969,11.399196147918701
167,158,0.5657301237316712,2.9120202900774563,1.8126974420143849,1.3510795990230053,2.3246507893041506,1.6936496639891625,-10.786022106706039,-10.828833755561543,0.8988351755588365,0.9024028129634619,0.2342587821161157,0.344525715838816,1.1367216720495605,0.7542461409028774,16.57744930612854,0.00018352840263339697,0.0009245780855388132,0.0008159675251618939,62,3.531038522720337,6.630593776702881,1.43635892868042,11.59805679321289
168,159,0.5560470900955194,2.894791833204067,1.844671969046981,1.357946050605467,2.3215050271043682,1.7039879459118163,-10.787601320547088,-10.828833755561543,0.8989667767122573,0.9024028129634619,0.23331969673351588,0.344525715838816,1.1612795320792344,0.7561959682619007,16.57866418055611,0.00018282592867118226,0.0009082077019749137,0.0008633672032151506,59,3.2583699226379395,6.524208307266235,1.4384045600891113,11.221041917800903
169,160,0.5774079405687459,2.873194280543185,1.8538071022188751,1.3841716231320085,2.2757400577007134,1.6433215762294786,-10.663769511241794,-10.828833755561543,0.8886474592701495,0.9024028129634619,0.184364177962464,0.344525715838816,1.2459234252573452,0.7579688841567762,16.562324754170554,0.0001825860448252888,0.0009164753814263828,0.0021466284893623803,54,3.1002070903778076,6.499044179916382,1.510572910308838,11.109889268875122
170,161,0.4641250666380348,2.873540264934638,1.958758810453465,1.3812276146533613,2.1810633292955353,1.7975970446182754,-10.75785310639982,-10.828833755561543,0.8964877588666517,0.9024028129634619,0.2930169201469974,0.344525715838816,1.5412864318077197,0.7586583385914167,16.860329450692156,0.00018474542335350342,0.0007200984325365394,0.004467060501567939,49,2.761941909790039,6.607154607772827,1.4070653915405273,10.776238918304443
171,162,0.4162357070744154,2.869973753485908,2.067740357399572,1.4200986742065507,2.1231786495726217,1.8183295089396965,-10.711523138850122,-10.828833755561543,0.8926269282375102,0.9024028129634619,0.26066010672852047,0.344525715838816,1.5117122472006912,0.7624185608606495,16.92873274935927,0.00018479246819292546,0.0007706586836264622,0.004450917014205339,33,1.9164643287658691,6.587776184082031,1.3968572616577148,9.901163578033447
172,163,0.49991355387082637,2.8619493167373404,2.0008803014827627,1.3913783607609926,2.1181965553400786,1.876274755448727,-10.450549348840362,-10.828833755561543,0.8708791124033635,0.9024028129634619,0.29608084857957256,0.344525715838816,2.3242545716887264,0.7623990434522767,17.208782855518105,0.00018486619494873023,0.0009333728367156588,0.005020800474597712,45,2.523505687713623,6.518579721450806,1.5382709503173828,10.580402851104736
173,164,0.3594681180968593,2.883943894336525,2.0369556107911477,1.410406815524569,2.181131388422636,1.7294990979804898,-10.677294689684498,-10.828833755561543,0.8897745574737081,0.9024028129634619,0.18011179773635722,0.344525715838816,1.1120245571437408,0.7561490115131908,16.983892277346662,0.0001845044335641166,0.0007781821130918648,0.008182409196084007,40,2.3000741004943848,6.588434934616089,1.6979148387908936,10.586481809616089
174,165,0.4665184533626483,2.8939552073982795,1.9863487118567567,1.4167801966823657,2.2048675683601204,1.747547300632243,-10.736337593384937,-10.828833755561543,0.8946947994487447,0.9024028129634619,0.21033090943270139,0.344525715838816,1.1560923558337208,0.7583416617897198,16.97828671201307,0.00018439238489897147,0.0009704440003616018,0.002298124973555283,50,2.809917449951172,6.566190242767334,1.5287840366363525,10.904948234558105
175,166,0.4365032444993875,2.8498680069424553,1.9703470660434448,1.3573618156537057,2.15162702378699,1.7407219215270213,-10.802679133136696,-10.828833755561543,0.9002232610947246,0.9024028129634619,0.2738054396392268,0.344525715838816,1.3827909359367823,0.7583611095147479,16.91185333530607,0.0001840826935050042,0.0008205340069542713,0.0027656130795073544,52,2.9494824409484863,6.446319580078125,1.719522476196289,11.115391731262207
176,167,0.42234337841272024,2.823064249772962,1.9753971300681283,1.3912207363318798,2.152300229857095,1.7497954413041992,-10.759288321006142,-10.828833755561543,0.8966073600838452,0.9024028129634619,0.2414923091103478,0.344525715838816,1.3615380298497683,0.7611564870967428,16.923306105276875,0.00018431081845526895,0.0007266743319151928,0.003097819234175642,57,3.1667017936706543,6.621366739273071,1.5316314697265625,11.319761276245117
177,168,0.44291219405491106,2.8683524572333994,1.962646886721454,1.3369353689472678,2.190300433690647,1.7494755277652094,-10.789608058846666,-10.828833755561543,0.8991340049038888,0.9024028129634619,0.27955228389406017,0.344525715838816,1.4047952538680448,0.7632819367018957,16.920214031745683,0.0001839206236558366,0.0008287297370337598,0.003452157957686969,68,3.8100335597991943,6.563483476638794,1.3482413291931152,11.721804141998291
178,169,0.4290751997943748,2.88446325315374,1.9702664037469277,1.358882985070542,2.1246194585826195,1.742824921038451,-10.814004851500531,-10.828833755561543,0.9011670709583776,0.9024028129634619,0.25247752780270577,0.344525715838816,1.1736326894839237,0.7647294463176559,16.90367176822058,0.00018343199046978885,0.0009961683883381702,0.004119198523860256,52,2.939230442047119,6.536876440048218,1.7239196300506592,11.200085878372192
179,170,0.4262601581688322,2.874357603268311,2.014621772250426,1.355356867062952,2.1063358856736465,1.7359189584043633,-10.83067337858368,-10.83067337858368,0.9025561148819734,0.9025561148819734,0.2552974542698277,0.344525715838816,1.2320224308363237,0.7667815715233999,16.940346079284016,0.00018309459673172945,0.0009583672616600101,0.0023019920228699,51,2.933081865310669,6.492273569107056,1.7025208473205566,11.12792181968689
180,171,0.4250646985860638,2.873445093838643,2.0223763976531837,1.3543735363977325,2.100556868054952,1.7336320743234934,-10.796981544208563,-10.83067337858368,0.8997484620173802,0.9025561148819734,0.25148756742458045,0.344525715838816,1.2815939236634506,0.7657644092709079,16.848089260407193,0.00018663935393953824,0.0008846616772472023,0.002496943991788798,48,2.7645435333251953,6.5168585777282715,2.0144193172454834,11.295879364013672
181,172,0.42875050175080187,2.8790931700916738,2.001109367097944,1.357376319740066,2.129473904110871,1.748623864862957,-10.82034581362095,-10.83067337858368,0.9016954844684125,0.9025561148819734,0.26501952322561173,0.344525715838816,1.2468744210778624,0.7672122167083114,16.849357096498228,0.00018540967390365395,0.0009134182266330944,0.001315352924104386,54,3.128089189529419,6.558209180831909,1.5065078735351562,11.192870140075684
182,173,0.4385826777727789,2.8786261892809355,1.996898552140523,1.3613858826563257,2.126790616574383,1.7387806576939404,-10.819946562492703,-10.83067337858368,0.9016622135410586,0.9025561148819734,0.25566970098507924,0.344525715838816,1.2297831319139476,0.768115110259869,16.84835829068069,0.0001836927456107175,0.0005416290554431993,0.000984258545332658,59,3.378894805908203,6.54138970375061,1.6461389064788818,11.566481113433838
183,174,0.42170374527134896,2.8766613823233804,1.997855316679939,1.3558491716538539,2.1222020530504793,1.74935439102122,-10.780967857359865,-10.83067337858368,0.8984139881133221,0.9025561148819734,0.24971431039822983,0.344525715838816,1.2752282221402567,0.7692452161526429,16.91052286357222,0.00019275109704719863,0.0009259006198942013,0.0011736111651642228,55,3.158871650695801,6.483922243118286,1.7337050437927246,11.376560926437378
184,175,0.4553068450980368,2.878802432651189,1.992339950685586,1.3637343071903738,2.123434979402645,1.720279360533098,-10.813655973449084,-10.83067337858368,0.9011379977874237,0.9025561148819734,0.24054121488520827,0.344525715838816,1.1590630116859302,0.7709613546188304,16.905630218138217,0.00019251248058253778,0.0009445170756318166,0.0022500873026205896,55,3.125460624694824,6.535217761993408,1.6291329860687256,11.289870500564575
185,176,0.4435709971029014,2.87785405388585,2.0137173609199768,1.3742598214661086,2.118232264915029,1.727965906650827,-10.82926848412841,-10.83067337858368,0.9024390403440341,0.9025561148819734,0.24664488044806815,0.344525715838816,1.1275814255887866,0.7706814603745019,16.888867014040052,0.00019073959111853844,0.0007954985574245893,0.0016949848230606722,58,3.3142447471618652,6.633866310119629,1.7144417762756348,11.662597894668579
186,177,0.44339310094178924,2.8780323423677663,2.0172511204948878,1.3774437099231178,2.1161310245103375,1.7272340566062756,-10.815537406163255,-10.83067337858368,0.901294783846938,0.9025561148819734,0.23251735933443127,0.344525715838816,1.1093607345352723,0.7715264602802199,16.89353432863111,0.00018942610608575652,0.0008073260661490353,0.001325259761259983,54,3.0293996334075928,6.583163261413574,1.7694592475891113,11.382097482681274
187,178,0.44660902560593874,2.876967974765246,2.010166215569303,1.3656307250491846,2.1275310826086,1.7293036462128344,-10.79256931146439,-10.83067337858368,0.8993807759553659,0.9025561148819734,0.24149780795945455,0.344525715838816,1.1999260245606393,0.7723317620040151,16.89604888287757,0.00019471797449855212,0.0009890102943928521,0.0012107136001372686,58,3.304795742034912,6.517332553863525,1.6694221496582031,11.49159574508667
188,179,0.43431482696671164,2.8807638543672582,2.0010462780662444,1.3844410568588772,2.0919467624546937,1.7239199286709979,-10.81392679488938,-10.83067337858368,0.9011605662407817,0.9025561148819734,0.22156374485611408,0.344525715838816,1.0575470319685678,0.7738736442762806,16.892644860924637,0.00019386542164055625,0.0009885754543924878,0.0019536147004339047,58,3.283543825149536,6.507643461227417,1.8697428703308105,11.660975217819214
189,180,0.42153793325990535,2.8742152617211025,2.062461566078674,1.3950085316106886,2.0631679228717013,1.716109299261924,-10.789519161721325,-10.83067337858368,0.8991265968101104,0.9025561148819734,0.20912851576499514,0.344525715838816,1.0703043126128478,0.7756468934814752,16.87174394639781,0.00019340948505491438,0.000860833434565328,0.002151356880309182,45,2.584031820297241,6.6693127155303955,1.9890084266662598,11.242412328720093
190,181,0.3602402769374857,2.8524787893194845,2.190503894499359,1.4043080819507974,1.9998474778409565,1.7134298202727518,-10.729940643227943,-10.83067337858368,0.8941617202689952,0.9025561148819734,0.17944651845395473,0.344525715838816,1.0317436463360963,0.7803901168891186,17.019969732570498,0.0001934893711969634,0.00097623322707738,0.004606630016880657,40,2.316106081008911,6.574605226516724,1.9103665351867676,10.801138401031494
191,182,0.4561443863010983,2.8813504398296197,1.9478651893925814,1.3621818345644068,2.1390536316014783,1.730238482101983,-10.827837596003468,-10.83067337858368,0.9023197996669556,0.9025561148819734,0.2589429718284518,0.344525715838816,1.1910173806885922,0.7814842050186529,17.03294152219132,0.00019239322262831242,0.0007749752189504828,0.0015301225784735855,75,4.257771253585815,6.5408806800842285,2.217470407485962,13.016205072402954
192,183,0.45705415830004653,2.881535445532508,1.9456250633352659,1.3617508060796035,2.139915219077449,1.7300494514793794,-10.821444588852568,-10.83067337858368,0.9017870490710473,0.9025561148819734,0.2490139007308792,0.344525715838816,1.1691511147124913,0.7816488378134202,17.03280746797577,0.0001901185886286494,0.0009328836140238064,0.0013642426415135555,58,3.241560935974121,6.644984722137451,1.716567039489746,11.603175163269043
193,184,0.45402942550424574,2.881021616727946,1.9535912219152178,1.3640875860580355,2.1354329774248395,1.7302106196989575,-10.825354979213662,-10.83067337858368,0.9021129149344719,0.9025561148819734,0.24420987042434847,0.344525715838816,1.1642390143218222,0.7815640090078342,17.032902848098082,0.00018763332816236716,0.0007455018887863402,0.001419232878905044,60,3.389873504638672,6.557084083557129,2.0220587253570557,11.969076156616211
194,185,0.4540263398990717,2.8810013837360686,1.953623763314762,1.3641476845226785,2.1354792807697067,1.7303188978452522,-10.833114774887106,-10.833114774887106,0.9027595645739255,0.9027595645739255,0.2518955212277032,0.344525715838816,1.1674157957258444,0.7812877702704653,17.03365201089104,0.00018581700277673418,0.0009997417497342113,0.001499739126699651,59,3.3450398445129395,6.5336034297943115,2.2950620651245117,12.173765182495117
195,186,0.45414550933037373,2.8810142386242927,1.9542626204462539,1.365726638062679,2.132926372732349,1.7296411990537839,-10.842759764365038,-10.842759764365038,0.9035633136970865,0.9035633136970865,0.24973195905330595,0.344525715838816,1.1164370461920328,0.7809314331925707,17.035623011782754,0.00018596603936690777,0.0006604738934399222,0.000918491168033603,65,3.7453339099884033,6.642122030258179,2.027691602706909,12.415205717086792
196,187,0.3181667658544962,2.8039585463892496,2.3766143629965315,1.464967514018452,1.9191723355019539,1.6779956006555328,-10.459605308611097,-10.842759764365038,0.8716337757175915,0.9035633136970865,0.11006865736042389,0.344525715838816,1.0588700704520164,0.7805437553182043,16.865187530170004,0.000186079940333615,0.0008087304082317648,0.007412266165253588,31,1.830437421798706,6.62965989112854,2.280435562133789,10.74060583114624
197,188,0.38980693921444043,2.9431740215560964,2.123784794056506,1.3791806103192583,2.0399191486572135,1.7357233774327838,-10.716436809103211,-10.842759764365038,0.8930364007586009,0.9035633136970865,0.20095112180881863,0.344525715838816,1.1772270210795455,0.7823389837615577,16.82327351990119,0.0001860868517092796,0.0007845191110409051,0.003200953853724619,52,3.0014593601226807,6.5307042598724365,2.261021852493286,11.793253898620605
198,189,0.4585987357688597,2.8771392008424006,1.947798939433239,1.3656230713076243,2.1134036854470803,1.7214719035044133,-10.817845559195408,-10.842759764365038,0.9014871299329507,0.9035633136970865,0.2426433677175609,0.344525715838816,1.1410848871312993,0.7833264611637337,16.820825616911254,0.00018496955329936802,0.000751146069320516,0.0011378631050667845,57,3.250006675720215,6.5413618087768555,1.9820473194122314,11.77347445487976
199,190,0.3321454481901378,2.8582968901008576,2.0769462339271607,1.4263105053908374,1.9823484167142749,1.7327944402524382,-10.705853010269351,-10.842759764365038,0.892154417522446,0.9035633136970865,0.17540078266315812,0.344525715838816,0.9954421489088077,0.785292266496533,16.79198879564982,0.0001849344051467522,0.0008399497079611566,0.0028244679952429876,47,2.7152621746063232,6.613807201385498,2.06630277633667,11.395437955856323
200,191,0.42269599828014215,2.8443914575803015,2.0966641706060614,1.343337002000435,1.9630381239286796,1.6481920019434473,-10.493848567353467,-10.842759764365038,0.874487380612789,0.9035633136970865,0.16293432709291777,0.344525715838816,1.6266139447075147,0.7827448894353951,16.82799800478425,0.00018396360990373682,0.0008259898755610029,0.0035222500877093014,47,2.5836024284362793,6.481393337249756,2.0307884216308594,11.095845699310303
201,192,0.3514086018074693,2.872284710485021,2.176922925850089,1.4766626329750314,2.056167039218811,1.7467467449601743,-10.51269634867096,-10.842759764365038,0.8760580290559133,0.9035633136970865,0.14334201885778752,0.344525715838816,1.2441946335225254,0.7707172219700797,16.950489447548215,0.00018439923804218679,0.0008277906047114093,0.002364214526479334,53,3.05482816696167,6.554766893386841,2.116410732269287,11.726077556610107
202,193,0.3125060784895948,2.8438523987620776,2.1920736561789367,1.3331148208273929,1.997242931904496,1.772440872226437,-10.794659774394454,-10.842759764365038,0.8995549811995378,0.9035633136970865,0.2612646472264376,0.344525715838816,1.3992537680105812,0.772989841774873,16.94830349999711,0.00018438398727543395,0.0007450821330345748,0.003006108713499839,47,2.710225820541382,6.687005043029785,2.1076724529266357,11.504964590072632
203,194,0.24807085012497604,2.832002175579148,2.290390717092946,1.3075731486401132,1.9266084560645393,1.7812918317308715,-10.726376758357349,-10.842759764365038,0.8938647298631124,0.9035633136970865,0.27212489249623034,0.344525715838816,1.7007976923538735,0.7747376095206431,16.908421650835916,0.00018443873003938993,0.0007444400258446212,0.0034552202827476883,38,2.209740400314331,6.59461784362793,2.0497829914093018,10.854202270507812
204,195,0.37088962768050887,2.8623320205307867,2.0944516101266957,1.3606761881950165,2.059500121641312,1.763373750224445,-10.76389508182014,-10.842759764365038,0.896991256818345,0.9035633136970865,0.24578152885110907,0.344525715838816,1.3688127358076656,0.7738894523139409,16.852491581490508,0.00018430135012995614,0.0008327317860828656,0.0015533263057664224,78,4.376657009124756,6.543755054473877,2.2963461875915527,13.216819047927856
205,196,0.33152519013820947,2.856811328746763,2.2159392538665754,1.350983175607025,1.9413543952353545,1.787877619954874,-10.779464675018394,-10.842759764365038,0.8982887229181995,0.9035633136970865,0.2652734549019649,0.344525715838816,1.4479622464725708,0.7753616281887235,16.806168353356142,0.00018426889926788083,0.000827913539044853,0.0023113008867549066,53,3.0204832553863525,7.02673864364624,2.111738920211792,12.159024238586426
206,197,0.27922514510044183,2.881583055245766,2.201525269894634,1.3452525862243763,1.9568842767880428,1.751537583644169,-10.774955165477072,-10.842759764365038,0.8979129304564227,0.9035633136970865,0.23000861608107673,0.344525715838816,1.2227669978051097,0.7772837149689314,16.784666538369443,0.00018423479588667205,0.0009953230127743506,0.0019550654660326536,60,3.4358322620391846,6.637571573257446,2.3158321380615234,12.38931393623352
207,198,0.33039454234596505,2.8753973478121906,2.26283316742138,1.3133659507389368,1.9930430364776963,1.7635107921327076,-10.77103675330848,-10.842759764365038,0.8975863961090399,0.9035633136970865,0.25110424619954025,0.344525715838816,1.4390128151904236,0.779400368045552,16.7757470144658,0.0001842378856126467,0.0009952834672207367,0.001927601737330705,54,3.0941855907440186,6.444863319396973,2.2651610374450684,11.804271936416626
208,199,0.2417227931899155,2.835873242098871,2.506907536822267,1.2575320309297078,1.8320462824244133,1.8178350396171363,-10.420536739980463,-10.842759764365038,0.8683780616650386,0.9035633136970865,0.20395744150976478,0.344525715838816,2.4409845021108083,0.7794091102491911,16.6411165452961,0.000184330588447084,0.0005976218360051566,0.004666342483861885,37,2.144714593887329,6.607292175292969,2.488236665725708,11.240301370620728
209,200,0.27803855476242795,2.881075196844926,2.23213107253963,1.3342255450489606,1.9907304726955348,1.8253721947403034,-10.757658730367792,-10.842759764365038,0.8964715608639827,0.9035633136970865,0.2799836436017975,0.344525715838816,1.5366371370317466,0.7815735404507836,16.63610218996599,0.00018440245542564488,0.0006631861917523309,0.001738658343126228,59,3.4198122024536133,6.586309432983398,2.362696647644043,12.368876218795776
210,186,0.45414550933037373,2.8810142386242927,1.9542626204462539,1.365726638062679,2.132926372732349,1.7296411990537839,-10.842759764365038,-10.842759764365038,0.9035633136970865,0.9035633136970865,0.24973195905330595,0.344525715838816,1.1164370461920328,0.7809314331925707,17.035623011782754,0.00018596603936690777,0.0006604738934399222,0.000918491168033603,65,3.7453339099884033,6.642122030258179,2.027691602706909,12.415205717086792
