,iter ,BETA_0,GAMMA_0,energy,best_energy,approx_ratio,best_approx_ratio,fidelity,best_fidelity,variance,corr_length,const_kernel,noise_kernel,std_energies,average_distances,nit,time_opt_bayes,time_qaoa,time_opt_kernel,time_step
0,0,0.5960555804717012,2.672079899619066,-9.404978872093887,-9.404978872093887,0.7837482393411572,0.7837482393411572,0.05586761489173002,0.05586761489173002,2.995624252913302,8.03021128726206,50.76221535858275,1.9524475171911617,0.0,0.0,0,0.0,0.0,0.0,0.0
1,1,1.7005908083659125,3.1326084248041575,-7.504411306023151,-9.404978872093887,0.6253676088352625,0.7837482393411572,0.004071772898948301,0.05586761489173002,3.852127373722425,8.03021128726206,50.76221535858275,1.9524475171911617,0.0,0.0,0,0.0,0.0,0.0,0.0
2,2,1.5294719028211903,1.2851184447465207,-7.50869055097179,-9.404978872093887,0.6257242125809824,0.7837482393411572,0.016564188928411664,0.05586761489173002,5.936092230565542,8.03021128726206,50.76221535858275,1.9524475171911617,0.0,0.0,0,0.0,0.0,0.0,0.0
3,3,2.180062001618251,2.4746342082152166,-7.174158292347354,-9.404978872093887,0.5978465243622795,0.7837482393411572,0.019539056987662017,0.05586761489173002,5.801036454582558,8.03021128726206,50.76221535858275,1.9524475171911617,0.0,0.0,0,0.0,0.0,0.0,0.0
4,4,0.965659219684048,0.4415699216590408,-4.757527980287468,-9.404978872093887,0.39646066502395566,0.7837482393411572,0.00020773001673135295,0.05586761489173002,5.9987047488015826,8.03021128726206,50.76221535858275,1.9524475171911617,0.0,0.0,0,0.0,0.0,0.0,0.0
5,5,0.8339241805272016,0.16301274181915718,-5.825961985033728,-9.404978872093887,0.48549683208614397,0.7837482393411572,0.00019310261368873965,0.05586761489173002,4.171502286954599,8.03021128726206,50.76221535858275,1.9524475171911617,0.0,0.0,0,0.0,0.0,0.0,0.0
6,6,2.6208579761722763,1.1764215549453114,-9.746327661389277,-9.746327661389277,0.8121939717824397,0.8121939717824397,0.050167781821963575,0.05586761489173002,1.8809517367582345,8.03021128726206,50.76221535858275,1.9524475171911617,0.0,0.0,0,0.0,0.0,0.0,0.0
7,7,3.098386673247783,1.6421736916652179,-7.4106512180635224,-9.746327661389277,0.6175542681719602,0.8121939717824397,0.003496738202605652,0.05586761489173002,3.8180019033548334,8.03021128726206,50.76221535858275,1.9524475171911617,0.0,0.0,0,0.0,0.0,0.0,0.0
8,8,0.11322963731582922,2.0416575886395343,-6.654782641879557,-9.746327661389277,0.5545652201566297,0.8121939717824397,0.0013302750314387788,0.05586761489173002,4.327511331135142,8.03021128726206,50.76221535858275,1.9524475171911617,0.0,0.0,0,0.0,0.0,0.0,0.0
9,9,2.2595055405916655,0.7775297882508165,-5.984426821256935,-9.746327661389277,0.4987022351047446,0.8121939717824397,0.006868336129776548,0.05586761489173002,6.837506109564636,8.03021128726206,50.76221535858275,1.9524475171911617,0.0,0.0,0,0.0,0.0,0.0,0.0
10,1,0.9626326432479771,0.2572562785586498,-5.458491022226952,-9.746327661389277,0.454874251852246,0.8121939717824397,0.0002858127954106055,0.05586761489173002,4.463271833394423,5.756480657999493,47.565034880347625,1.670327629031975,0.00012141584983109015,0.009446159363480021,8,0.09104013442993164,1.6871061325073242,0.27109479904174805,2.0492923259735107
11,2,0.741666263059588,0.01,-7.3892510787929035,-9.746327661389277,0.615770923232742,0.8121939717824397,0.0033703293451328416,0.05586761489173002,3.799975346374019,9.197831360606633,51.03231118024696,1.823900492833578,0.0009450703803122859,0.00622367387435085,15,0.15619587898254395,1.7513315677642822,0.2640879154205322,2.171647548675537
12,3,0.7959371703089885,0.01,-7.394487745891877,-9.746327661389277,0.6162073121576565,0.8121939717824397,0.0033847425876000763,0.05586761489173002,3.789460656415713,12.202871498832756,51.69773956700103,1.796270905774499,0.0007022717586351971,0.007873626287745985,15,0.15854549407958984,1.7521557807922363,0.3164386749267578,2.2271785736083984
13,4,0.868576769029742,0.06650723208357498,-6.84600587895675,-9.746327661389277,0.5705004899130625,0.8121939717824397,0.0014499136060672387,0.05586761489173002,3.89962012899894,0.6156458908394924,40.61888316963078,9.999999999999997e-06,4.190306212982717e-05,0.006814063284035373,12,0.12717628479003906,1.794419288635254,0.3101677894592285,2.2317988872528076
14,5,0.8257640260065163,2.7014831261839616,-9.102881769541861,-9.746327661389277,0.7585734807951551,0.8121939717824397,0.05814595462127097,0.05814595462127097,3.713313854061653,0.6344670166368764,40.99337933813886,9.999999999999997e-06,0.0008200821759639009,0.006432289336712744,13,0.14025425910949707,1.721534013748169,0.2544748783111572,2.1163220405578613
15,6,2.589746640393059,1.3484577911133662,-9.49277819904356,-9.746327661389277,0.7910648499202967,0.8121939717824397,0.030657388089475015,0.05814595462127097,1.811561741248994,0.6433185055192052,41.103544137561414,9.999999999999997e-06,0.00031430298818915553,0.0022888677202895272,12,0.13006210327148438,1.7628912925720215,0.37054872512817383,2.2635421752929688
16,7,2.733910527947656,1.184916481504654,-9.61505410046412,-9.746327661389277,0.80125450837201,0.8121939717824397,0.03825208338418202,0.05814595462127097,1.7112820729780793,0.6458310069827918,39.9243568673621,9.999999999999997e-06,0.00035025264966547073,0.0016750543923894224,16,0.18851876258850098,1.9747614860534668,0.39071202278137207,2.5540404319763184
17,8,0.5238613136497393,2.814912566391212,-9.799505614603664,-9.799505614603664,0.8166254678836387,0.8166254678836387,0.04481609953090181,0.05814595462127097,1.5385811940574143,0.6756023515062735,42.016572601058414,9.999999999999997e-06,0.0006107098268079447,0.0031161365552249934,15,0.17680788040161133,1.9774017333984375,0.3220102787017822,2.476262331008911
18,9,0.43438393660845576,3.0417584296940743,-8.475473429622408,-9.799505614603664,0.706289452468534,0.8166254678836387,0.011264792010377046,0.05814595462127097,2.8607648240273136,0.5608692021787312,33.442615766398184,9.999999999999997e-06,0.0004511920440609223,0.004204151928616649,13,0.1561264991760254,2.0617425441741943,0.3402681350708008,2.5581789016723633
19,10,0.5420427261222556,2.807445139699915,-9.812000863537996,-9.812000863537996,0.8176667386281663,0.8176667386281663,0.04695486786088568,0.05814595462127097,1.598594737829842,0.5760383061004435,33.62615269020893,9.999999999999997e-06,0.0006444623711748783,0.0019490115163555111,16,0.17597699165344238,1.9293937683105469,0.3417394161224365,2.4471511840820312
20,11,2.636369006688854,1.2239641017026432,-9.792983800891895,-9.812000863537996,0.8160819834076579,0.8176667386281663,0.04553422566404139,0.05814595462127097,1.5647490209561568,0.5840829943263738,33.47724745755771,9.999999999999997e-06,0.0005967439245226735,0.0005395678102350914,14,0.15166378021240234,1.765916109085083,0.4223453998565674,2.3399651050567627
21,12,2.605795759024702,1.2260203756055705,-9.811755098034014,-9.812000863537996,0.8176462581695012,0.8176667386281663,0.04765329937427649,0.05814595462127097,1.6217825994337005,0.5942453695251108,33.97106230998985,9.999999999999997e-06,0.0008075479657815166,0.0007112038243534881,21,0.2174358367919922,1.7905280590057373,0.4424409866333008,2.4504475593566895
22,13,2.603853486579263,1.2263560111689589,-9.813689014934232,-9.813689014934232,0.8178074179111859,0.8178074179111859,0.04807020460539362,0.05814595462127097,1.6242773070443661,0.596209194577345,34.048067120316546,9.999999999999997e-06,0.0005555589467103453,0.00045486600979610474,21,0.21960687637329102,1.869633436203003,0.4214160442352295,2.510695695877075
23,14,2.5987996907582027,1.2270717706432615,-9.81449287991446,-9.81449287991446,0.8178744066595384,0.8178744066595384,0.04821599549439249,0.05814595462127097,1.6367834921550468,0.6049572063784713,34.34726161192308,9.999999999999997e-06,0.0006983549502864931,0.0006494241138433094,21,0.2181529998779297,1.8774197101593018,0.4240379333496094,2.5196523666381836
24,15,2.596138994279178,1.2273493255439625,-9.813493708113876,-9.81449287991446,0.817791142342823,0.8178744066595384,0.0483012977659165,0.05814595462127097,1.6386564284390488,0.6084238262858096,34.45746215410559,9.999999999999997e-06,0.0007936889697182501,0.0008348217268223327,21,0.23938918113708496,1.99867844581604,0.4851877689361572,2.723301410675049
25,16,2.5980071371737976,1.2275833182807245,-9.812406604237585,-9.81449287991446,0.8177005503531322,0.8178744066595384,0.04786016390806282,0.05814595462127097,1.6326962829792109,0.6093645978949229,34.48576717791917,9.999999999999997e-06,0.00037884171859689107,0.00030856748560284904,21,0.24640679359436035,1.952732801437378,0.41708874702453613,2.6162686347961426
26,17,2.598238515738319,1.2237618011871407,-9.815590290192812,-9.815590290192812,0.8179658575160677,0.8179658575160677,0.04889582573728835,0.05814595462127097,1.6519894892419984,0.615294450376446,34.67219495251023,9.999999999999997e-06,0.0009859301025138191,0.0003262896580903791,21,0.22071409225463867,1.7834343910217285,0.4606947898864746,2.464893341064453
27,18,2.597061345751588,1.2209589694419452,-9.81212968052702,-9.815590290192812,0.8176774733772517,0.8179658575160677,0.04871328778562234,0.05814595462127097,1.6624071462409944,0.6219547703918306,34.92313836863127,9.999999999999997e-06,0.0006431106934636148,0.0002758740421178719,22,0.23855137825012207,2.0874292850494385,0.4553849697113037,2.781439781188965
28,19,2.5990485190355974,1.224746913764279,-9.812141934563702,-9.815590290192812,0.8176784945469752,0.8179658575160677,0.04818926206676738,0.05814595462127097,1.6408981299714327,0.6232851887553151,34.977945602348534,9.999999999999997e-06,0.0005434918646087731,0.00013403044641661495,21,0.2500946521759033,1.94004487991333,0.5280740261077881,2.718258857727051
29,20,2.588428996952831,1.2276610843261402,-9.815510384812942,-9.815590290192812,0.8179591987344118,0.8179658575160677,0.048596788436835785,0.05814595462127097,1.658329252016813,0.6302211422669501,35.28425783401897,9.999999999999997e-06,0.0009791777535536604,0.0003758961855929052,18,0.21202754974365234,1.9627926349639893,0.4360795021057129,2.610948085784912
30,21,2.587174042982318,1.2278749343685065,-9.81592308086217,-9.81592308086217,0.8179935900718475,0.8179935900718475,0.048750927992059365,0.05814595462127097,1.6616771633010643,0.6309077889488007,35.32025311392429,9.999999999999997e-06,0.0005180956890211867,0.00038790976334934064,19,0.23050928115844727,1.8430051803588867,0.4767148494720459,2.5502777099609375
31,22,2.585551168432684,1.2281112944107124,-9.814685573058032,-9.81592308086217,0.8178904644215027,0.8179935900718475,0.04866006808374383,0.05814595462127097,1.664462048055242,0.6330239912324302,35.391726206012216,9.999999999999997e-06,0.0005063354969872363,0.0003261071186763474,20,0.24045538902282715,1.9988248348236084,0.45546913146972656,2.6947898864746094
32,23,2.587566842028726,1.2279167860357065,-9.817205620228869,-9.817205620228869,0.8181004683524057,0.8181004683524057,0.04897089852932389,0.05814595462127097,1.6619324688331005,0.6326218799084123,35.37948316501311,9.999999999999997e-06,0.0008947648062827867,0.00034395815722880566,20,0.20741844177246094,1.7908351421356201,0.45727086067199707,2.4556498527526855
33,24,2.580555507039173,1.2288087917897434,-9.815417524311714,-9.817205620228869,0.8179514603593095,0.8181004683524057,0.04907106324307515,0.05814595462127097,1.6797654614622672,0.6398013978855923,35.66350240762168,9.999999999999997e-06,0.0003114042336883097,0.00037376804149640697,18,0.21106624603271484,1.7755370140075684,0.3684544563293457,2.3551135063171387
34,25,2.585743524472997,1.2305991662374598,-9.81678806458047,-9.817205620228869,0.8180656720483724,0.8181004683524057,0.048493832094609085,0.05814595462127097,1.6550017741185172,0.6424956610586606,35.776125999255406,9.999999999999997e-06,0.0006164422453855405,0.0002971283514660279,22,0.23473262786865234,1.7817976474761963,0.4343392848968506,2.450925827026367
35,26,2.5855474603241904,1.2316831899239646,-9.817141156072699,-9.817205620228869,0.8180950963393916,0.8181004683524057,0.04845743659821817,0.05814595462127097,1.6520861193347258,0.644389879390812,35.85907993188206,9.999999999999997e-06,0.0006424974778686206,0.00024931126747535366,21,0.24615955352783203,2.0610337257385254,0.50469970703125,2.81195068359375
36,27,2.5853790028357313,1.2325181745154299,-9.816787428279046,-9.817205620228869,0.8180656190232538,0.8181004683524057,0.04845886674642731,0.05814595462127097,1.6534548229006134,0.6459486199937919,35.922796136158816,9.999999999999997e-06,0.00015647677600456468,9.446395333969148e-05,21,0.24991798400878906,1.9481852054595947,0.39127111434936523,2.5894298553466797
37,28,2.5853505560123797,1.2326324607644634,-9.816390922508822,-9.817205620228869,0.8180325768757352,0.8181004683524057,0.048464663257868336,0.05814595462127097,1.653055370007948,0.6469183348990105,35.9604314801643,9.999999999999997e-06,0.0008955689801216375,0.0003834303710228005,18,0.21700239181518555,1.869375228881836,0.4116957187652588,2.498117685317993
38,29,2.585320447854619,1.232410151443467,-9.816481585223675,-9.817205620228869,0.8180401321019729,0.8181004683524057,0.048452748195254094,0.05814595462127097,1.6559305496592742,0.6473499054199545,35.9774581048133,9.999999999999997e-06,0.00047030286395331473,0.00023068931199041952,19,0.23143649101257324,1.8193438053131104,0.45271754264831543,2.5035557746887207
39,30,2.5854481800747875,1.2322653854245094,-9.815154639201557,-9.817205620228869,0.8179295532667964,0.8181004683524057,0.0482808297175774,0.05814595462127097,1.64891033369463,0.6479505107563808,35.997970473576146,9.999999999999997e-06,0.00028305910274750826,0.00020478049867016403,19,0.23264169692993164,1.974320411682129,0.4950435161590576,2.702066659927368
40,31,2.5855882531438446,1.2314933826424252,-9.816277174142447,-9.817205620228869,0.818023097845204,0.8181004683524057,0.04839165511294208,0.05814595462127097,1.6485798470963573,0.6480925354375724,36.00361147152468,9.999999999999997e-06,0.0007274708470890649,0.0002912032496769751,20,0.24293923377990723,2.0212321281433105,0.4434497356414795,2.7076778411865234
41,32,2.585590060318344,1.2314645473623245,-9.816435710788326,-9.817205620228869,0.8180363092323605,0.8181004683524057,0.04864840780264717,0.05814595462127097,1.6530242568521345,0.6481804620898683,36.007168351728495,9.999999999999997e-06,0.0007149717639575303,0.0002897879309255657,20,0.23471617698669434,1.965174913406372,0.4012606143951416,2.601200580596924
42,33,2.585588398483827,1.231473037968908,-9.81377871627118,-9.817205620228869,0.8178148930225984,0.8181004683524057,0.048197031406856286,0.05814595462127097,1.6543083554514197,0.648617882744274,36.023479980411786,9.999999999999997e-06,0.0003504035202922075,0.00018665494124906206,21,0.22751259803771973,1.7780935764312744,0.46390366554260254,2.469571352005005
43,34,2.5856392934698142,1.2308774910791103,-9.816985176743989,-9.817205620228869,0.818082098061999,0.8181004683524057,0.04873714947329154,0.05814595462127097,1.6567298000822603,0.6486538061218458,36.02418395421814,9.999999999999997e-06,0.00037132083904633297,0.0001720123486469988,19,0.2270057201385498,1.7688336372375488,0.44370102882385254,2.439589262008667
44,35,2.5856377778014066,1.230888343154395,-9.81643191270836,-9.817205620228869,0.8180359927256967,0.8181004683524057,0.04852825897606751,0.05814595462127097,1.6520102746516017,0.6487344280015059,36.02746696743404,9.999999999999997e-06,0.00040163524991761315,0.00017765575886740458,19,0.2113327980041504,1.8827335834503174,0.37961888313293457,2.4737420082092285
45,36,2.58563100492862,1.2308931322054821,-9.816951504348179,-9.817205620228869,0.8180792920290149,0.8181004683524057,0.04841558724179887,0.05814595462127097,1.6550050538193943,0.6487416388648078,36.02734824200607,9.999999999999997e-06,0.00040371983381681196,0.00017761987752893863,19,0.2105557918548584,1.772254467010498,0.4264707565307617,2.409330129623413
46,37,2.5856294414951497,1.230899275811532,-9.813898973488374,-9.817205620228869,0.8178249144573645,0.8181004683524057,0.04834074821713678,0.05814595462127097,1.6569474753792548,0.6490314934034097,36.040298696178255,9.999999999999997e-06,0.0004128019745433527,0.00017273249951369369,19,0.21487021446228027,1.7908813953399658,0.4522528648376465,2.458063840866089
47,38,2.5856671097977215,1.2308568633801171,-9.815713715419832,-9.817205620228869,0.8179761429516527,0.8181004683524057,0.04858833125617469,0.05814595462127097,1.6571262262531121,0.6491282110799738,36.044245867605866,9.999999999999997e-06,0.000375898066969496,0.00017216813751495864,19,0.23437929153442383,1.9580340385437012,0.47213196754455566,2.664607524871826
48,39,2.5856482425965432,1.230858276616362,-9.816105681802286,-9.817205620228869,0.8180088068168572,0.8181004683524057,0.04835104466827264,0.05814595462127097,1.651354050736444,0.649192967991493,36.04686303468688,9.999999999999997e-06,0.0004954362788000546,0.00016240321953825678,19,0.22952675819396973,1.9578869342803955,0.4330611228942871,2.6205358505249023
49,40,2.5856532522073965,1.2308554382329275,-9.816281387754671,-9.817205620228869,0.8180234489795559,0.8181004683524057,0.04853161621110257,0.05814595462127097,1.6499104753676477,0.6492410820765059,36.04876473320785,9.999999999999997e-06,0.0004948887562552428,0.00016241469633196035,19,0.22930359840393066,1.8520793914794922,0.40602946281433105,2.48746395111084
50,41,2.5856524051614835,1.230853870678942,-9.817839344091512,-9.817839344091512,0.8181532786742927,0.8181532786742927,0.048852796711600976,0.05814595462127097,1.6604438979583165,0.6491862562487242,36.04587639099525,9.999999999999997e-06,0.0004978349567521203,0.00016241859017157898,19,0.21395659446716309,1.7940549850463867,0.4921135902404785,2.5001871585845947
51,42,2.5856567263705,1.2308600058668946,-9.814086201114813,-9.817839344091512,0.8178405167595678,0.8181532786742927,0.04818773260827086,0.05814595462127097,1.6556632126706887,0.6493550562838283,36.05346123255349,9.999999999999997e-06,0.0007503139281399432,0.00025435171315461397,23,0.28687095642089844,1.9641473293304443,0.4300038814544678,2.6810944080352783
52,43,2.5856224409239186,1.2308503020294157,-9.815603457703048,-9.817839344091512,0.8179669548085874,0.8181532786742927,0.04862034939035996,0.05814595462127097,1.6605228687905935,0.6494200250446905,36.05622708144721,9.999999999999997e-06,0.0008369129622696406,0.0003476326994298419,22,0.27818870544433594,1.981642246246338,0.43615007400512695,2.6960368156433105
53,44,2.58566502000966,1.2308394251121986,-9.8171343448431,-9.817839344091512,0.8180945287369249,0.8181532786742927,0.04872228534051951,0.05814595462127097,1.6561335588427681,0.6494135853852184,36.05553315419289,9.999999999999997e-06,0.0007652001886920187,0.00030657327247908165,22,0.29674792289733887,2.0444326400756836,0.5059213638305664,2.847161293029785
54,45,2.585698582410174,1.2308376146710505,-9.81420344330175,-9.817839344091512,0.8178502869418125,0.8181532786742927,0.04846355357193366,0.05814595462127097,1.6547268893884848,0.6495284919496005,36.061245127349174,9.999999999999997e-06,0.0005716910703666764,0.0002871202313129728,23,0.27887868881225586,1.9806678295135498,0.5471141338348389,2.8067100048065186
55,46,2.585168264592801,1.2309350948649054,-9.815823111008356,-9.817839344091512,0.8179852592506963,0.8181532786742927,0.048632433213471736,0.05814595462127097,1.6585345091391162,0.649589961204475,36.063136514279975,9.999999999999997e-06,0.00043782844140428186,0.00020021861113254103,21,0.23902010917663574,1.7729148864746094,0.3167459964752197,2.328732967376709
56,47,2.5858965896904595,1.2308196777895084,-9.815046043932217,-9.817839344091512,0.8179205036610181,0.8181532786742927,0.048386740436103,0.05814595462127097,1.6519947673492794,0.6496567260989414,36.06634092806884,9.999999999999997e-06,0.0007306499593581672,0.00029843948076309183,22,0.251223087310791,1.782379150390625,0.39330315589904785,2.426954746246338
57,48,2.5765804128137337,1.2337464586735725,-9.813688023993258,-9.817839344091512,0.8178073353327715,0.8181532786742927,0.04858891450928676,0.05814595462127097,1.6741759118117017,0.6567439904305361,36.340309222000506,9.999999999999997e-06,0.00023885640822401489,0.00025588771932870803,22,0.2401261329650879,1.8759524822235107,0.3681612014770508,2.4842865467071533
58,49,2.586584880818256,1.2306191147669017,-9.81578480208825,-9.817839344091512,0.8179820668406875,0.8181532786742927,0.04867015799710593,0.05814595462127097,1.6574115726861578,0.6568934117627586,36.346484286207165,9.999999999999997e-06,0.0008234602667815074,0.0002849517141517237,22,0.23067045211791992,1.927487850189209,0.44977355003356934,2.607991933822632
59,50,2.5864024429668633,1.2305836330114517,-9.81609927579029,-9.817839344091512,0.8180082729825241,0.8181532786742927,0.04840338014767212,0.05814595462127097,1.6525830506123214,0.6569964656964039,36.35065121776946,9.999999999999997e-06,0.0008558323743278395,0.00023257507761605833,24,0.2907423973083496,1.9380967617034912,0.5072298049926758,2.736114025115967
60,51,2.586441569492871,1.2305951048940023,-9.816429184925461,-9.817839344091512,0.8180357654104551,0.8181532786742927,0.048653150215817086,0.05814595462127097,1.6590865736393994,0.6570927921921181,36.35390362430759,9.999999999999997e-06,0.00029932309168198676,0.00016492803086531573,25,0.2641758918762207,1.7775580883026123,0.4178147315979004,2.4595932960510254
61,52,2.5865884329864928,1.230607763682901,-9.816349843235551,-9.817839344091512,0.8180291536029626,0.8181532786742927,0.048630669103168454,0.05814595462127097,1.6597691720043173,0.6572261854520216,36.360972772174975,9.999999999999997e-06,0.0007399489636883005,0.0002814308397267412,22,0.2418663501739502,1.7946982383728027,0.43263888359069824,2.4692482948303223
62,53,2.586738233853217,1.2305201806442128,-9.814447067281744,-9.817839344091512,0.8178705889401453,0.8181532786742927,0.048406965988728505,0.05814595462127097,1.6562223550040187,0.6573335075589336,36.364783560987135,9.999999999999997e-06,0.0008949490220556198,0.00027190388274442263,25,0.28551411628723145,2.024609088897705,0.5285708904266357,2.8387558460235596
63,54,2.5856168504202324,1.2305504410295285,-9.815486123163366,-9.817839344091512,0.8179571769302805,0.8181532786742927,0.048483513125198566,0.05814595462127097,1.6563567991841524,0.6573954736287655,36.36768238994759,9.999999999999997e-06,0.0007521372575681606,0.00023131664700725243,25,0.31826281547546387,1.9714546203613281,0.44536805152893066,2.7351479530334473
64,55,2.58571728588037,1.230654782478899,-9.814646007759483,-9.817839344091512,0.8178871673132903,0.8181532786742927,0.04838952940079298,0.05814595462127097,1.6573743661659819,0.6574558541741385,36.37099088539566,9.999999999999997e-06,0.0009255657219809015,0.000284008558617361,23,0.2817368507385254,1.9755315780639648,0.552344560623169,2.80967378616333
65,56,2.5859161388285754,1.2308697083350628,-9.815878072971232,-9.817839344091512,0.8179898394142694,0.8181532786742927,0.04859115342316057,0.05814595462127097,1.6558481998264085,0.6574740660176526,36.37139243613291,9.999999999999997e-06,0.0006714782597107055,0.00025986017883038507,24,0.29287075996398926,2.0883758068084717,0.5459656715393066,2.927273988723755
66,57,2.5859038002742993,1.2308541730281652,-9.81676213611508,-9.817839344091512,0.8180635113429234,0.8181532786742927,0.04865125708261619,0.05814595462127097,1.6542302195902039,0.6574821792685469,36.3719615589181,9.999999999999997e-06,0.0006662126307662239,0.0002591895719225101,24,0.29886579513549805,2.1651127338409424,0.6567480564117432,3.120816946029663
67,58,2.586010744119852,1.2309256648649194,-9.813915001704185,-9.817839344091512,0.8178262501420154,0.8181532786742927,0.04818823812917997,0.05814595462127097,1.6533712854387943,0.6575216710447822,36.373480438117205,9.999999999999997e-06,0.00046348452134232045,0.0002480761940718677,25,0.33764219284057617,2.128828525543213,0.4868810176849365,2.9534056186676025
68,59,2.58530849314135,1.2305337257716296,-9.816870427011448,-9.817839344091512,0.8180725355842874,0.8181532786742927,0.0485223596449122,0.05814595462127097,1.6555703142293936,0.6575683064808984,36.374739606478585,9.999999999999997e-06,0.0003667207026255449,0.00018367732235635614,24,0.2797565460205078,2.0323028564453125,0.5829641819000244,2.8950843811035156
69,60,2.5849913972609238,1.230305190763386,-9.815647196929397,-9.817839344091512,0.8179705997441165,0.8181532786742927,0.0488495921416839,0.05814595462127097,1.6642473633094,0.657732074726095,36.38196185635848,9.999999999999997e-06,0.00095679346290685,0.00027966960644655077,22,0.2852499485015869,2.085270881652832,0.43024682998657227,2.8008148670196533
70,61,2.585167064095881,1.2304378864291812,-9.81556549198436,-9.817839344091512,0.8179637909986966,0.8181532786742927,0.04850675794243573,0.05814595462127097,1.6599586096948968,0.6578315313544534,36.38548993807163,9.999999999999997e-06,0.0008166754369771095,0.00028487893958647147,23,0.25533246994018555,1.9053900241851807,0.5663740634918213,2.7271554470062256
71,62,2.585337677515074,1.2305659449880082,-9.815419565375969,-9.817839344091512,0.8179516304479973,0.8181532786742927,0.04856405875585117,0.05814595462127097,1.65993624857839,0.6579046979530306,36.3896840880549,9.999999999999997e-06,0.0004521558151798446,0.00022693301543655055,24,0.28351640701293945,2.1052675247192383,0.5531203746795654,2.941973924636841
72,63,2.5855400656148317,1.2306910281056003,-9.815661979464304,-9.817839344091512,0.8179718316220254,0.8181532786742927,0.048572992056764956,0.05814595462127097,1.6568591677624056,0.6579346187427035,36.39104320803943,9.999999999999997e-06,0.0004736309181326529,0.00020012573683372812,23,0.2805671691894531,2.017385721206665,0.5853352546691895,2.8833467960357666
73,64,2.5856034883985415,1.2307148665349363,-9.813838024357652,-9.817839344091512,0.8178198353631377,0.8181532786742927,0.0483476114517996,0.05814595462127097,1.6554751853268073,0.657981322539244,36.393897102031396,9.999999999999997e-06,0.0006353132421532024,0.00029177137983720154,22,0.2745518684387207,1.9721043109893799,0.48544764518737793,2.732164144515991
74,65,2.5862115666081205,1.2309695322126017,-9.814220996814202,-9.817839344091512,0.8178517497345168,0.8181532786742927,0.0482323486349399,0.05814595462127097,1.6520348526358077,0.6580110513896495,36.39514758691786,9.999999999999997e-06,0.0009385046352840405,0.0003292180677245775,23,0.31372952461242676,2.0160958766937256,0.5469169616699219,2.8768017292022705
75,66,2.5848423558532994,1.2302091047559538,-9.816025418266396,-9.817839344091512,0.8180021181888663,0.8181532786742927,0.048809357350435706,0.05814595462127097,1.6607841710673057,0.6581654737145596,36.40137502956176,9.999999999999997e-06,0.0007043732603358944,0.0002728578202969883,21,0.27776288986206055,2.109485149383545,0.5897655487060547,2.9770774841308594
76,67,2.584748366442237,1.2302206328952439,-9.81581852592186,-9.817839344091512,0.8179848771601551,0.8181532786742927,0.048523334669472444,0.05814595462127097,1.6555062503229578,0.6583240701946991,36.4074303006999,9.999999999999997e-06,0.0007632201750580534,0.0002647449358418551,21,0.2861008644104004,1.9821083545684814,0.5826554298400879,2.85092830657959
77,68,2.5847724802333385,1.2302479414065006,-9.816336806461543,-9.817839344091512,0.8180280672051286,0.8181532786742927,0.04878250938749749,0.05814595462127097,1.6614622394548633,0.6584445887784011,36.41215456951564,9.999999999999997e-06,0.0007314316899829076,0.00025566455034178436,21,0.27076077461242676,1.9672987461090088,0.5811383724212646,2.8192553520202637
78,69,2.584551906026113,1.2300431449540195,-9.814151673718708,-9.817839344091512,0.8178459728098924,0.8181532786742927,0.048610584795804934,0.05814595462127097,1.6640455265554124,0.6586944957856967,36.42421403876925,9.999999999999997e-06,0.0006970802243973479,0.00024727087361332156,21,0.25647902488708496,2.0176632404327393,0.6367237567901611,2.91093111038208
79,70,2.586267057235514,1.231362339036899,-9.81484085577661,-9.817839344091512,0.8179034046480509,0.8181532786742927,0.04843558644157753,0.05814595462127097,1.6549861654242193,0.6587956584022744,36.42840327699775,9.999999999999997e-06,0.000606231202232945,0.00030517366693813455,22,0.30700254440307617,2.1538500785827637,0.5734140872955322,3.034327983856201
80,71,2.5854761527369465,1.2305520732559732,-9.814323675537809,-9.817839344091512,0.8178603062948174,0.8181532786742927,0.04828426799013649,0.05814595462127097,1.656691368095153,0.6588050145860148,36.42790322871757,9.999999999999997e-06,0.0007600741975648209,0.0002560461878760525,22,0.26811671257019043,1.9410791397094727,0.6390888690948486,2.848351001739502
81,72,2.585644110622423,1.2310202066415392,-9.815463784301715,-9.817839344091512,0.8179553153584762,0.8181532786742927,0.048488738569908055,0.05814595462127097,1.652438492751557,0.6588408275985362,36.431356134087935,9.999999999999997e-06,0.0008843443725428414,0.000328659377891549,21,0.2879183292388916,2.2440834045410156,0.600069522857666,3.1321353912353516
82,73,2.5863314862137567,1.2304126620752551,-9.814181514579865,-9.817839344091512,0.8178484595483221,0.8181532786742927,0.04848879767536833,0.05814595462127097,1.6584090248232997,0.6588166263764288,36.43040622062947,9.999999999999997e-06,0.0006636167047270273,0.00036782900494101246,20,0.25080108642578125,1.978651762008667,0.5060267448425293,2.7355451583862305
83,74,2.584787609528502,1.2313698389283527,-9.81603877230463,-9.817839344091512,0.8180032310253859,0.8181532786742927,0.048438224231880316,0.05814595462127097,1.6582670609794832,0.6588857297112652,36.43322629065829,9.999999999999997e-06,0.0001648046283818767,0.00011612175795077077,22,0.2731184959411621,1.971177577972412,0.5572125911712646,2.8015685081481934
84,75,2.584694928464341,1.2314874704180294,-9.815199944359044,-9.817839344091512,0.817933328696587,0.8181532786742927,0.048464398297579245,0.05814595462127097,1.657194826581815,0.6590813628476072,36.440754162279404,9.999999999999997e-06,0.0006045514430784624,0.00022014631220520361,23,0.36105990409851074,2.229391098022461,0.7082569599151611,3.2987747192382812
85,76,2.5848969080927624,1.2311905996359045,-9.817534143449556,-9.817839344091512,0.8181278452874631,0.8181532786742927,0.04886581546409042,0.05814595462127097,1.6598366524864048,0.6589770391837791,36.43648724435936,9.999999999999997e-06,0.0005408685589208606,0.00019236764874288145,22,0.28099989891052246,1.9923532009124756,0.5966074466705322,2.870018482208252
86,77,2.584460286379658,1.2315093280405645,-9.81338188964292,-9.817839344091512,0.81778182413691,0.8181532786742927,0.04827863460248098,0.05814595462127097,1.6564605366900054,0.6594792994493925,36.457485702929404,9.999999999999997e-06,0.0009686186137456388,0.00026726068545179305,23,0.29849886894226074,1.9676542282104492,0.5433511734008789,2.809570074081421
87,78,2.5864344694252246,1.2298385016341948,-9.8151205765422,-9.817839344091512,0.81792671471185,0.8181532786742927,0.048542093746591713,0.05814595462127097,1.6595277684038194,0.659564339988337,36.46142359032879,9.999999999999997e-06,0.000880231998915708,0.0003240407344791873,20,0.27986645698547363,1.9952707290649414,0.583676815032959,2.858893632888794
88,79,2.585526132194496,1.2306790196660828,-9.816715584001814,-9.817839344091512,0.8180596320001512,0.8181532786742927,0.0485327907144788,0.05814595462127097,1.654164513792395,0.6595815100926891,36.46180171182348,9.999999999999997e-06,0.0009586662979191575,0.0003563077528624962,21,0.289837121963501,2.3926947116851807,0.5485339164733887,3.2311267852783203
89,80,2.5854388994890676,1.2305415545307137,-9.814838418415992,-9.817839344091512,0.817903201534666,0.8181532786742927,0.04851164380718955,0.05814595462127097,1.659838243893219,0.6596027030623083,36.462976478213285,9.999999999999997e-06,0.00046816802181628156,0.00022882761403765993,22,0.31095075607299805,2.0091912746429443,0.6571178436279297,2.977323055267334
90,81,2.5856149064933813,1.230853852610475,-9.815208375400575,-9.817839344091512,0.8179340312833813,0.8181532786742927,0.048449176078710146,0.05814595462127097,1.656191793420021,0.659616347302186,36.464145736472815,9.999999999999997e-06,0.0008788366766535327,0.00031903704332026175,20,0.2953777313232422,1.9943499565124512,0.6146166324615479,2.9044041633605957
91,82,2.5855981551372773,1.2307957179167612,-9.817880612312651,-9.817880612312651,0.8181567176927209,0.8181567176927209,0.048839952483370294,0.05814595462127097,1.6549965604057206,0.6596161582686968,36.46326465292369,9.999999999999997e-06,0.0007903016960096089,0.0002965168909534111,22,0.29078078269958496,1.9872705936431885,0.6018803119659424,2.8800156116485596
92,83,2.585599434216324,1.230853550501907,-9.816146020905247,-9.817880612312651,0.8180121684087706,0.8181567176927209,0.04852278720502546,0.05814595462127097,1.655643710205922,0.6596202778413086,36.46329280162704,9.999999999999997e-06,0.0005777315501028806,0.0002465816771354566,21,0.35524630546569824,1.958838701248169,0.5661070346832275,2.880251169204712
93,84,2.5856078143023575,1.230882838141449,-9.814653235416216,-9.817880612312651,0.817887769618018,0.8181567176927209,0.04838040754095099,0.05814595462127097,1.6517147931346017,0.6596410474938859,36.464332928858326,9.999999999999997e-06,0.0007417901125879426,0.0002110586963305181,23,0.330904483795166,2.0492517948150635,0.7251460552215576,3.1053664684295654
94,85,2.5855824084811556,1.230745848640954,-9.815025879764207,-9.817880612312651,0.8179188233136839,0.8181567176927209,0.04848682681029403,0.05814595462127097,1.6539355252181736,0.6596415426258283,36.463387432603994,9.999999999999997e-06,0.0005827021053329845,0.00026589217624846975,22,0.3974442481994629,1.9866552352905273,0.5870990753173828,2.9712564945220947
95,86,2.585600270575833,1.230781426345819,-9.81635139087738,-9.817880612312651,0.8180292825731149,0.8181567176927209,0.04874727761996048,0.05814595462127097,1.6602704502154637,0.6596527038909196,36.46361429695989,9.999999999999997e-06,0.0008549924239915948,0.00029646528655463537,22,0.35167908668518066,1.9904534816741943,0.6328566074371338,2.97505521774292
96,87,2.5856313030560667,1.2308524179000626,-9.816289682070032,-9.817880612312651,0.8180241401725027,0.8181567176927209,0.04841006229077919,0.05814595462127097,1.655291418416951,0.6596631401146534,36.46518314719385,9.999999999999997e-06,0.0009134514058804509,0.0002966492306945198,22,0.38068175315856934,2.042804479598999,0.5546362400054932,2.9781806468963623
97,88,2.585611046874968,1.2308293183990722,-9.815049585906754,-9.817880612312651,0.8179207988255629,0.8181567176927209,0.04861639897115104,0.05814595462127097,1.6575160355532006,0.6596765469539742,36.4660152287139,9.999999999999997e-06,0.0005780373583066067,0.00023181701897350955,21,0.3059990406036377,2.0524661540985107,0.6690578460693359,3.0275964736938477
98,89,2.5856102461274344,1.2307947630016685,-9.814954666960299,-9.817880612312651,0.8179128889133582,0.8181567176927209,0.048598045202286465,0.05814595462127097,1.6584337454075069,0.6596831035407075,36.46548635689073,9.999999999999997e-06,0.0009024680465013155,0.0002965402544665782,22,0.3527538776397705,2.0509679317474365,0.6399595737457275,3.043739080429077
99,90,2.585601179676632,1.2307664566837084,-9.813911134203916,-9.817880612312651,0.8178259278503264,0.8181567176927209,0.048342720609436673,0.05814595462127097,1.6563796637166348,0.659691636173341,36.46700676966733,9.999999999999997e-06,0.0008331725924207671,0.00029880970536313414,22,0.3194699287414551,1.9821550846099854,0.6350083351135254,2.9366917610168457
100,91,2.585624817593498,1.2308109477995823,-9.81424381421095,-9.817880612312651,0.8178536511842459,0.8181567176927209,0.04834086826680569,0.05814595462127097,1.6568009129302084,0.6596970810951248,36.46745223036695,9.999999999999997e-06,0.0005307424161435248,0.00030403356071309737,22,0.36596107482910156,2.023970127105713,0.655604362487793,3.045596122741699
101,92,2.5858147655155923,1.2304068398370507,-9.813318881306184,-9.817880612312651,0.817776573442182,0.8181567176927209,0.048345926961231855,0.05814595462127097,1.6573544368949626,0.6596249988811995,36.465695583517295,9.999999999999997e-06,0.00013916734601253508,0.00022549336399148005,22,0.35365796089172363,2.0441184043884277,0.6346409320831299,3.0324788093566895
102,93,2.5854962530250205,1.2319215149525908,-9.816145567912253,-9.817880612312651,0.8180121306593544,0.8181567176927209,0.04846581568496543,0.05814595462127097,1.65195073967854,0.6596511587608085,36.46685031883825,9.999999999999997e-06,0.0005674705421695941,0.000293040707883099,20,0.32801294326782227,1.9727349281311035,0.6962571144104004,2.997067451477051
103,94,2.585708859276867,1.232387419042552,-9.815211620167435,-9.817880612312651,0.8179343016806196,0.8181567176927209,0.048279104055907074,0.05814595462127097,1.65378121288623,0.6599387460977245,36.47832560328462,9.999999999999997e-06,0.00019498501765733006,0.00014249894687150882,22,0.33852338790893555,1.9799954891204834,0.7570188045501709,3.0755999088287354
104,95,2.585305501904768,1.2316826207530736,-9.813755722242046,-9.817880612312651,0.8178129768535038,0.8181567176927209,0.04832054935612856,0.05814595462127097,1.65280829491941,0.66017322959447,36.48754051328475,9.999999999999997e-06,0.0009025879400171703,0.0003327606219827318,20,0.3179774284362793,2.171295404434204,0.6943972110748291,3.18373966217041
105,96,2.58655073313202,1.2292608662910174,-9.815881058344074,-9.817880612312651,0.8179900881953395,0.8181567176927209,0.048393780472896636,0.05814595462127097,1.6554083904102157,0.6603590890605452,36.49415195530437,9.999999999999997e-06,0.00043945744285301633,0.00033921040129356966,22,0.3706095218658447,1.9887995719909668,0.7979791164398193,3.1574547290802
106,97,2.586765132490627,1.2291206780487298,-9.81524231301597,-9.817880612312651,0.8179368594179975,0.8181567176927209,0.04869131252438893,0.05814595462127097,1.6589816874496535,0.6605522712508219,36.50332679673877,9.999999999999997e-06,0.0008894328757615629,0.00031672978229625254,22,0.401822566986084,2.1099283695220947,0.7036623954772949,3.2154746055603027
107,98,2.5852973138903943,1.2296770283913774,-9.816801081201811,-9.817880612312651,0.8180667567668176,0.8181567176927209,0.048874905201466694,0.05814595462127097,1.6637379266241226,0.6606816384622227,36.507554266602064,9.999999999999997e-06,0.0005609300688774516,0.00034950255145516784,22,0.36028003692626953,1.9938488006591797,0.8231890201568604,3.1773908138275146
108,99,2.5846996857308966,1.2289080863161417,-9.816424459212417,-9.817880612312651,0.8180353716010348,0.8181567176927209,0.04902276774247131,0.05814595462127097,1.6696350986786683,0.660923742580257,36.51610817081807,9.999999999999997e-06,0.0006910684380055834,0.00021558008380819123,20,0.3506598472595215,2.015862226486206,0.7092511653900146,3.075866460800171
109,100,2.5841698905321135,1.2283165288339586,-9.814978887566145,-9.817880612312651,0.8179149072971788,0.8181567176927209,0.04887420163950192,0.05814595462127097,1.6744313454336464,0.6614447645375449,36.53904656756999,9.999999999999997e-06,0.0005048532025476257,0.0002070605462950181,21,0.3709526062011719,1.9941411018371582,0.5848081111907959,2.949963331222534
110,101,2.5850808042557687,1.2291704095141034,-9.81599744037236,-9.817880612312651,0.8179997866976967,0.8181567176927209,0.04889699182556175,0.05814595462127097,1.6634016355108798,0.6615679759533519,36.54316818180009,9.999999999999997e-06,0.0008361066936279547,0.0002695824066984371,20,0.35485339164733887,2.111176013946533,0.7171435356140137,3.183250904083252
111,102,2.584990475793982,1.229022655003931,-9.814633019052083,-9.817880612312651,0.8178860849210069,0.8181567176927209,0.04881059084295922,0.05814595462127097,1.6709408933124053,0.6617309684073327,36.552364159785014,9.999999999999997e-06,0.0008126655660563352,0.00027267154954865034,20,0.35423970222473145,2.036513090133667,0.6791019439697266,3.069983720779419
112,103,2.585518094101715,1.229596680121394,-9.815602071477045,-9.817880612312651,0.8179668392897538,0.8181567176927209,0.04868335232244889,0.05814595462127097,1.6593207192231745,0.6617814520975681,36.55282316057068,9.999999999999997e-06,0.0008166659500606039,0.00032879884880151594,22,0.367783784866333,1.9969515800476074,0.7571136951446533,3.1219236850738525
113,104,2.585521362113719,1.2296047754002604,-9.81601744504827,-9.817880612312651,0.8180014537540226,0.8181567176927209,0.04850149633862951,0.05814595462127097,1.6578434763919034,0.661858255733581,36.556674336210314,9.999999999999997e-06,0.0007946025219937456,0.0003249559308132306,22,0.38322925567626953,2.069877862930298,0.7080020904541016,3.1611831188201904
114,105,2.5855376571950317,1.2294693270084749,-9.815753068813653,-9.817880612312651,0.8179794224011377,0.8181567176927209,0.04859028782417543,0.05814595462127097,1.6590624589785392,0.6619177006008052,36.5583371745331,9.999999999999997e-06,0.000621042881339286,0.00029470972883977227,23,0.4146432876586914,2.018559694290161,0.7477569580078125,3.1810202598571777
115,106,2.585536749633281,1.229434800458245,-9.816475983868754,-9.817880612312651,0.8180396653223961,0.8181567176927209,0.04871980418353393,0.05814595462127097,1.6609683419853525,0.661993538549607,36.56173045508346,9.999999999999997e-06,0.00035992772461309084,0.00022363270520218265,23,0.3968203067779541,2.1135880947113037,0.6929550170898438,3.203439474105835
116,107,2.585564926838641,1.2291537297946038,-9.816876878294467,-9.817880612312651,0.8180730731912056,0.8181567176927209,0.04881297053743616,0.05814595462127097,1.6606423439104816,0.6620534402203908,36.56315540352026,9.999999999999997e-06,0.0007695253650541191,0.00025331456687635226,19,0.35867881774902344,2.0222883224487305,0.8201875686645508,3.2012178897857666
117,108,2.585529831448802,1.2287339250891591,-9.81554040119113,-9.817880612312651,0.8179617000992608,0.8181567176927209,0.048689481431458966,0.05814595462127097,1.6595878206434236,0.6621514226587589,36.566028202317085,9.999999999999997e-06,0.0003908365642311907,0.00014903746559119234,21,0.37444186210632324,2.0396087169647217,0.7432780265808105,3.1573874950408936
118,109,2.585535800850794,1.2288308927482656,-9.816708822655183,-9.817880612312651,0.8180590685545986,0.8181567176927209,0.048913437013065664,0.05814595462127097,1.668718506087501,0.6622039686138541,36.567118233204695,9.999999999999997e-06,0.0007184609368352417,0.00026943684833676684,19,0.3249821662902832,1.9998745918273926,0.7523109912872314,3.0772271156311035
119,110,2.58546590756536,1.2284539464909914,-9.814269716362265,-9.817880612312651,0.8178558096968555,0.8181567176927209,0.04854721878708507,0.05814595462127097,1.6620734543305389,0.6624173174365525,36.57927999386838,9.999999999999997e-06,0.00029581026550467795,0.0001407297287959103,21,0.3654365539550781,2.124004364013672,0.777087926864624,3.266590118408203
120,111,2.585621783929287,1.2291883121916118,-9.815686406361138,-9.817880612312651,0.8179738671967615,0.8181567176927209,0.04871408665134977,0.05814595462127097,1.6619294494164194,0.6624514901642583,36.57921843717234,9.999999999999997e-06,0.0008695831656797712,0.00028623885583568473,21,0.36539340019226074,2.031879425048828,0.8441343307495117,3.2414963245391846
121,112,2.5856065495262577,1.2291820091166958,-9.812884832633934,-9.817880612312651,0.8177404027194944,0.8181567176927209,0.04843130192416666,0.05814595462127097,1.665925175914282,0.6625124768726267,36.58463874229143,9.999999999999997e-06,0.0008721421366153707,0.0002862571888645717,21,0.3654654026031494,2.0170013904571533,0.6933414936065674,3.075869083404541
122,113,2.5852180522669963,1.230231961792039,-9.816959682595009,-9.817880612312651,0.8180799735495841,0.8181567176927209,0.04875802486577846,0.05814595462127097,1.6599144718202155,0.6625438029351286,36.585789445266826,9.999999999999997e-06,0.0004911883771000488,0.000174975465924538,26,0.429699182510376,1.999779224395752,0.7644376754760742,3.1939802169799805
123,114,2.5849507952937505,1.2301792102203917,-9.816108668716314,-9.817880612312651,0.8180090557263595,0.8181567176927209,0.04867131777589945,0.05814595462127097,1.6619739050417763,0.6625722807905603,36.586630405966815,9.999999999999997e-06,0.00046947442318239234,0.00016874192124597954,25,0.4405398368835449,2.099367141723633,0.7892365455627441,3.3292057514190674
124,115,2.584824741946578,1.2301613576473647,-9.816108609028253,-9.817880612312651,0.8180090507523544,0.8181567176927209,0.04858837100366466,0.05814595462127097,1.6619551209260521,0.6626179882257454,36.588233802607625,9.999999999999997e-06,0.0006942262457533553,0.0001922551922808196,25,0.4304192066192627,2.02508544921875,0.9029204845428467,3.358484983444214
125,116,2.5846764754353586,1.2301388340650792,-9.81457506695597,-9.817880612312651,0.8178812555796641,0.8181567176927209,0.048627722151794145,0.05814595462127097,1.6639138707402026,0.6627625083211178,36.59616307521457,9.999999999999997e-06,0.000721587557940857,0.00013736295774765107,26,0.4496467113494873,2.0048983097076416,0.820380449295044,3.274991989135742
126,117,2.5851565918592736,1.2301668185168353,-9.815485823164188,-9.817880612312651,0.817957151930349,0.8181567176927209,0.04829443767767252,0.05814595462127097,1.6569028754266952,0.6627631701735338,36.59445041510227,9.999999999999997e-06,0.000841934072845732,0.00022244081634406767,25,0.4411606788635254,1.9682729244232178,0.7742495536804199,3.1837522983551025
127,118,2.5851978780302116,1.2301708487661698,-9.815086307376422,-9.817880612312651,0.8179238589480352,0.8181567176927209,0.048503133869758366,0.05814595462127097,1.6558886194846139,0.6628109199433537,36.59711462502124,9.999999999999997e-06,0.0006254170626713191,0.00015264085725151104,25,0.4906196594238281,2.0076704025268555,0.956758975982666,3.455120801925659
128,119,2.5853167942460527,1.2301984391661989,-9.816269958015084,-9.817880612312651,0.818022496501257,0.8181567176927209,0.048595238345773194,0.05814595462127097,1.6580014883803074,0.6628324509053553,36.598511210345386,9.999999999999997e-06,0.0007230151056217364,0.0003185936807228215,23,0.3174245357513428,2.0420491695404053,0.8647778034210205,3.224309206008911
129,120,2.585240607590738,1.2301597094376706,-9.816022429960164,-9.817880612312651,0.8180018691633469,0.8181567176927209,0.0484635435607444,0.05814595462127097,1.6575929098036681,0.6628688120542732,36.600975292598704,9.999999999999997e-06,0.0006136527169091121,0.00019259282108111228,25,0.42345523834228516,1.995161533355713,1.0402650833129883,3.4589684009552
130,121,2.5851889567104496,1.2301441239499618,-9.81687810518542,-9.817880612312651,0.8180731754321183,0.8181567176927209,0.04869116820462728,0.05814595462127097,1.662198415534121,0.6628671417219718,36.59910975032674,9.999999999999997e-06,0.00037408096716923364,0.00013758349136779792,26,0.425966739654541,1.9063301086425781,0.9968748092651367,3.3292434215545654
131,122,2.585009289388692,1.2300788423425804,-9.8149789231888,-9.817880612312651,0.8179149102657334,0.8181567176927209,0.048582842134853685,0.05814595462127097,1.6605441660348816,0.6629169053069595,36.6010501735937,9.999999999999997e-06,0.0006985570135703333,0.00016550726608604348,26,0.4314553737640381,1.956148386001587,0.8557829856872559,3.2434465885162354
132,123,2.5851723010121757,1.2301139970136312,-9.816486487643603,-9.817880612312651,0.818040540636967,0.8181567176927209,0.048746186252952496,0.05814595462127097,1.656954527822748,0.6629215361035664,36.60025396465145,9.999999999999997e-06,0.0005389989516853301,0.0001741776038340238,26,0.43210458755493164,2.130464792251587,0.8394339084625244,3.4020655155181885
133,124,2.585055116457812,1.2300704446647461,-9.815821527011957,-9.817880612312651,0.8179851272509965,0.8181567176927209,0.048383010610420205,0.05814595462127097,1.6562156935879813,0.662959256968156,36.6023790835199,9.999999999999997e-06,0.0006664608260487669,0.00016352262820830911,26,0.4269683361053467,1.9940996170043945,0.8610925674438477,3.2822210788726807
134,125,2.585022680554067,1.2300583413749842,-9.814725507116059,-9.817880612312651,0.8178937922596715,0.8181567176927209,0.048639063028730646,0.05814595462127097,1.6638216962253978,0.6630156589678736,36.60520535410925,9.999999999999997e-06,0.0006708558226391643,0.00015851840966024327,26,0.4429609775543213,1.9848580360412598,0.8293931484222412,3.25728702545166
135,126,2.5852370912562903,1.2301087306866356,-9.814441843005234,-9.817880612312651,0.8178701535837695,0.8181567176927209,0.04855201110278719,0.05814595462127097,1.6607901033824675,0.6630480153004774,36.60694380310661,9.999999999999997e-06,0.0008370210158963443,0.00024064963550115857,25,0.4750804901123047,1.9642105102539062,0.8029499053955078,3.2422993183135986
136,127,2.5854058893111285,1.2301629758974477,-9.816396795253365,-9.817880612312651,0.8180330662711137,0.8181567176927209,0.04865966922594553,0.05814595462127097,1.6595666597627599,0.6630684538199839,36.607926847736366,9.999999999999997e-06,0.00023208582442896415,0.00010905940093951755,26,0.39618754386901855,1.951279878616333,0.8114564418792725,3.1589837074279785
137,128,2.5853785458767855,1.230130260806651,-9.81552624989156,-9.817880612312651,0.8179605208242967,0.8181567176927209,0.04853347188423805,0.05814595462127097,1.6590110620111744,0.6630811573944914,36.6083026777698,9.999999999999997e-06,0.0004897073393519368,0.00017522848934540066,25,0.4256587028503418,2.0357913970947266,0.8736069202423096,3.3351237773895264
138,129,2.585410120442806,1.230110344608491,-9.816418211692355,-9.817880612312651,0.8180348509743629,0.8181567176927209,0.04873866216320721,0.05814595462127097,1.6608576692549661,0.6630977322349336,36.60840393583394,9.999999999999997e-06,0.00047652814484464766,0.00017515405198344856,25,0.4236297607421875,1.9522364139556885,1.0570788383483887,3.433016300201416
139,130,2.585364791662211,1.2300867440078311,-9.815770564804176,-9.817880612312651,0.817980880400348,0.8181567176927209,0.04842122190813363,0.05814595462127097,1.6569929063996227,0.6631162572736912,36.60940963725584,9.999999999999997e-06,0.0009577296714328665,0.0002163453520970506,25,0.4093286991119385,1.9412760734558105,1.0208909511566162,3.371558666229248
140,131,2.5853695010105686,1.2300676202665228,-9.817939740980474,-9.817939740980474,0.8181616450817062,0.8181616450817062,0.04883895077604497,0.05814595462127097,1.6608827028381512,0.6631204700416278,36.60872226452241,9.999999999999997e-06,0.0005370888418623969,0.00021809322247073857,25,0.41238951683044434,1.9653592109680176,1.0245511531829834,3.4023571014404297
141,132,2.585259788299161,1.2299156846117232,-9.817286426358097,-9.817939740980474,0.818107202196508,0.8181616450817062,0.04879212027724969,0.05814595462127097,1.6612223437314242,0.6631128736674206,36.60773601828274,9.999999999999997e-06,0.0008620324330538393,0.0001860287327641598,25,0.4281275272369385,2.026682138442993,0.8823728561401367,3.3372385501861572
142,133,2.585132404499554,1.2297900109693771,-9.816393580870535,-9.817939740980474,0.818032798405878,0.8181616450817062,0.048833498924946324,0.05814595462127097,1.6589045339180615,0.6631177207948206,36.60752315351456,9.999999999999997e-06,0.00040860180944771814,0.00012114407138145602,25,0.42557454109191895,1.9502155780792236,1.0465543270111084,3.4224164485931396
143,134,2.585041060543898,1.2297275999707655,-9.813575154267642,-9.817939740980474,0.8177979295223036,0.8181616450817062,0.04853070330487944,0.05814595462127097,1.662411195660141,0.6632106689470818,36.612728423779615,9.999999999999997e-06,0.0006968294597106317,0.0001460933367137125,26,0.4533696174621582,1.9515314102172852,0.8918948173522949,3.296855926513672
144,135,2.5854470961135765,1.2299983346154022,-9.816050162276165,-9.817939740980474,0.8180041801896804,0.8181616450817062,0.04862282599489717,0.05814595462127097,1.6587529326692163,0.663226697633679,36.613492108849236,9.999999999999997e-06,0.0009143994936971813,0.00014485094946035503,27,0.4774508476257324,1.9374918937683105,0.9611153602600098,3.3761255741119385
145,136,2.5854123337451416,1.2299195133491703,-9.814431269778412,-9.817939740980474,0.8178692724815343,0.8181616450817062,0.04846766679993458,0.05814595462127097,1.659004427570764,0.6632501248571039,36.61507651830488,9.999999999999997e-06,0.0006380538993526755,0.0001576265566904237,26,0.45059657096862793,2.047736883163452,0.995161771774292,3.4935572147369385
146,137,2.585429179824424,1.2300305156290692,-9.814610077588927,-9.817939740980474,0.8178841731324106,0.8181616450817062,0.04843390430855728,0.05814595462127097,1.6571877891247482,0.6632652176787561,36.61564401425484,9.999999999999997e-06,0.0005719977476132271,0.00017497801641789062,25,0.43236708641052246,1.9610846042633057,1.007441520690918,3.400953769683838
147,138,2.5854257728121612,1.2301168456191278,-9.815988361976872,-9.817939740980474,0.8179990301647394,0.8181616450817062,0.048759859139465206,0.05814595462127097,1.6579815833877944,0.663277183591649,36.61606368293589,9.999999999999997e-06,0.0005631132421626895,0.0001697698284102114,25,0.39527368545532227,1.9428963661193848,1.0778818130493164,3.4161126613616943
148,139,2.585425672975214,1.2300968346196186,-9.81716682535735,-9.817939740980474,0.8180972354464459,0.8181616450817062,0.0486362767928772,0.05814595462127097,1.6568873691803674,0.6632806747297548,36.61528416980674,9.999999999999997e-06,0.0006152501595204229,0.00018727347353019762,25,0.44428372383117676,1.9665429592132568,1.1227035522460938,3.533600091934204
149,140,2.5854080002125093,1.2300192639334666,-9.8156505253642,-9.817939740980474,0.8179708771136833,0.8181616450817062,0.04856717569079461,0.05814595462127097,1.6612771136866655,0.6633070390635691,36.61828595204173,9.999999999999997e-06,0.0006479353766423512,0.00015090496042554328,25,0.44756317138671875,1.941962480545044,0.9703340530395508,3.3599236011505127
150,141,2.5854069593526954,1.2300192677348651,-9.815156713362487,-9.817939740980474,0.8179297261135406,0.8181616450817062,0.048668091169825026,0.05814595462127097,1.6611864297638732,0.6633157288128936,36.617479663280314,9.999999999999997e-06,0.0006485301178001117,0.00015089680955575837,25,0.4414854049682617,2.019141674041748,0.8804540634155273,3.3412230014801025
151,142,2.5854146786612042,1.230057966675427,-9.817000447277213,-9.817939740980474,0.8180833706064344,0.8181616450817062,0.04867304840811692,0.05814595462127097,1.6603695028918821,0.663322410706725,36.61772042288218,9.999999999999997e-06,0.0007041106464537643,0.0002007530970890345,25,0.4774327278137207,1.9349448680877686,0.9358885288238525,3.3483264446258545
152,143,2.5854041415426954,1.2299805015704648,-9.81552878363345,-9.817939740980474,0.8179607319694542,0.8181616450817062,0.0487020697160373,0.05814595462127097,1.663472799710405,0.6633360076887871,36.618074275264114,9.999999999999997e-06,0.000945808462219442,0.00016166911883986875,27,0.4680962562561035,1.9364831447601318,0.985938310623169,3.3905794620513916
153,144,2.585397456474437,1.2299960658793407,-9.816102402355991,-9.817939740980474,0.818008533529666,0.8181616450817062,0.048800734350976725,0.05814595462127097,1.662090555804724,0.6633393859837001,36.61738876219368,9.999999999999997e-06,0.0003906630855598996,0.00015191321558254186,26,0.46251821517944336,1.981252670288086,1.059833288192749,3.503674030303955
154,145,2.5853915790165107,1.229971496736368,-9.816829342435073,-9.817939740980474,0.8180691118695894,0.8181616450817062,0.04883443698396688,0.05814595462127097,1.6621003859413008,0.6633484410197961,36.61793831915705,9.999999999999997e-06,0.000933492177581368,0.00016217662840697483,27,0.5365188121795654,2.03022837638855,1.1340892314910889,3.7008965015411377
155,146,2.5853657578939155,1.2298986197450232,-9.817542761582406,-9.817939740980474,0.8181285634652005,0.8181616450817062,0.04877099990626266,0.05814595462127097,1.6595414061003595,0.6633385204501053,36.61754438368015,9.999999999999997e-06,0.0002517688098751001,9.367931120620342e-05,26,0.4606297016143799,2.0174474716186523,1.0470366477966309,3.525179624557495
156,147,2.5853118896124108,1.2297718662568016,-9.816063023391814,-9.817939740980474,0.8180052519493178,0.8181616450817062,0.0486488621384155,0.05814595462127097,1.6570686453659107,0.6633349545322083,36.615786266000995,9.999999999999997e-06,0.0003063951558876669,9.902426601691636e-05,26,0.5108785629272461,1.9593696594238281,1.219118595123291,3.689432144165039
157,148,2.585298443359759,1.2297450695262813,-9.815274657080275,-9.817939740980474,0.8179395547566896,0.8181616450817062,0.04867376720950344,0.05814595462127097,1.661384590884552,0.6633716175413374,36.61819719359304,9.999999999999997e-06,0.0008633610877481348,0.00018773366500195792,25,0.4444596767425537,1.932452917098999,0.9983727931976318,3.3753559589385986
158,149,2.585323888747963,1.2297889341899018,-9.816562993422933,-9.817939740980474,0.8180469161185777,0.8181616450817062,0.04866750000958063,0.05814595462127097,1.6604705342505355,0.6633706789466486,36.61830983764874,9.999999999999997e-06,0.00031099085866347233,9.853393093912815e-05,26,0.46558332443237305,1.9402697086334229,1.2642388343811035,3.6701602935791016
159,150,2.585296290203533,1.2297187720097404,-9.814920173998633,-9.817939740980474,0.8179100144998861,0.8181616450817062,0.04842372814246901,0.05814595462127097,1.6601252557609598,0.6634064854244415,36.62018542552077,9.999999999999997e-06,0.0008608056489956916,0.00019546093098240174,25,0.4482698440551758,2.0087273120880127,1.0767583847045898,3.53383731842041
160,151,2.585318962292223,1.229797717746478,-9.815571384692186,-9.817939740980474,0.8179642820576821,0.8181616450817062,0.04847702802113645,0.05814595462127097,1.6629396933631284,0.6634295428608955,36.6228108683156,9.999999999999997e-06,0.0003144788068270672,9.840082268227355e-05,26,0.39925503730773926,1.8378424644470215,1.0711946487426758,3.3083548545837402
161,152,2.585340488106595,1.2298056799966028,-9.816581281371825,-9.817939740980474,0.8180484401143188,0.8181616450817062,0.04885820881622115,0.05814595462127097,1.6613658150958912,0.6634282607697789,36.621361181510046,9.999999999999997e-06,0.0004352063502308901,0.0001040954219850319,25,0.4853856563568115,1.9692137241363525,1.1212551593780518,3.5759129524230957
162,153,2.5853042576352174,1.22974376756552,-9.814326942219273,-9.817939740980474,0.8178605785182728,0.8181616450817062,0.04853933723551319,0.05814595462127097,1.661829992333324,0.6634546342434752,36.62165116747436,9.999999999999997e-06,0.000872501029695207,0.00018771170160835192,25,0.4809117317199707,1.9648098945617676,1.1637945175170898,3.6095798015594482
163,154,2.5853531371892324,1.2298770042500409,-9.814377137937768,-9.817939740980474,0.817864761494814,0.8181616450817062,0.04857508119682166,0.05814595462127097,1.6605702493839516,0.663489745819681,36.62410732600515,9.999999999999997e-06,0.0005325433775064401,0.00012901436739480332,28,0.5472671985626221,2.0788075923919678,1.03193998336792,3.658083438873291
164,155,2.585408564740038,1.2299523017524896,-9.816334065962822,-9.817939740980474,0.8180278388302352,0.8181616450817062,0.04852954268114356,0.05814595462127097,1.6583872871827339,0.6634710505182738,36.62075321509238,9.999999999999997e-06,0.0007760275409445786,0.0002053551265205834,25,0.4388096332550049,1.948178768157959,1.1844525337219238,3.571498394012451
165,156,2.585396417237658,1.2299142175529945,-9.816436006929903,-9.817939740980474,0.8180363339108253,0.8181616450817062,0.048821379815112725,0.05814595462127097,1.6612813922180152,0.6634776332130832,36.62131327739565,9.999999999999997e-06,0.0005230919245809281,0.00014513606705178145,25,0.44025444984436035,1.95198655128479,1.0870387554168701,3.4793360233306885
166,157,2.585390875689687,1.2298763075581904,-9.817088808380873,-9.817939740980474,0.8180907340317395,0.8181616450817062,0.048618074504274515,0.05814595462127097,1.658106890242692,0.6634786785786656,36.622598674926984,9.999999999999997e-06,0.0004897803518870781,0.00013879205399223372,25,0.4492218494415283,1.9686570167541504,1.1437339782714844,3.5616743564605713
167,158,2.5853819848092425,1.2297702242597837,-9.817547879673024,-9.817939740980474,0.818128989972752,0.8181616450817062,0.04888072606511727,0.05814595462127097,1.6625581096756719,0.6634863055380912,36.62429240911255,9.999999999999997e-06,0.0007078346049260822,0.00017020704773235362,26,0.49659180641174316,2.034538507461548,1.1421680450439453,3.6733593940734863
168,159,2.5853441363953373,1.2296568191273205,-9.81540349570368,-9.817939740980474,0.81795029130864,0.8181616450817062,0.04889768954877014,0.05814595462127097,1.666140277951186,0.6634886846617734,36.62230175749687,9.999999999999997e-06,0.0008861971112761153,0.00019146366689962234,24,0.4250493049621582,1.9933154582977295,1.0984225273132324,3.516860008239746
169,160,2.5853585055293387,1.2296873522098104,-9.815497520719548,-9.817939740980474,0.817958126726629,0.8181616450817062,0.04867009785004591,0.05814595462127097,1.665488899786098,0.6635065534784943,36.62307528997024,9.999999999999997e-06,0.0009076295616573515,0.0001756175501697791,25,0.43951416015625,1.968949556350708,1.361708641052246,3.7702343463897705
170,161,2.5853658206206798,1.229707907089367,-9.815021565088747,-9.817939740980474,0.8179184637573956,0.8181616450817062,0.04861746716076512,0.05814595462127097,1.6624489597582937,0.6635293351383523,36.62407555332519,9.999999999999997e-06,0.0006837001623852429,0.00012220242994953083,28,0.47956299781799316,1.969374656677246,1.1796386241912842,3.6286463737487793
171,162,2.585374936278543,1.2297685090564971,-9.817593054561993,-9.817939740980474,0.8181327545468328,0.8181616450817062,0.04869338906848947,0.05814595462127097,1.6619243807055,0.6635197011894518,36.62413720967763,9.999999999999997e-06,0.0009198793229992677,0.00022937032826401448,27,0.49040961265563965,1.9940407276153564,1.310520887374878,3.795027017593384
172,163,2.5853364389738447,1.229640254598887,-9.813646022525939,-9.817939740980474,0.8178038352104949,0.8181616450817062,0.0484519640561272,0.05814595462127097,1.6592144898187513,0.6635682838987716,36.626987581899144,9.999999999999997e-06,0.0004447615190187139,0.00014256120788234408,26,0.45382118225097656,2.006763219833374,1.1069118976593018,3.567556858062744
173,164,2.585400599816636,1.229828997492272,-9.815191546175111,-9.817939740980474,0.817932628847926,0.8181616450817062,0.04842150653072656,0.05814595462127097,1.6583501045821976,0.663571422057629,36.626237698345555,9.999999999999997e-06,0.0008762937615398083,0.00019038032225014058,26,0.46381330490112305,1.9503982067108154,1.446380376815796,3.8606419563293457
174,165,2.5853995868364,1.229862399490232,-9.814849953141454,-9.817939740980474,0.8179041627617879,0.8181616450817062,0.04850305564752684,0.05814595462127097,1.6576885948625204,0.6636146981965975,36.6297650087702,9.999999999999997e-06,0.0005545108028514046,0.00013477934354934538,28,0.3732132911682129,1.9348366260528564,1.2223894596099854,3.5305042266845703
175,166,2.58541227668683,1.2299147194219875,-9.815162470985825,-9.817939740980474,0.8179302059154855,0.8181616450817062,0.048594800315365914,0.05814595462127097,1.661396078307078,0.663620844086014,36.62951930389007,9.999999999999997e-06,0.0005569030869737326,0.0001451129814185905,25,0.45055699348449707,1.9829421043395996,1.4933967590332031,3.9269561767578125
176,167,2.585419142358562,1.2299358379907497,-9.817822605317826,-9.817939740980474,0.8181518837764855,0.8181616450817062,0.04879450936759317,0.05814595462127097,1.659931247954603,0.6636149342154303,36.63029039793662,9.999999999999997e-06,0.0005767651799575319,0.00013321445930054436,26,0.49304866790771484,2.0855021476745605,1.1264116764068604,3.705029249191284
177,168,2.5853985654500677,1.2298491913691068,-9.815511439525158,-9.817939740980474,0.8179592866270965,0.8181616450817062,0.04884054962612098,0.05814595462127097,1.6643906301646467,0.6636222874858136,36.62976724021066,9.999999999999997e-06,0.0005470467675935072,0.0001348388459184933,28,0.4856870174407959,1.9632809162139893,1.212634801864624,3.661670684814453
178,169,2.5854078554814888,1.2298622033849231,-9.816650600740855,-9.817939740980474,0.8180542167284046,0.8181616450817062,0.04862285130241175,0.05814595462127097,1.658527121952659,0.6636129541748824,36.62864412670119,9.999999999999997e-06,0.0005587190247087165,0.00013477622833051885,28,0.5178084373474121,1.968841791152954,1.3036258220672607,3.7903332710266113
179,170,2.585401031823444,1.2298136899036785,-9.815448335760527,-9.817939740980474,0.8179540279800439,0.8181616450817062,0.04858006468602269,0.05814595462127097,1.6582448929002567,0.6636255682157427,36.629117210856464,9.999999999999997e-06,0.00058378662903961,0.00012931326292417518,26,0.45879364013671875,1.9594776630401611,1.4387238025665283,3.85705828666687
180,171,2.58541209085885,1.2298367165563813,-9.816547929685655,-9.817939740980474,0.8180456608071379,0.8181616450817062,0.048645181942747154,0.05814595462127097,1.659258969372587,0.6636197121109648,36.6283548175503,9.999999999999997e-06,0.0008892543990432657,0.0001909400505141892,26,0.45888352394104004,1.9990386962890625,1.131657600402832,3.5896382331848145
181,172,2.5853979126423896,1.2297887353836314,-9.816859984330257,-9.817939740980474,0.8180716653608547,0.8181616450817062,0.048813418283161235,0.05814595462127097,1.662478845483065,0.6636169538524207,36.62847232560559,9.999999999999997e-06,0.0009441166830909495,0.0002214265052310003,27,0.5088598728179932,2.1092171669006348,1.3072028160095215,3.925346851348877
182,173,2.585382127484631,1.2297218304703172,-9.817444326311803,-9.817939740980474,0.8181203605259836,0.8181616450817062,0.04890287483430777,0.05814595462127097,1.6599817415649056,0.663602167273875,36.627520064134146,9.999999999999997e-06,0.00026479816129652064,0.00010110522346324423,26,0.47534608840942383,2.0102932453155518,1.5284655094146729,4.014175176620483
183,174,2.58536636836083,1.229609879029536,-9.816060243897859,-9.817939740980474,0.8180050203248216,0.8181616450817062,0.048741393717835584,0.05814595462127097,1.6649941885584383,0.6636035145100525,36.627292379275055,9.999999999999997e-06,0.0004072335356049316,0.00011941815199018445,26,0.5039310455322266,1.9597804546356201,1.4542078971862793,3.9179768562316895
184,175,2.585358809369506,1.2295839964862285,-9.815375324107173,-9.817939740980474,0.8179479436755978,0.8181616450817062,0.048662033009946024,0.05814595462127097,1.665565758700538,0.6636236381558518,36.62825250143789,9.999999999999997e-06,0.00029524091162615434,0.00010922998279364994,26,0.4493436813354492,1.9694526195526123,1.527268886566162,3.9461252689361572
185,176,2.5853585873908083,1.2296173695974497,-9.815327282549575,-9.817939740980474,0.8179439402124645,0.8181616450817062,0.04876329251929269,0.05814595462127097,1.662496096457815,0.6636421499973342,36.62901184231365,9.999999999999997e-06,0.00043153367313480745,0.00012318570312494381,26,0.45477890968322754,2.021868944168091,1.276268482208252,3.7529892921447754
186,177,2.585353086306233,1.2296018868370275,-9.815855187474895,-9.817939740980474,0.8179879322895746,0.8181616450817062,0.04877781308026669,0.05814595462127097,1.6654212092366834,0.6636545310318437,36.62973378970344,9.999999999999997e-06,0.0004378312897334626,0.00013176360057369296,26,0.4902975559234619,1.9414069652557373,1.2375962734222412,3.669370651245117
187,178,2.585375733336057,1.2296532361468795,-9.813801608872797,-9.817939740980474,0.8178168007393998,0.8181616450817062,0.048446504550294076,0.05814595462127097,1.6612934915963677,0.6636918693279713,36.6315732745936,9.999999999999997e-06,0.0004426210910404001,0.00013169261726726214,26,0.4556553363800049,1.939845085144043,1.3058233261108398,3.701385736465454
188,179,2.5853911151103026,1.2297942180971846,-9.815448568286358,-9.817939740980474,0.8179540473571966,0.8181616450817062,0.04860430109623155,0.05814595462127097,1.6599653695614052,0.663706717819481,36.63246582116992,9.999999999999997e-06,0.0005171753488251452,0.00015991552042546683,28,0.5036518573760986,1.969153881072998,1.5962424278259277,4.069106578826904
189,180,2.585401372282016,1.229813488306453,-9.81469025989868,-9.817939740980474,0.8178908549915566,0.8181616450817062,0.048520881920133374,0.05814595462127097,1.6604459516607477,0.6637309341848255,36.633876263917244,9.999999999999997e-06,0.0009558539352194848,0.00013592536076722494,27,0.4796788692474365,2.017035484313965,1.5669262409210205,4.063767671585083
190,181,2.585406487161717,1.2298674490947945,-9.815665773802353,-9.817939740980474,0.8179721478168628,0.8181616450817062,0.04864376494989706,0.05814595462127097,1.6612128036106242,0.6637369173032125,36.633974041995955,9.999999999999997e-06,0.0005818137828922685,0.0001347818255342839,28,0.5179705619812012,1.9531054496765137,1.6543514728546143,4.125488758087158
191,182,2.58540206900051,1.2298675407872515,-9.816550572718466,-9.817939740980474,0.8180458810598722,0.8181616450817062,0.04869181704626132,0.05814595462127097,1.661092829448151,0.6637399892244145,36.634589911803005,9.999999999999997e-06,0.0005851348463515576,0.00013478309966168437,28,0.5059292316436768,1.9335203170776367,1.439014196395874,3.878526210784912
192,183,2.585401872238461,1.2298335272533072,-9.81641416189683,-9.817939740980474,0.8180345134914025,0.8181616450817062,0.048720020056438856,0.05814595462127097,1.6582511486439273,0.6637305407347944,36.63339068507778,9.999999999999997e-06,0.0005820482717457521,0.0001314691115718907,26,0.46964073181152344,1.9622657299041748,1.494990348815918,3.926959753036499
193,184,2.5853618528820674,1.2297523794386889,-9.815292859743495,-9.817939740980474,0.8179410716452913,0.8181616450817062,0.04860686374099756,0.05814595462127097,1.6567238058875233,0.6637417334416363,36.63550943235577,9.999999999999997e-06,0.0005094552585553173,0.00016015190224134785,28,0.5281045436859131,1.9777796268463135,1.3945815563201904,3.9005286693573
194,185,2.5854125925556666,1.2298369077268876,-9.81647224419347,-9.817939740980474,0.8180393536827891,0.8181616450817062,0.04884521630090682,0.05814595462127097,1.6635194231488981,0.6637416673068822,36.63374770626998,9.999999999999997e-06,0.0005843527126423698,0.00012930109129667556,26,0.4520580768585205,2.0755441188812256,1.4872238636016846,4.014883995056152
195,186,2.5853979882016613,1.2297967102274494,-9.814666368995864,-9.817939740980474,0.8178888640829887,0.8181616450817062,0.048416953617688066,0.05814595462127097,1.6570326245297053,0.6637643280650393,36.63488876836182,9.999999999999997e-06,0.0005189623241162128,0.00015988360706388355,28,0.5266265869140625,1.9690372943878174,1.3852288722991943,3.8809545040130615
196,187,2.5854067589614886,1.2298551288637867,-9.814208134200287,-9.817939740980474,0.817850677850024,0.8181616450817062,0.04838636057774032,0.05814595462127097,1.6605542516548724,0.6637895448297345,36.636187250817166,9.999999999999997e-06,0.0007756002339773692,0.00015637566424648233,27,0.48889899253845215,1.9692044258117676,1.6896591186523438,4.147826910018921
197,188,2.585423319168892,1.2299127781155546,-9.81631670776912,-9.817939740980474,0.8180263923140934,0.8181616450817062,0.04899543746368859,0.05814595462127097,1.662407720817484,0.6637907466109014,36.63640818725565,9.999999999999997e-06,0.0005707588097042364,0.0001435957922395132,25,0.4571247100830078,1.9654369354248047,1.7390859127044678,4.16170597076416
198,189,2.5854416405515765,1.2299015666452402,-9.817406591605303,-9.817939740980474,0.8181172159671086,0.8181616450817062,0.048741844095283156,0.05814595462127097,1.66118161209657,0.6637941642990837,36.63740949414855,9.999999999999997e-06,0.0005776989778651767,0.0001427172621023817,25,0.47635889053344727,2.017688751220703,1.491945743560791,3.986056089401245
199,190,2.585432010750796,1.229839782010869,-9.817254169412424,-9.817939740980474,0.818104514117702,0.8181616450817062,0.04870261313148216,0.05814595462127097,1.6595221363430852,0.6637614100593878,36.634465690155054,9.999999999999997e-06,0.0003774059380381668,0.00011384709645857462,27,0.47040820121765137,2.002657413482666,1.6075434684753418,4.08067512512207
200,191,2.585425380332878,1.2297746414724604,-9.816642829207977,-9.817939740980474,0.8180535691006647,0.8181616450817062,0.04874697387069962,0.05814595462127097,1.6608755431228275,0.6637482106803163,36.632845817439645,9.999999999999997e-06,0.00037851515863275125,0.00011443603295366946,26,0.459735631942749,2.003779888153076,1.7621939182281494,4.225770950317383
201,192,2.5854235861884023,1.2297356917416944,-9.815569039993377,-9.817939740980474,0.8179640866661148,0.8181616450817062,0.04876581926832613,0.05814595462127097,1.6640863665734855,0.6637683169182927,36.634919517404086,9.999999999999997e-06,0.00010112147492042643,6.51781988724024e-05,26,0.4750254154205322,1.9914016723632812,1.5674145221710205,4.033919334411621
202,193,2.585430528836215,1.2297431669584507,-9.815789890671587,-9.817939740980474,0.8179824908892989,0.8181616450817062,0.04867582216329909,0.05814595462127097,1.6618388331753806,0.6637737666504426,36.63519051849427,9.999999999999997e-06,0.00034485759813297664,8.656147802145136e-05,26,0.45566415786743164,1.9728474617004395,1.639805555343628,4.06837797164917
203,194,2.5854304416699145,1.2297386232114282,-9.814990739601372,-9.817939740980474,0.817915894966781,0.8181616450817062,0.04879522923687952,0.05814595462127097,1.6623265936078155,0.6637801295910651,36.634160602720094,9.999999999999997e-06,0.00034691416006227813,8.659165725205398e-05,26,0.4716148376464844,2.0749831199645996,1.6409485340118408,4.187615633010864
204,195,2.5854287821262627,1.2297818906048024,-9.814030421599401,-9.817939740980474,0.8178358684666168,0.8181616450817062,0.04841861023867173,0.05814595462127097,1.6610368904225652,0.6638170567882866,36.63705509030479,9.999999999999997e-06,0.00037373226561259295,0.000116006271612492,26,0.4533817768096924,1.938870906829834,1.5921940803527832,3.9845051765441895
205,196,2.585429923271967,1.2298630104098296,-9.816168270823384,-9.817939740980474,0.8180140225686153,0.8181616450817062,0.048521008099878575,0.05814595462127097,1.6592832257730805,0.6638203869259055,36.637667461923996,9.999999999999997e-06,0.0006035824282996086,0.00013478312185957487,28,0.48882055282592773,1.9819324016571045,1.581078052520752,4.051897287368774
206,197,2.585429526695528,1.2298469363673374,-9.816775816179772,-9.817939740980474,0.8180646513483144,0.8181616450817062,0.04881450204417489,0.05814595462127097,1.6598319946240991,0.663812117616562,36.63700274329836,9.999999999999997e-06,0.0008556228932948749,0.0001905182084513295,27,0.4882218837738037,1.9529056549072266,1.7393302917480469,4.18052864074707
207,198,2.5854227814133677,1.2298152073040869,-9.816132064268235,-9.817939740980474,0.8180110053556863,0.8181616450817062,0.04864995251647725,0.05814595462127097,1.6611447643940238,0.6638003629441288,36.63491866101239,9.999999999999997e-06,0.0006260970553524668,0.00012927468438761534,26,0.47014856338500977,2.070387601852417,1.4479286670684814,3.9885354042053223
208,199,2.585426021406534,1.2297942536690911,-9.81608744416839,-9.817939740980474,0.8180072870140326,0.8181616450817062,0.04858225911896555,0.05814595462127097,1.6606796812846483,0.6638132576759619,36.63663369528635,9.999999999999997e-06,0.00041014455497257975,0.0001282594463357461,26,0.4442436695098877,1.9543735980987549,2.040576696395874,4.439251661300659
209,200,2.5854212414001942,1.229778110913966,-9.817275845601495,-9.817939740980474,0.8181063204667912,0.8181616450817062,0.048938449215986266,0.05814595462127097,1.6639996532839945,0.6638019476996884,36.63637225469232,9.999999999999997e-06,0.00038547049993466247,0.00011446429508834642,26,0.47532033920288086,1.955167293548584,2.014512062072754,4.445059061050415
210,131,2.5853695010105686,1.2300676202665228,-9.817939740980474,-9.817939740980474,0.8181616450817062,0.8181616450817062,0.04883895077604497,0.05814595462127097,1.6608827028381512,0.6631204700416278,36.60872226452241,9.999999999999997e-06,0.0005370888418623969,0.00021809322247073857,25,0.41238951683044434,1.9653592109680176,1.0245511531829834,3.4023571014404297
