,iter ,BETA_0,GAMMA_0,BETA_1,GAMMA_1,BETA_2,GAMMA_2,energy,best_energy,approx_ratio,best_approx_ratio,fidelity,best_fidelity,variance,corr_length,const_kernel,noise_kernel,std_energies,average_distances,nit,time_opt_bayes,time_qaoa,time_opt_kernel,time_step
0,0,2.964057392806696,0.5014270105585709,2.172654767441815,1.4667919904938764,2.9469613397165335,0.6295370658299146,-6.8176640138008535,-6.8176640138008535,0.5681386678167378,0.5681386678167378,0.0015056540088169935,0.0015056540088169935,5.641700458268431,10.714342557281682,59.11723641268317,0.2999845371712836,0.0,0.0,0,0.0,0.0,0.0,0.0
1,1,0.049260032422377587,1.6215020682807182,0.6224442550493937,1.6376700329141447,2.7705630712176985,1.0447959872801365,-5.532837495720076,-6.8176640138008535,0.46106979131000636,0.5681386678167378,0.0007933395076799585,0.0015056540088169935,5.280268072906576,10.714342557281682,59.11723641268317,0.2999845371712836,0.0,0.0,0,0.0,0.0,0.0,0.0
2,2,2.1535750915686687,1.985527722821379,1.588750525869478,0.3278613555645618,0.7417607375492593,2.464044974137577,-6.4727435652912435,-6.8176640138008535,0.5393952971076036,0.5681386678167378,0.0011235077210354303,0.0015056540088169935,3.392585342643976,10.714342557281682,59.11723641268317,0.2999845371712836,0.0,0.0,0,0.0,0.0,0.0,0.0
3,3,2.704763460047526,2.7413766116656233,2.8423158338901127,2.734690708056399,0.147452805880658,0.8219075794995383,-8.560716410734187,-8.560716410734187,0.7133930342278489,0.7133930342278489,0.0618753631375983,0.0618753631375983,4.399181801702937,10.714342557281682,59.11723641268317,0.2999845371712836,0.0,0.0,0,0.0,0.0,0.0,0.0
4,4,2.4718303049780186,0.8289924268680281,0.08220981234583957,0.8199553251404499,1.6762219350604644,2.9593797210799524,-5.667976469865661,-8.560716410734187,0.47233137248880513,0.7133930342278489,0.0005411080516656495,0.0618753631375983,4.321067504792083,10.714342557281682,59.11723641268317,0.2999845371712836,0.0,0.0,0,0.0,0.0,0.0,0.0
5,5,1.5518326973990981,1.0340668554933787,1.36473448104998,2.8904599842967453,0.58967926568604,2.5232599595075724,-7.374914344238298,-8.560716410734187,0.6145761953531915,0.7133930342278489,0.020026144435980723,0.0618753631375983,4.896743971744662,10.714342557281682,59.11723641268317,0.2999845371712836,0.0,0.0,0,0.0,0.0,0.0,0.0
6,6,1.6172418446052976,2.8587879622596954,0.9613950467910811,2.3207492925846687,1.4595578365738795,1.8708031993213659,-5.71008817541039,-8.560716410734187,0.47584068128419915,0.7133930342278489,0.0011713521556167134,0.0618753631375983,6.887388690383531,10.714342557281682,59.11723641268317,0.2999845371712836,0.0,0.0,0,0.0,0.0,0.0,0.0
7,7,1.043866059252834,1.3780074533774542,2.3120222249863405,2.2000425921323896,1.9059654619523185,2.080906183693134,-6.492463870479734,-8.560716410734187,0.5410386558733112,0.7133930342278489,0.006143957885343415,0.0618753631375983,6.00812988002378,10.714342557281682,59.11723641268317,0.2999845371712836,0.0,0.0,0,0.0,0.0,0.0,0.0
8,8,0.6143183870754223,0.01338118893199763,0.7190677358403645,0.15931391477387627,2.2758176327363864,0.0718204143260662,-7.645416290742634,-8.560716410734187,0.6371180242285529,0.7133930342278489,0.006061460048924159,0.0618753631375983,2.877623107085924,10.714342557281682,59.11723641268317,0.2999845371712836,0.0,0.0,0,0.0,0.0,0.0,0.0
9,9,0.7407124094298766,2.405266319138123,2.7285117470569,1.052932778129572,1.2175953738416312,1.5127530996748442,-8.448673693480366,-8.560716410734187,0.7040561411233638,0.7133930342278489,0.05242385155233529,0.0618753631375983,4.44503558959758,10.714342557281682,59.11723641268317,0.2999845371712836,0.0,0.0,0,0.0,0.0,0.0,0.0
10,1,0.01,0.01,3.141592653589793,0.01,0.01,0.01,-7.531663371612934,-8.560716410734187,0.6276386143010778,0.7133930342278489,0.004355207072534741,0.0618753631375983,3.726408363025726,23.85876382174739,49.09985061060019,0.6319459429471722,0.0009786432248939324,0.002749210149777804,115,4.207566738128662,6.426771640777588,0.48040008544921875,11.114797592163086
11,2,0.01,0.01,3.141592653589793,0.01,0.01,0.01,-7.516484182130846,-8.560716410734187,0.6263736818442371,0.7133930342278489,0.0036950062223426584,0.0618753631375983,3.697654304971671,3.119339282556352,21.122503941869912,0.0001153105621898191,0.0006782905240235629,0.00896496858937159,90,3.3211991786956787,6.50348687171936,0.3239450454711914,10.148679494857788
12,3,0.5724064675989159,2.455152814525804,3.141592653589793,1.2223650850583396,0.01,0.6765880012751201,-5.129137789987726,-8.560716410734187,0.4274281491656438,0.7133930342278489,0.001458466010359868,0.0618753631375983,5.898299202441795,100.00000000000004,45.268314834595955,0.9556425753867783,9.460190573893627e-05,0.009576588289871108,51,1.9498465061187744,6.598610162734985,0.3578033447265625,8.906304836273193
13,4,0.01,0.01,3.141592653589793,0.01,0.01,0.01,-7.584028990627731,-8.560716410734187,0.6320024158856442,0.7133930342278489,0.0045483436263755415,0.0618753631375983,3.721467719469885,84.72503229676707,47.5840068527203,0.9103777014933301,0.00015898538139384963,0.009796633291564681,77,2.873169183731079,6.426318645477295,0.3437919616699219,9.643327713012695
14,5,0.01,0.01,3.141592653589793,0.01,0.01,0.01,-7.540045914215238,-8.560716410734187,0.6283371595179364,0.7133930342278489,0.004034644495914593,0.0618753631375983,3.70808932694257,1.6600612479740349,20.153955775539874,0.0008425916740946771,0.0003994877057646997,0.009866302035228812,85,3.103724479675293,6.526998281478882,0.32381105422973633,9.954596519470215
15,6,0.797055339965019,1.7652622704464975,2.7672969197743678,0.39608067892325294,1.702702552694031,1.4495071845499468,-8.29572387298558,-8.560716410734187,0.6913103227487983,0.7133930342278489,0.011713465601661647,0.0618753631375983,3.0749671723242074,1.6928337872201842,19.487341331012942,0.0008430577812405627,0.0001415365994239435,0.008652023088957479,39,1.4796452522277832,6.542520999908447,0.36145734786987305,8.383694171905518
16,7,0.520964397926946,0.01,2.2106770246263996,0.1269585584986624,1.1941443415459538,0.6675112345444318,-7.46029095086036,-8.560716410734187,0.6216909125716966,0.7133930342278489,0.023181590198200517,0.0618753631375983,4.8154725346469505,1.7516522137685366,20.08428613939523,0.000843070130532906,0.00014989055828339146,0.009337520726205823,40,1.5415012836456299,6.53974461555481,0.3312368392944336,8.412528991699219
17,8,0.9701540417067344,2.3849680735958927,2.9563145333274763,0.7638003557121309,1.6404674644544266,1.6942483810854243,-8.390297961998147,-8.560716410734187,0.6991914968331789,0.7133930342278489,0.037011224876258145,0.0618753631375983,3.501175280135385,1.7741647431575358,19.26011961991409,0.0008426323261083524,0.0001872807509098679,0.009597924637714321,31,1.2307448387145996,6.528597593307495,0.33463406562805176,8.0940260887146
18,9,3.141592653589793,2.0130091178220924,2.9408753225761255,2.763696563779037,0.27330635608923737,1.179447990695975,-8.658743944844884,-8.658743944844884,0.7215619954037403,0.7215619954037403,0.012642769087146294,0.0618753631375983,2.618823598662928,1.8391679071897662,19.38485418831405,0.0008426363370106041,0.00024096128841457593,0.009147308857579434,42,1.6032781600952148,6.6065778732299805,0.3899984359741211,8.5999014377594
19,10,3.141592653589793,1.679258496636302,2.9967176502983333,2.830881279253161,0.20411112715740415,1.3525104636911087,-7.41141100590932,-8.658743944844884,0.6176175838257767,0.7215619954037403,0.003667285338724365,0.0618753631375983,3.552730851312667,1.316842175829758,17.8672803900369,0.0008532436155545468,0.00016011111132769828,0.009917423352986714,48,1.8281583786010742,6.582855939865112,0.40717172622680664,8.818235397338867
20,11,3.141592653589793,2.3313654497514023,2.7875817182747946,2.3723047033984557,0.7400968994677337,0.9499557211459503,-7.347007020958267,-8.658743944844884,0.6122505850798555,0.7215619954037403,0.014517733075742898,0.0618753631375983,4.893389706366946,79.02356291433694,51.96768453303114,0.8980751213651358,0.0003890852064020445,0.00970337521980794,51,1.9088404178619385,6.483035087585449,0.31133341789245605,8.703257083892822
21,12,0.01,0.01,3.141592653589793,0.01,0.01,0.01,-7.527434856956323,-8.658743944844884,0.6272862380796936,0.7215619954037403,0.0038418054605878693,0.0618753631375983,3.721135911471194,55.97424227294186,51.91908493536473,0.8435743795451771,5.265021551449142e-05,0.00975402316818617,103,3.800675868988037,6.448376893997192,0.3777444362640381,10.626846075057983
22,13,0.01,0.01,3.141592653589793,0.01,0.01,0.01,-7.568346326623278,-8.658743944844884,0.6306955272186064,0.7215619954037403,0.004419972246525364,0.0618753631375983,3.6807653894116115,1.1375332259984383,17.704547052308442,0.000684476687167802,8.467637691792409e-05,0.006376402395037218,117,4.328906774520874,6.602761507034302,0.4809987545013428,11.41272759437561
23,14,0.7823784176469026,2.1583356963268794,2.6230865301747324,0.7726024593785494,1.4828699076537772,1.7156922133697425,-9.228164417867324,-9.228164417867324,0.7690137014889437,0.7690137014889437,0.1512902160834903,0.1512902160834903,4.614682424127864,1.1025531525239864,17.782473387615585,0.0006832384012496881,0.0004469902785659869,0.009480357906536436,25,1.0157687664031982,6.437057018280029,0.5456950664520264,7.998570442199707
24,15,0.6503154682268153,2.0507011962668362,2.3312852793268934,0.6982246048703566,1.4397456533940731,1.992866642403666,-6.106761406172704,-9.228164417867324,0.5088967838477253,0.7690137014889437,0.008847265658841896,0.1512902160834903,7.075184605073886,0.7365578116878737,20.463464778928113,0.0006810905583840251,0.0005373605429843152,0.00917799243192585,26,1.0410683155059814,6.556190013885498,0.40804171562194824,8.005349159240723
25,16,1.0462255278165558,1.9801417420818213,2.6186993645895784,0.9116200820400309,1.5020861626494004,1.3750553516684125,-7.701732790698366,-9.228164417867324,0.6418110658915305,0.7690137014889437,0.013380025157050095,0.1512902160834903,4.994922179853546,67.17954217291297,52.83131740074013,0.9330384375113989,0.000778037090763506,0.008646304887984286,35,1.3489112854003906,6.5731377601623535,0.4081099033355713,8.330206871032715
26,17,0.01,0.01,3.141592653589793,0.01,0.01,0.01,-7.5247101672589665,-9.228164417867324,0.6270591806049138,0.7690137014889437,0.004033767037378599,0.1512902160834903,3.742439565205565,0.6916232712565723,22.017027795645962,0.0006241788106544773,0.000372365373053754,0.009678311473228332,73,2.708804130554199,6.399752855300903,0.36939358711242676,9.477997779846191
27,18,0.6849365971064,2.1729501470310004,2.794254798802001,0.7255306799768011,1.4836730081048994,1.6181795661392613,-8.408509349971903,-9.228164417867324,0.7007091124976585,0.7690137014889437,0.05326186671353651,0.1512902160834903,5.10959248854725,0.6400764164600109,22.621455001124595,0.0006255921021674527,0.0009100151289624393,0.0059520270451784655,39,1.5098326206207275,6.603248596191406,0.516221284866333,8.629351139068604
28,19,0.9453611305304394,2.270220273525587,2.6142522137305697,0.7825470734019325,1.4888143500899642,1.7267871105358077,-9.36464515335279,-9.36464515335279,0.7803870961127325,0.7803870961127325,0.12860722848378892,0.1512902160834903,3.6898453594865686,0.6518057437182662,22.171343255170054,0.0006257997790742113,0.0008093883295117143,0.005684573156436484,39,1.5071744918823242,6.597134351730347,0.39574170112609863,8.500111818313599
29,20,0.8953140898767397,2.2206795562920845,2.6339365169943756,0.8210851629125178,1.5147515876946327,1.7338915817120242,-8.591149912246998,-9.36464515335279,0.7159291593539164,0.7803870961127325,0.0931908515018176,0.1512902160834903,4.563392244929815,0.5280504863690203,27.99938360455651,0.000636814642878197,0.0009401066660116962,0.006351245051634664,34,1.3185486793518066,6.465233325958252,0.5786664485931396,8.362523078918457
30,21,1.038536660443205,2.415871732416693,2.5456107945457482,0.4375169910350666,1.2828925208127864,1.553713378973323,-6.637238637648743,-9.36464515335279,0.5531032198040619,0.7803870961127325,0.005387914303573927,0.1512902160834903,4.385359255795322,84.32902506486188,54.62962808882362,1.0199318365876702,0.0006982285763491127,0.00805392781042353,33,1.3000612258911133,6.605616092681885,0.46922779083251953,8.374951839447021
31,22,0.01,3.141592653589793,3.141592653589793,0.01,0.01,0.01,-7.581184380467398,-9.36464515335279,0.6317653650389499,0.7803870961127325,0.004338860414103359,0.1512902160834903,3.7227191251659235,75.9376030982268,54.532553465595335,0.98453507623489,0.0001756591805260385,0.009860920159257923,75,2.7811381816864014,6.353184938430786,0.4784111976623535,9.612782716751099
32,23,0.01,3.141592653589793,3.141592653589793,0.01,0.01,0.01,-7.484046800515018,-9.36464515335279,0.6236705667095849,0.7803870961127325,0.0038234174959286115,0.1512902160834903,3.757381711214535,85.72527344171097,54.67222485566934,0.9561802824223312,0.0002778439117599635,0.009640487129657501,69,2.598848819732666,6.306910514831543,0.4715149402618408,9.377337455749512
33,24,0.01,3.141592653589793,3.141592653589793,0.01,0.01,0.01,-7.4801984595743365,-9.36464515335279,0.6233498716311947,0.7803870961127325,0.003709920298471941,0.1512902160834903,3.7594034320908136,92.07004738762228,54.73871763041103,0.9282916982148764,0.0003762019619534048,0.009502266182619725,76,2.812312602996826,6.386379241943359,0.5217587947845459,9.720513343811035
34,25,0.01,3.141592653589793,3.141592653589793,0.01,0.01,0.01,-7.520085484257208,-9.36464515335279,0.6266737903547673,0.7803870961127325,0.003935294087507036,0.1512902160834903,3.744554324336235,0.4400057637431582,30.092014682287843,0.0011768131532481677,0.0003588052484435193,0.009590733696741413,88,3.2822108268737793,6.414731025695801,0.4530773162841797,10.1500825881958
35,26,0.8593128927683756,2.2415864541394885,2.5723131568567528,0.6987286657476192,1.3962757694047154,1.670171894067865,-7.829877841286387,-9.36464515335279,0.6524898201071989,0.7803870961127325,0.0537692235342469,0.1512902160834903,4.8964493754578555,72.04197456623572,54.44001598204666,0.8734019481073907,0.0009889277093226108,0.00665781178009921,63,2.3873462677001953,6.504082441329956,0.5104632377624512,9.401997327804565
36,27,0.01,3.141592653589793,3.141592653589793,0.01,0.01,0.01,-7.541360672774132,-9.36464515335279,0.6284467227311776,0.7803870961127325,0.0038166365139468165,0.1512902160834903,3.683954057596047,69.79902108357673,54.349147475751984,0.847902850231635,0.0006502611124061902,0.009889164451597734,79,2.8997864723205566,6.4077253341674805,0.4585096836090088,9.766082048416138
37,28,0.01,3.141592653589793,3.141592653589793,0.01,0.01,0.01,-7.55090037474263,-9.36464515335279,0.6292416978952192,0.7803870961127325,0.0037334512788981503,0.1512902160834903,3.7004671954898356,0.3562836212971968,35.773184302489824,0.0010678388994991347,0.0007135092496420179,0.008986313160337751,68,2.537343978881836,6.396390914916992,0.5052063465118408,9.439006328582764
38,29,1.1418593379484396,2.4161839504380564,2.615794706845617,0.7515569969661163,1.533699037558258,1.7718529630036775,-8.392103396072434,-9.36464515335279,0.6993419496727028,0.7803870961127325,0.0497225166729034,0.1512902160834903,3.7446191784114404,0.33989957326349607,35.35519436188703,0.001069704048740678,0.0008226250626840113,0.004740473532496697,40,1.5530295372009277,6.567448616027832,0.4526700973510742,8.573211193084717
39,30,0.7365303101823814,2.1019586116763778,2.639643810755712,0.7425543039217009,1.530208172331036,1.7288610863752614,-9.522293390167878,-9.522293390167878,0.7935244491806565,0.7935244491806565,0.16252362590225966,0.16252362590225966,4.354714139194741,0.3466480697576682,34.835583665529185,0.0010713886447077474,0.0009084852108462596,0.003252445593335041,47,1.7880327701568604,6.4613120555877686,0.6170487403869629,8.866455793380737
40,31,0.7295351977561624,2.080324478044599,2.6415880067737345,0.7276283037497705,1.5544374115836923,1.730693892576062,-8.990767994882004,-9.522293390167878,0.749230666240167,0.7935244491806565,0.1448945219161313,0.16252362590225966,5.782400103298997,0.3016385238449012,37.75372336650872,0.0010872775074618863,0.0007867078810847164,0.0031988978449824733,47,1.8091628551483154,6.610985279083252,0.5265798568725586,8.946793556213379
41,32,0.7071101641128735,2.1121947513885027,2.667562387640559,0.7776311544244997,1.4648684406759112,1.764725016050501,-9.310509113222219,-9.522293390167878,0.7758757594351849,0.7935244491806565,0.18072500122938379,0.18072500122938379,5.094881540679722,0.30070148152816095,37.011583566316446,0.001098873368873977,0.0009568184703702647,0.002570257168603571,45,1.7283382415771484,6.526285171508789,0.5193772315979004,8.774061918258667
42,33,0.9796492054793767,2.3183732219329074,2.6373992843059493,0.7582299024629002,1.5002097046258123,1.7260297719932984,-8.481873876720854,-9.522293390167878,0.7068228230600712,0.7935244491806565,0.08113213832330346,0.18072500122938379,4.593598519179679,4.874641395487375,24.573673145880587,0.6269364579694972,0.0009551266565029939,0.0025925759672742413,54,2.0921523571014404,6.508819341659546,0.43518614768981934,9.036247253417969
43,34,0.27028774233314523,2.0418593727770125,3.141592653589793,0.01,2.6591606298346337,2.012912465277884,-8.492484016489808,-9.522293390167878,0.7077070013741507,0.7935244491806565,0.011164763830045214,0.18072500122938379,2.8405729997005125,5.274941619971947,23.68544483167674,0.6358813011440049,0.0001339238087898644,0.009960428718470133,50,1.9316258430480957,6.538302421569824,0.5162200927734375,8.986209869384766
44,35,0.38421879761440714,2.0348670912516087,3.141592653589793,0.01,2.5686584120587357,2.0582539317191375,-8.913354565490376,-9.522293390167878,0.742779547124198,0.7935244491806565,0.02481445114404573,0.18072500122938379,3.1503870218291468,5.251254550098273,24.236545103567945,0.6156728392094363,0.00013682545847682075,0.009616916892039527,55,2.1124935150146484,6.521824359893799,0.46311330795288086,9.09749436378479
45,36,0.2842988883498183,2.0395856437719138,3.141592653589793,0.01,2.7108668034581203,2.1259455756750785,-9.057543324244788,-9.522293390167878,0.7547952770203991,0.7935244491806565,0.019786441318293206,0.18072500122938379,2.576939557068016,5.193736389885879,24.852293704103957,0.5953357546740154,6.516435786720821e-05,0.00934957497017829,64,2.418536901473999,6.414771795272827,0.48406124114990234,9.31743335723877
46,37,0.15130840896822764,2.044840531175007,3.141592653589793,0.01,2.8693217892364524,2.1940738442464576,-8.424157924301793,-9.522293390167878,0.7020131603584828,0.7935244491806565,0.008744353250112805,0.18072500122938379,2.87021230894743,5.047168507916573,23.576701944724014,0.5830278625139718,5.5329863191895564e-05,0.00969288833607565,65,2.4678332805633545,6.568426132202148,0.410907506942749,9.447227716445923
47,38,0.35424950717971737,2.0421050996180834,3.141592653589793,0.01,2.6197997173145837,2.044488217630815,-8.34852349698268,-9.522293390167878,0.6957102914152232,0.7935244491806565,0.010058622171108606,0.18072500122938379,4.369466169229526,0.8093624853025263,21.706231003742904,0.07952817776272819,0.00010806607150626028,0.008411032508365994,58,2.182229995727539,6.511775732040405,0.49332571029663086,9.187405824661255
48,39,0.7604112432943493,2.000646411185498,2.887285951649101,0.9339869566790465,1.7503347449319955,1.8888373222913868,-8.85874842028074,-9.522293390167878,0.738229035023395,0.7935244491806565,0.12027079967763366,0.18072500122938379,4.914665435549679,4.465604817181126,22.122214578535527,0.5423531899812751,0.0009419452793685102,0.009657913111028716,44,1.6945571899414062,6.503958702087402,0.46045541763305664,8.659066677093506
49,40,0.4412683055099361,2.0019868154870433,3.141592653589793,0.01,2.365685655234356,1.8825110504042384,-7.025948419866971,-9.522293390167878,0.585495701655581,0.7935244491806565,0.002210023027551951,0.18072500122938379,5.277308120356395,5.797703372021956,23.183313827942484,0.640802732902406,0.00017139573769064075,0.009407940737758615,59,2.237698554992676,6.580945730209351,0.500687837600708,9.319394588470459
50,41,0.3586395975250151,2.040364767046743,3.141592653589793,0.01,2.5035021250359506,2.3616125391339575,-8.182139143755355,-9.522293390167878,0.6818449286462797,0.7935244491806565,0.025218584376607053,0.18072500122938379,4.559548338574018,5.589329740277556,22.31541914581195,0.625066512007207,8.730945926068725e-05,0.009715945797414968,53,2.023858070373535,6.563185453414917,0.5150744915008545,9.102178812026978
51,42,0.5110250375937254,2.048885112942182,3.141592653589793,0.15486300738019101,2.344881956601867,2.1307399997487457,-8.040870456600727,-9.522293390167878,0.6700725380500606,0.7935244491806565,0.015309467607905745,0.18072500122938379,4.360072232914916,5.49540886959235,21.794212336636654,0.6141429822642697,3.076620146561537e-05,0.008037411264989773,47,1.8037524223327637,6.473799228668213,0.5451209545135498,8.82273554801941
52,43,0.5727572284983289,2.051144899510571,3.141592653589793,0.2779245600731509,2.242671953971728,2.0058857606211524,-8.954100108706996,-9.522293390167878,0.7461750090589163,0.7935244491806565,0.014036513774414108,0.18072500122938379,2.3691434983193034,5.255269622447188,21.628662486229633,0.5976746827342032,6.991975772077251e-05,0.009543225783427298,41,1.5893473625183105,6.5829973220825195,0.5665764808654785,8.73898458480835
53,44,0.6095351713177258,2.04838708773108,3.141592653589793,0.32012850624579187,2.2110640378221715,1.979472756805267,-8.791172072497895,-9.522293390167878,0.7325976727081579,0.7935244491806565,0.013179326819570066,0.18072500122938379,2.0348480910630258,4.999777198903269,21.328706784113624,0.578021455218352,6.682603985568833e-05,0.009511996201570772,46,1.7963192462921143,6.569200277328491,0.4797971248626709,8.845379114151001
54,45,0.6447066946390579,2.049837419211119,3.141592653589793,0.37414067802612905,2.169573457641735,1.9348765343874759,-9.133782619040089,-9.522293390167878,0.761148551586674,0.7935244491806565,0.026853252379979202,0.18072500122938379,2.1811104713001015,4.667989639390386,21.037826179844245,0.560896482742255,8.926261757313207e-05,0.009791677958780538,44,1.7193074226379395,6.413506031036377,0.49263501167297363,8.625509262084961
55,46,0.6906716733620694,2.054282299920686,3.141592653589793,0.4405564059489676,2.1412661804625976,1.8849055944588167,-8.8514237569073,-9.522293390167878,0.7376186464089417,0.7935244491806565,0.006693274489033064,0.18072500122938379,2.1232495599949175,4.318269798207883,20.666287349221943,0.53654367547339,8.446143374980124e-05,0.008430164591691207,46,1.780336856842041,6.6101298332214355,0.5566372871398926,8.947202682495117
56,47,0.7170214916520877,2.070555440817901,3.141592653589793,0.5065020708286022,2.1147860120180413,1.829194746003295,-8.978678656421085,-9.522293390167878,0.7482232213684238,0.7935244491806565,0.021257019135163806,0.18072500122938379,2.483355592174888,0.7507414618717024,21.141822176967246,0.08194897080666261,0.0001708274806430183,0.009893849270558664,40,1.5421347618103027,6.609645843505859,0.5396618843078613,8.691506147384644
57,48,0.6459423535168055,2.0650335576424927,3.057777873530528,0.5483305607858721,2.764200478578754,2.091649316016651,-5.4943575458601135,-9.522293390167878,0.4578631288216761,0.7935244491806565,0.0002419615250275928,0.18072500122938379,4.767052763910794,4.931587126781499,20.26803576152622,0.7115903527354727,0.0006498615664273119,0.008193444070706121,39,1.520669937133789,6.513002395629883,0.559528112411499,8.593262195587158
58,49,0.6124507100142679,1.9007229663743221,3.141592653589793,0.01,1.7312772684331674,1.9469975777257296,-6.7898586033297645,-9.522293390167878,0.5658215502774804,0.7935244491806565,0.001556825766049645,0.18072500122938379,5.05121234665237,6.3134268519583525,22.194393668177838,0.7851710031963363,0.00015075405245932956,0.009900672358465916,51,1.9661240577697754,6.517974138259888,0.5035512447357178,8.987711906433105
59,50,0.535067915526224,2.113452702165956,3.141592653589793,0.20936521584755816,2.0694225529176293,2.009888237805372,-7.109143264683968,-9.522293390167878,0.5924286053903306,0.7935244491806565,0.0023201675427403797,0.18072500122938379,4.4256033859661486,0.5858736717117895,23.113886760644615,0.06487257971081978,5.113565707860782e-05,0.008556092050429313,48,1.8332417011260986,6.514228105545044,0.4194633960723877,8.766997337341309
60,51,0.7828026741629015,1.7727617542387264,3.132776054857777,0.4978094271544844,2.0393260700311298,1.9078030264222732,-9.093156439427704,-9.522293390167878,0.7577630366189753,0.7935244491806565,0.07763881967159164,0.18072500122938379,3.3050870727615376,0.5914175371674453,22.650630535050066,0.0662489664716185,0.0009035118949365025,0.0072980415093451285,59,2.296891927719116,6.606321811676025,0.5113685131072998,9.414641857147217
61,52,0.7873151101745448,2.0431577561344296,2.7404601810487774,0.8325543338101922,1.5391624418150496,1.7807710075365981,-10.289479788434546,-10.289479788434546,0.8574566490362122,0.8574566490362122,0.23901472369054405,0.23901472369054405,3.0873083678644804,0.5737934089909129,23.383553348721232,0.06556252753485305,0.0009757221220065409,0.005163252321859703,42,1.6458933353424072,6.469185829162598,0.5273663997650146,8.642507553100586
62,53,0.878246337834895,1.9474649477106505,2.8171551387856675,0.8487657755795054,1.4512693525957812,1.8263556399982568,-10.284400857165087,-10.289479788434546,0.8570334047637572,0.8574566490362122,0.2361819322236128,0.23901472369054405,2.345898835378293,0.5769866703151488,23.224620761310057,0.06452837399900523,0.000700735333627603,0.00438811247234897,43,1.670318365097046,6.614794731140137,0.5501542091369629,8.83534550666809
63,54,0.8844505344002886,1.9425744235767783,2.822158484914101,0.8495528214501532,1.4447323513060415,1.829613603541213,-10.177484639491706,-10.289479788434546,0.8481237199576421,0.8574566490362122,0.2519166979944917,0.2519166979944917,3.0278759306757053,0.5743160949786242,23.208920180080277,0.061325280547501936,0.000917065373332971,0.004651496056160942,43,1.665867805480957,6.5498034954071045,0.5082168579101562,8.723949193954468
64,55,0.8683870790972099,1.9536189762822258,2.8090450627143917,0.8473074970480086,1.46030107142961,1.8211528892346258,-10.43224865530755,-10.43224865530755,0.8693540546089625,0.8693540546089625,0.2505871500637713,0.2519166979944917,2.137709271964681,0.5704224156629115,23.29788596561799,0.058437870113131486,0.000908553891583882,0.004756542188998478,44,1.710242748260498,6.47877311706543,0.47846245765686035,8.667541027069092
65,56,0.8629860332161281,1.9466918621836087,2.8049629969728915,0.8447617289509725,1.462031076240816,1.8169649455633015,-10.17761782521593,-10.43224865530755,0.8481348187679942,0.8693540546089625,0.2608270964728372,0.2608270964728372,2.982875102403696,0.5694494232735368,23.29829761868179,0.056299562622630125,0.0006426407252670126,0.0038530910480269937,45,1.7507524490356445,6.593050003051758,0.6103112697601318,8.954178094863892
66,57,0.8712430114682599,1.9649155118263963,2.8070614228214428,0.8486865690306961,1.458910421824256,1.8244106519235324,-10.55595410598231,-10.55595410598231,0.8796628421651925,0.8796628421651925,0.2956461087606699,0.2956461087606699,2.243228320756998,0.5678457899024097,23.34674300164118,0.05605598373841726,0.0009076242795028054,0.0050516392566810975,46,1.819864273071289,6.571614742279053,0.723726749420166,9.115269184112549
67,58,0.9262781662742118,1.9912085352101003,2.8325876055162085,0.8798367289486491,1.4061363694094675,1.8617082070254536,-10.24179532090244,-10.55595410598231,0.8534829434085367,0.8796628421651925,0.2712138890991964,0.2956461087606699,2.8292701471381037,0.5696923433712271,23.251092866713208,0.054812321682561324,0.0007357532648559808,0.004192236141775904,37,1.4687542915344238,6.4332287311553955,0.614112138748169,8.516156673431396
68,59,0.9059396578613164,1.963496804893381,2.812339658514238,0.8033191303034325,1.4825931550309501,1.8389418225540966,-10.46731235496505,-10.55595410598231,0.8722760295804209,0.8796628421651925,0.2892802451726787,0.2956461087606699,2.279543449909582,0.5696918972840034,23.21965963908141,0.05355221064272133,0.0007584350521759546,0.0035676042438777603,39,1.513535499572754,6.5569257736206055,0.7033689022064209,8.773891687393188
69,60,0.9294604907860081,1.9549950616457221,2.820105901633913,0.7820184505160336,1.4900723063859762,1.848328158160465,-10.128006696056085,-10.55595410598231,0.8440005580046738,0.8796628421651925,0.25499203997072545,0.2956461087606699,3.2117439298445873,0.5714923871910494,23.152083660835896,0.053295980722791764,0.0009272040081836948,0.003856952915161401,44,1.7110874652862549,6.600275039672852,0.616347074508667,8.927787065505981
70,61,0.8629119178347077,1.9823079536463728,2.798617981186264,0.8499225846134211,1.4640526980928574,1.8235925910562354,-10.261002486751376,-10.55595410598231,0.8550835405626147,0.8796628421651925,0.27943219405066094,0.2956461087606699,2.8710736811566164,0.5713698426090327,23.155533509603895,0.051569734573804024,0.0005713153755738563,0.0023496060057470874,41,1.6136109828948975,6.474129676818848,0.7800519466400146,8.867857217788696
71,62,0.8660314881629166,1.975268300629802,2.799800151493306,0.8440181126308094,1.4668908267125387,1.821948311335031,-10.32797453218774,-10.55595410598231,0.8606645443489783,0.8796628421651925,0.2518072744352886,0.2956461087606699,2.474661895858489,0.5692553210457713,23.18377387623902,0.04929058923892302,0.0007588404861536903,0.003198087145630776,40,1.5505774021148682,6.528266429901123,0.6994650363922119,8.778371572494507
72,63,0.8655930008292069,1.9765341934566543,2.7980222790406786,0.8429693392140655,1.4684720750697016,1.821704801606203,-10.571885875623437,-10.571885875623437,0.8809904896352864,0.8809904896352864,0.28422760582746426,0.2956461087606699,2.028373018859753,0.5659026580725308,23.215589565519043,0.04861105208223026,0.0008392271451065114,0.0036601706653782155,44,1.7016007900238037,6.5776591300964355,0.737891674041748,9.017213344573975
73,64,0.8618695514137279,1.9843969514799502,2.791324116344173,0.8448898839051806,1.4712364985374649,1.820730119955566,-10.395612323070758,-10.571885875623437,0.8663010269225632,0.8809904896352864,0.27142129359435374,0.2956461087606699,2.4928796028867737,0.563341172907354,23.24767593367709,0.04649879185083973,0.0008984152977465788,0.003029794498922462,46,1.7863738536834717,6.457884073257446,0.6977994441986084,8.94212007522583
74,65,0.8612409142411604,1.9865014806392294,2.7893357148237516,0.8446678354984264,1.472313918440167,1.8206691599750597,-10.641618851354927,-10.641618851354927,0.8868015709462439,0.8868015709462439,0.28809038510370805,0.2956461087606699,1.736695910129555,0.5589153944793464,23.296834237600283,0.04615933111912924,0.0008186051888058668,0.002448177268378926,42,1.6574556827545166,6.514570951461792,0.6256184577941895,8.797707319259644
75,66,0.8624127263415308,1.9961267918505137,2.7767401681563038,0.8514862387358259,1.4740802927236687,1.8243582580967406,-10.057251476957422,-10.641618851354927,0.8381042897464518,0.8868015709462439,0.22883033970417577,0.2956461087606699,3.513270133123143,0.5681286489529939,23.180697213897233,0.04966518507011389,0.0008565655952340374,0.0025464569152230153,47,1.8138434886932373,6.585749626159668,0.6325173377990723,9.032174587249756
76,67,0.8400243178179083,1.9737514589370728,2.838946219219255,0.8230137709831593,1.4601118185043633,1.8099938374045939,-10.422768258821952,-10.641618851354927,0.868564021568496,0.8868015709462439,0.2516753871246077,0.2956461087606699,2.1216529928010743,0.5680221236763632,23.18041540210249,0.048334099864574175,0.0008398793801091306,0.0030669489265740418,48,1.8643200397491455,6.518855571746826,0.5706465244293213,8.953917980194092
77,68,0.8387914596587484,1.9743091768236638,2.8411916432434996,0.8219317135971553,1.4595834689949077,1.8100229421232896,-10.097675080389171,-10.641618851354927,0.8414729233657643,0.8868015709462439,0.24461981697375884,0.2956461087606699,3.6760130963565416,0.5706493837195815,23.10490638586225,0.0491153367357689,0.0007641085107228717,0.0026955271369400137,47,1.8392963409423828,6.584573030471802,0.5663752555847168,8.990307807922363
78,69,0.8703039550966294,1.9504166348477991,2.7771255738975014,0.8505188517923492,1.4800478495542968,1.804483366932848,-10.092088169311682,-10.641618851354927,0.8410073474426402,0.8868015709462439,0.21837219148734707,0.2956461087606699,3.2091202554378384,0.5724634794494959,23.075744818735796,0.04945198172079905,0.0007285790811092174,0.0031845274618505274,49,1.8955011367797852,6.549274682998657,0.6157388687133789,9.060577154159546
79,70,0.86790131071944,2.00856753514912,2.82187887064202,0.832527114790592,1.4545547930917628,1.8623331527854057,-10.267930711601705,-10.641618851354927,0.8556608926334754,0.8868015709462439,0.2696436838029658,0.2956461087606699,2.5895288066210895,0.5729884286995439,23.049843505212884,0.04832312661780324,0.000996024935898971,0.002812313313376876,44,1.7371361255645752,6.511466026306152,0.6787552833557129,8.927420616149902
80,71,0.9763846328051088,1.9883527830732854,2.8932440153247803,0.9346485162922208,1.308286414732115,1.876920944144612,-9.439796975015089,-10.641618851354927,0.7866497479179241,0.8868015709462439,0.1634429041417349,0.2956461087606699,3.657250639536926,0.5639263306662243,22.90771670078119,0.04766279055263065,0.0009600544684076797,0.0071035020810166815,42,1.6702847480773926,6.636297941207886,0.6688642501831055,8.975508689880371
81,72,0.861621662232922,1.9838896960420924,2.79963262946509,0.812952924253194,1.493754197876105,1.834249180367445,-10.579738326419388,-10.641618851354927,0.8816448605349491,0.8868015709462439,0.3020785979853926,0.3020785979853926,2.171279315123215,0.5618971598727377,22.936934583111984,0.04716431232570818,0.000840038230233375,0.002033768861689296,48,1.9007840156555176,6.586555242538452,0.7625539302825928,9.249968528747559
82,73,0.8596120332316364,1.9848829716597582,2.7989419244056895,0.8025446613342551,1.5014156284307671,1.8415668103425804,-10.223608941110518,-10.641618851354927,0.8519674117592099,0.8868015709462439,0.28072604119553257,0.3020785979853926,2.9968678637740283,0.5633747695821949,22.90583302800484,0.04678097761646151,0.0005643214880949003,0.001700588847236596,51,1.998361349105835,6.581110000610352,0.6473703384399414,9.226918458938599
83,74,0.8646559633229239,1.9874529942279386,2.8010575950478294,0.8174011430149105,1.492893764506838,1.828276349534723,-9.987370413692393,-10.641618851354927,0.8322808678076994,0.8868015709462439,0.22460432901366323,0.3020785979853926,3.362835490823116,0.5687727908312531,22.849702849577728,0.04980060186426269,0.0009032853264712122,0.0022346737313237593,45,1.753521203994751,6.4569993019104,0.7255229949951172,8.936107635498047
84,75,0.8463546443606368,1.9625017659527209,2.7925210754877976,0.8291122469625283,1.472686481135447,1.8367296861178783,-10.462040137304694,-10.641618851354927,0.8718366781087244,0.8868015709462439,0.24794386968019977,0.3020785979853926,2.210167553069411,0.568097663708821,22.879708867674285,0.0487899030661277,0.0008518310007450269,0.0023682260995073734,49,2.050821542739868,6.569360971450806,0.6631662845611572,9.28341269493103
85,76,0.834256569294797,1.946365402505388,2.788468979787076,0.8255177237873753,1.4695952706171873,1.8465834648771966,-10.077009738284605,-10.641618851354927,0.8397508115237171,0.8868015709462439,0.23790785433212286,0.3020785979853926,3.1307919085014504,0.5683488982688313,22.799842946537304,0.048961910359269625,0.0004905732069639701,0.001836607746827031,51,2.0871479511260986,6.590739011764526,0.6172621250152588,9.295212268829346
86,77,0.8750591491028308,1.9906251174914957,2.8072870975371758,0.8368187490023157,1.482611087941926,1.8122706844641958,-9.895444796823199,-10.641618851354927,0.8246203997352666,0.8868015709462439,0.208930061415363,0.3020785979853926,3.2750787654849915,0.5746891943967353,22.76337512185034,0.05285644643722207,0.0007548245038133408,0.001959276422561833,48,2.047628402709961,6.553478240966797,0.6817090511322021,9.282875776290894
87,78,0.8546311796105717,1.9638160701090945,2.7932518517091824,0.8291229887317946,1.4645367458318697,1.8412259908743192,-10.181683444377516,-10.641618851354927,0.848473620364793,0.8868015709462439,0.24126467025701123,0.3020785979853926,3.050264500946028,0.5746042129624838,22.749755775515567,0.05201899015361787,0.0006288800607045217,0.0018851321139114292,54,2.225482702255249,6.505781888961792,0.8051650524139404,9.536493301391602
88,79,0.857645655687949,1.9697841162974838,2.7982806645666076,0.8340744372897109,1.4691419782731656,1.8316637014674366,-10.238180257552113,-10.641618851354927,0.8531816881293427,0.8868015709462439,0.24839347654610888,0.3020785979853926,2.6909565308125423,0.5738321120732354,22.75783449930098,0.05082398232010572,0.0007066413245143489,0.0021039274977634895,54,2.119037389755249,6.565715312957764,0.7104527950286865,9.395268440246582
89,80,0.8590583282353309,1.9715196870265446,2.7989567027045377,0.8346493400138523,1.4690980641142777,1.8302037119547288,-9.978369754764323,-10.641618851354927,0.8315308128970269,0.8868015709462439,0.25241028264653587,0.3020785979853926,3.642620149552201,0.5762797781991061,22.720710318226175,0.05235536276246729,0.0007295199530948259,0.0020096440330825863,53,2.1561367511749268,6.521999359130859,0.6539239883422852,9.332165002822876
90,81,0.8735117057928178,1.8561503679452853,2.8416340311866377,0.7745048218699057,1.4967199239305709,1.8165807354540133,-10.264753018042763,-10.641618851354927,0.8553960848368969,0.8868015709462439,0.250500243804511,0.3020785979853926,2.723093156099125,0.580030607474015,22.680860456609526,0.052036721144659556,0.0009566890628377407,0.0042255579931108995,45,1.781430959701538,6.635031461715698,0.6484298706054688,9.064952611923218
91,82,0.8692858979079636,1.9322627612145196,2.8179817983504374,0.8060520279991915,1.4898303904208925,1.8157623836538477,-10.462819018818495,-10.641618851354927,0.8719015849015412,0.8868015709462439,0.2774399949657117,0.3020785979853926,2.48270756189676,0.5800475844588164,22.67899111940983,0.051526457351012966,0.0001511843730776242,0.001159495645942544,54,2.216670274734497,6.518893480300903,0.6318552494049072,9.367483615875244
92,83,0.8701278215266498,1.9223260555120367,2.8231318870355078,0.7985361568814964,1.4974453594504689,1.8080047019491052,-10.225431208920158,-10.641618851354927,0.8521192674100132,0.8868015709462439,0.20715442089358363,0.3020785979853926,2.67842339323046,0.5796105038394936,22.684571109795517,0.05049255200281596,0.0009684532493741432,0.0030471921537606685,46,1.966078281402588,6.46429967880249,0.6172747611999512,9.047729015350342
93,84,0.8691671835138634,1.9331947553601014,2.8165646880639974,0.8058475640974254,1.487543421981221,1.8185643626684524,-10.565093265395358,-10.641618851354927,0.8804244387829465,0.8868015709462439,0.25855076829675117,0.3020785979853926,2.0493461845735936,0.5798573714058252,22.680073846800532,0.050802548842992915,0.0009497552123914735,0.0024811198079002744,52,2.511613607406616,6.624962091445923,0.7037527561187744,9.840401649475098
94,85,0.8697954785383261,1.9235669253226086,2.819317546387601,0.7972217924062039,1.4924178642910269,1.8142670543497332,-10.069710337275607,-10.641618851354927,0.8391425281063006,0.8868015709462439,0.20806066942979207,0.3020785979853926,2.7519564158887135,0.5803382632531215,22.670413776759435,0.05099502718852234,0.0009304246052021511,0.002671927577748847,49,2.4239773750305176,6.555107831954956,0.7461118698120117,9.72525930404663
95,86,0.8691383983481173,1.9394364485754914,2.8157512583843647,0.8143146893046139,1.4855209728997731,1.8245479820636539,-10.231007680008489,-10.641618851354927,0.8525839733340407,0.8868015709462439,0.24850020787769625,0.3020785979853926,3.072949587283645,0.5795950908048895,22.68209759214925,0.049978903670186335,0.0007967288378444039,0.002563970852797486,51,2.516427516937256,6.482539892196655,0.8626010417938232,9.861666202545166
96,87,0.9919178340365079,1.8282438737262867,2.853360306858553,0.7064377722918573,1.5330212745918912,1.864718336890322,-9.483482688984216,-10.641618851354927,0.790290224082018,0.8868015709462439,0.14605931689673088,0.3020785979853926,3.699102670586541,0.5756067452105876,22.622118105465724,0.04990649806731117,0.0009084739649842133,0.005200263598585298,45,1.9559917449951172,6.599489450454712,0.7112822532653809,9.266826868057251
97,88,0.8023864263331296,1.9162750424835238,2.8233941959158586,0.8509921124413832,1.4669683350490679,1.7903819320535035,-10.416542416848179,-10.641618851354927,0.8680452014040149,0.8868015709462439,0.24895007391751053,0.3020785979853926,2.2574854008598777,0.5767598204289981,22.657245324350768,0.049353664396992514,0.0006395544302175011,0.0027624828882957878,43,2.038581609725952,6.587820768356323,0.7505781650543213,9.377046585083008
98,89,0.7891456056785514,1.9001529942881215,2.8266725246708777,0.8581245321114523,1.461872813032984,1.7849923499562863,-10.364707288441794,-10.641618851354927,0.8637256073701495,0.8868015709462439,0.16594277233601296,0.3020785979853926,2.0178340696002834,0.5769252503338266,22.6731080059794,0.04847897586878209,0.0009568788362490609,0.0030764408818842724,48,2.032697916030884,6.472714185714722,0.8129103183746338,9.318384647369385
99,90,0.7972979362452195,1.9112644991596432,2.824656610579607,0.8535170456785862,1.4657907678546003,1.7878378270214506,-10.084944425166002,-10.641618851354927,0.8404120354305001,0.8868015709462439,0.18757673428452434,0.3020785979853926,2.8737248086053597,0.5776022270765988,22.60750580001544,0.048669720117020296,0.0006848701719306084,0.002328371355820823,47,2.067990303039551,6.49690842628479,0.664600133895874,9.229559898376465
100,91,0.8308243947898387,1.944876761768642,2.8191187496780867,0.8343129527208766,1.474372958636627,1.802466575432853,-10.19498828215,-10.641618851354927,0.8495823568458333,0.8868015709462439,0.20527800366900165,0.3020785979853926,2.711160440107065,0.5772469005877046,22.61179083505028,0.0479716541133512,0.0008478730323533092,0.0020416157122990575,47,2.4261457920074463,6.577025651931763,0.7091586589813232,9.712392091751099
101,92,0.8359061805612754,1.946030127242755,2.813861854881533,0.8346675291895579,1.471651953411212,1.8079679777176143,-10.101336362897158,-10.641618851354927,0.8417780302414298,0.8868015709462439,0.21468022957158484,0.3020785979853926,2.97982762770188,0.5771369270976613,22.611241862171575,0.04781224155261736,0.0009336205464550415,0.0025617398792718077,45,2.4242424964904785,6.4978227615356445,0.8150861263275146,9.73724102973938
102,93,0.8462163770101065,1.9514666385282189,2.8126419268581073,0.8367970589647953,1.4725634152440528,1.8161575868618274,-10.690194700401634,-10.690194700401634,0.8908495583668028,0.8908495583668028,0.3315483643759415,0.3315483643759415,1.994993837891485,0.5789013402483342,22.580844491619676,0.04981463311865517,0.0009565758848663275,0.0033599343056834397,55,2.698662281036377,6.565523386001587,0.7498979568481445,10.014145851135254
103,94,0.8381052168344602,1.946577119091127,2.8213635575116296,0.8476276835555869,1.4792085579667564,1.8181074071450651,-10.091566939890964,-10.690194700401634,0.8409639116575803,0.8908495583668028,0.22378264814352866,0.3315483643759415,3.113892890175947,0.5790136289884201,22.583118870965816,0.0497295382652117,0.000984753888111923,0.002623025702874901,46,2.1532680988311768,6.556537389755249,0.7154316902160645,9.425299882888794
104,95,0.735988030236169,1.754749160224358,2.8580614792232764,0.8507481819168546,1.4226052221692598,1.7639198287460194,-8.708863450899994,-10.690194700401634,0.7257386209083329,0.8908495583668028,0.07933161865695482,0.3315483643759415,5.074830406670316,0.5602720519852782,22.723296436732035,0.051146551693468024,0.0009487754312699266,0.005220248826234536,37,1.7760560512542725,6.562039852142334,0.8705849647521973,9.208747386932373
105,96,0.8607105386400612,1.9709406684232138,2.8256141880491956,0.8314600736548371,1.5002888688718923,1.7932416877556034,-10.424735922160277,-10.690194700401634,0.8687279935133564,0.8908495583668028,0.2817492535430677,0.3315483643759415,2.7961367957958316,0.5601770371190806,22.72146610574989,0.0504770513804171,0.0008598550295562479,0.00236715286840777,41,1.9314520359039307,6.533347129821777,0.8166062831878662,9.281467914581299
106,97,0.8631343759737123,1.9718406646565965,2.8303202926194335,0.8327469168802784,1.504250695280083,1.78833521779729,-10.329871947202037,-10.690194700401634,0.8608226622668363,0.8908495583668028,0.2396265487982886,0.3315483643759415,2.678333488493408,0.5599283440746993,22.722766799078226,0.04960512408229732,0.0006659125029701268,0.0018882479602729198,43,2.1886870861053467,6.597005844116211,0.7448418140411377,9.530596017837524
107,98,0.8611020267078042,1.9710278238470236,2.8273615222673505,0.8316534669815177,1.5019112270282522,1.7908679064692778,-10.01066565752693,-10.690194700401634,0.8342221381272442,0.8908495583668028,0.2195100712235904,0.3315483643759415,3.3779631365366214,0.5608789785928683,22.708496743365842,0.0503351979965062,0.0009573943139294208,0.002264398044802736,40,2.0952446460723877,6.555307865142822,0.8053064346313477,9.455921173095703
108,99,0.8532696042613669,1.9679090033408189,2.809038344641876,0.8252357372436641,1.4819495590461818,1.8113466940956793,-10.203826380888888,-10.690194700401634,0.850318865074074,0.8908495583668028,0.23703276133636958,0.3315483643759415,2.8773591976818977,0.5603048775687042,22.717122205855883,0.04961693818495266,0.0007620931904913414,0.0019999718663997,49,2.6156468391418457,6.454251289367676,0.7695410251617432,9.839630842208862
109,100,0.8547255176881335,1.9666293854041066,2.8102708475693494,0.8320179978733478,1.482694787007485,1.8162934118622498,-10.491424690548957,-10.690194700401634,0.8742853908790797,0.8908495583668028,0.26182682550245173,0.3315483643759415,2.206365755405102,0.5600293392538462,22.72077490895552,0.04930434156476997,0.0007955320022466386,0.0024739365169808634,47,2.526414155960083,6.581194162368774,0.8100833892822266,9.917752981185913
110,101,0.8528354782561479,1.9671881352568352,2.811868760753728,0.8332696856070072,1.4862350010828909,1.8169663778332585,-10.407457982371424,-10.690194700401634,0.8672881651976186,0.8908495583668028,0.27014297645919944,0.3315483643759415,2.539661895157309,0.5593668414880109,22.730989071062186,0.048569226949962636,0.0006837585835699374,0.0019838172815062156,50,2.599564790725708,6.5210676193237305,0.8040206432342529,9.924712896347046
111,102,0.8515003518772296,1.967351821484444,2.8134079731000035,0.834839818033238,1.4888922707790608,1.8183915202656131,-9.547711693044947,-10.690194700401634,0.7956426410870789,0.8908495583668028,0.16419644924966972,0.3315483643759415,4.06112693437575,0.5671357323591408,22.60952229700483,0.0576258747956946,0.0007710371133132759,0.002044186148973315,49,2.678853750228882,6.4636781215667725,0.8532900810241699,9.995884656906128
112,103,0.8690779648127344,1.968657241384923,2.796590872249897,0.8151097404824483,1.458373776467601,1.8025809698537978,-10.117393237095555,-10.690194700401634,0.8431161030912963,0.8908495583668028,0.24720956671560573,0.3315483643759415,3.4971498462700055,0.5680256730577226,22.590837892567926,0.05729254625271853,0.0006445912377102155,0.001698879570854866,53,2.5501885414123535,6.582826137542725,0.8802797794342041,10.013355493545532
113,104,0.865280916701909,1.9658517193503313,2.8040458378822417,0.8371611966287326,1.473783198432794,1.8209996933040165,-10.03054588834493,-10.690194700401634,0.8358788240287441,0.8908495583668028,0.1798111080923516,0.3315483643759415,2.962344597550512,0.5683215974294586,22.590188427407433,0.0574514754639154,0.0006056813793442446,0.001981674431460649,52,2.7403974533081055,6.538153171539307,0.6989603042602539,9.977574110031128
114,105,0.8601121617892821,1.9657296702444365,2.813446867026176,0.8214533298867692,1.4748302135115818,1.8230374471956732,-10.418105395354388,-10.690194700401634,0.8681754496128656,0.8908495583668028,0.239736057067568,0.3315483643759415,2.2288865820823958,0.5676985273099362,22.60013346897244,0.05678149231401534,0.000878712935579385,0.002692555020560277,48,2.4978835582733154,6.444650650024414,0.9058539867401123,9.848490476608276
115,106,0.8584847854472529,1.9673586088059816,2.8180037868259795,0.8143667988929332,1.4737090917968811,1.8249038349639641,-10.568385353143691,-10.690194700401634,0.8806987794286409,0.8908495583668028,0.2770624776009737,0.3315483643759415,1.908208527114482,0.5675657457112527,22.605370628880998,0.05703907520666299,0.0008725586399728382,0.0023371556425939794,50,2.626390218734741,6.561997413635254,0.8496377468109131,10.038099765777588
116,107,0.8541839981281915,1.9728378046266366,2.8284872694392273,0.8004972650237738,1.4712552630483178,1.829846796077015,-10.573120068288196,-10.690194700401634,0.8810933390240163,0.8908495583668028,0.29515142191330596,0.3315483643759415,2.0297849469985323,0.5667055952996286,22.63163299753602,0.05709706882881997,0.0009106425755817239,0.002312282674682485,49,2.5995543003082275,6.52733588218689,0.7914676666259766,9.918422222137451
117,108,0.8488219319195591,1.9794793764438656,2.8419252250667135,0.785502693303061,1.4685705653333383,1.837010244170806,-10.720201451021268,-10.720201451021268,0.893350120918439,0.893350120918439,0.34310575027027684,0.34310575027027684,1.9449145060874429,0.563897357753939,22.7209142412727,0.05772719477311105,0.0006873136096621211,0.002108203350321091,50,2.7313120365142822,6.42998743057251,0.9281477928161621,10.089509725570679
118,109,0.8418953533096413,1.9884804085998138,2.8627418722442126,0.7653635932186341,1.464818182072456,1.8493424405067667,-9.821353470795563,-10.720201451021268,0.8184461225662969,0.893350120918439,0.18532083082954548,0.34310575027027684,3.316035412461005,0.5704136142457636,22.530394656393927,0.060857600141560234,0.0008025937610740505,0.0018941440461644702,48,2.624887228012085,6.540415048599243,0.9346320629119873,10.099998474121094
119,110,0.8583106910976568,1.9709456507149663,2.8200925685677882,0.8023090060445095,1.4710268409642373,1.8221442306773534,-10.353217640475332,-10.720201451021268,0.8627681367062777,0.893350120918439,0.29154576721310443,0.34310575027027684,2.6904223136940857,0.5695841241994639,22.543048228624624,0.059934858793369274,0.0009915552722379519,0.001581405823132891,44,2.382382869720459,6.506776571273804,0.8251628875732422,9.714383602142334
120,111,0.8582157369954246,1.9708774856487117,2.819938151239453,0.8013868316050256,1.4703037077129135,1.8216856025460104,-9.943573779281449,-10.720201451021268,0.8286311482734541,0.893350120918439,0.18161057315008255,0.34310575027027684,2.9177241568876866,0.5721366223989445,22.503229114288803,0.06123671600401789,0.0009239988237226349,0.0019152833426425804,46,2.22312331199646,6.500431776046753,0.8779313564300537,9.601587057113647
121,112,0.8587871001795649,1.96836154025764,2.8208912030618176,0.8153390071484684,1.4777375639447632,1.8287832404643503,-10.638935719343376,-10.720201451021268,0.886577976611948,0.893350120918439,0.3154694061665584,0.34310575027027684,2.089588365995297,0.5720449962898636,22.501500342011585,0.06187319966013703,0.000737605806593456,0.0014695614802313118,52,2.681283712387085,6.486706972122192,0.9074490070343018,10.075500249862671
122,113,0.8578415609564306,1.9696309827768164,2.8250196975896023,0.8136799460351026,1.4798109711496192,1.8327962178953,-10.21651583645972,-10.720201451021268,0.8513763197049767,0.893350120918439,0.25041035115534505,0.34310575027027684,2.7692533395124457,0.5717246829392184,22.507013763391793,0.06113601376773501,0.0006275740219951716,0.0014474157978672075,51,2.809258460998535,6.519740104675293,0.8386971950531006,10.167755126953125
123,114,0.8583412942107224,1.9689180560131694,2.8228287680050594,0.8138251473102139,1.4783074281041482,1.8304239168908825,-10.358530335162015,-10.720201451021268,0.8632108612635013,0.893350120918439,0.2768958866374131,0.34310575027027684,2.5492774412322774,0.5709669356256217,22.51817906086701,0.060278142189933714,0.0008814130711755652,0.0017083358145235407,50,2.710127115249634,6.411030292510986,0.8602604866027832,9.981496095657349
124,115,0.8580606373287224,1.9688106681981306,2.8234167786983972,0.8135040086078105,1.478355975141829,1.831037972675071,-10.290232813959207,-10.720201451021268,0.8575194011632673,0.893350120918439,0.21757114288467122,0.34310575027027684,2.3615265303976543,0.5703582714170304,22.52763089745302,0.05943582159467493,0.0007559162383602583,0.0014885675499918302,49,2.676630735397339,6.540557384490967,0.9907016754150391,10.20795202255249
125,116,0.8580859430807222,1.9684557932761757,2.822948927792109,0.8135143913759086,1.4778770568045558,1.8305610004418686,-9.995282389951294,-10.720201451021268,0.8329401991626079,0.893350120918439,0.24508832290074006,0.34310575027027684,3.570665421559866,0.5714999138031874,22.512698964278165,0.060039135654233265,0.0009252758510184947,0.0017758179560154765,45,2.462528944015503,6.510789632797241,0.9810748100280762,9.95446515083313
126,117,0.8596374642044817,1.9676143109319653,2.8176575487854545,0.8155525286731551,1.4755487417333668,1.8250648942778467,-10.406370991027414,-10.720201451021268,0.8671975825856179,0.893350120918439,0.2703893912985918,0.34310575027027684,2.437236135394656,0.5707631180732701,22.523124402730968,0.05933281376760533,0.0009866961898037001,0.002067839921857838,49,2.7001473903656006,6.590477228164673,0.969304084777832,10.260008811950684
127,118,0.8595062036483855,1.9676216874592505,2.818042996728448,0.8144065817665886,1.4751281827885427,1.8250842879896063,-10.428852788310113,-10.720201451021268,0.8690710656925095,0.893350120918439,0.2827286496625435,0.34310575027027684,2.431645681881747,0.5700196959421513,22.533471642836105,0.05869726248622948,0.0009760886621706369,0.0017517219771716122,52,2.824991464614868,6.449772119522095,1.16707181930542,10.441900968551636
128,119,0.8593717286471283,1.9677007648725304,2.8184395647932425,0.8130119550479737,1.4745770282571067,1.8250206791371408,-10.689401754533625,-10.720201451021268,0.8907834795444688,0.893350120918439,0.31673610276143205,0.34310575027027684,1.8857110088283235,0.5700492181510852,22.529981195027563,0.05971418614076033,0.0008520291737731523,0.0018688844713821173,45,1.9941911697387695,6.5177552700042725,1.0342891216278076,9.546308755874634
129,120,0.8593027933455605,1.9687970293609904,2.819502664764417,0.8092510886311046,1.4735205866041807,1.8246793483742632,-10.52753075308232,-10.720201451021268,0.8772942294235268,0.893350120918439,0.315952133014157,0.34310575027027684,2.486021803934918,0.5692331385200605,22.541278091820363,0.059412611945940476,0.0008895251893082661,0.0017703353963186182,45,2.295426845550537,6.510766506195068,0.9383008480072021,9.7445707321167
130,121,0.8592265798254872,1.9693734751178862,2.8198354343950656,0.8063781127792964,1.4721307697021753,1.8238866975603871,-10.32265431560946,-10.720201451021268,0.860221192967455,0.893350120918439,0.2498625859327518,0.34310575027027684,2.771370936610353,0.5686210744242225,22.550569821277104,0.05863424543149394,0.0007891623986956629,0.0017304880981804578,47,2.540159225463867,6.4305579662323,0.872363805770874,9.84314250946045
131,122,0.859152486394614,1.9691284435774954,2.8197680192954935,0.8064107299416561,1.4719516170457572,1.8238978132483814,-10.300419470158165,-10.720201451021268,0.8583682891798471,0.893350120918439,0.23956349517619352,0.34310575027027684,2.6181634229729838,0.5680978275568697,22.558575567407555,0.0578904500425916,0.0008002927970622084,0.0017553293761620814,45,2.339322328567505,6.532482862472534,0.9264047145843506,9.798272848129272
132,123,0.8590817661679253,1.968813416330689,2.8197203102929635,0.8068415439596892,1.4720095079860291,1.8240816798773745,-10.190088266608932,-10.720201451021268,0.849174022217411,0.893350120918439,0.2318188541794723,0.34310575027027684,2.8094761938455832,0.5681271088801495,22.558506991117603,0.05742073934463725,0.0007690243449199331,0.0015748813274978882,42,2.0391249656677246,6.56486177444458,0.8896219730377197,9.493692874908447
133,124,0.8590573205968682,1.9682204819100708,2.8197352452039253,0.8091773073438445,1.473224147026454,1.8250439728158117,-10.107363196451416,-10.720201451021268,0.8422802663709513,0.893350120918439,0.23764998239229412,0.34310575027027684,3.1184826497272837,0.5686002471780622,22.552485788520563,0.0573182548335743,0.0007344717425895652,0.0015382272535547745,45,2.3462510108947754,6.430590629577637,1.074828863143921,9.851743936538696
134,125,0.8592160693593421,1.9676518730892574,2.819330323229371,0.8121193273730781,1.4745433888696005,1.8257030620766974,-10.545090056568988,-10.720201451021268,0.8787575047140823,0.893350120918439,0.3031998120519803,0.34310575027027684,2.164049417829716,0.5680129990460792,22.55966877414906,0.057191913416149695,0.0008867099612099226,0.0018529193300571146,45,2.410435199737549,6.554595470428467,0.9921786785125732,9.957282543182373
135,126,0.8590257082040106,1.9679587636161588,2.8200811170483258,0.8103116805090569,1.4739980601410607,1.8259029095771262,-10.541277850289333,-10.720201451021268,0.8784398208574444,0.893350120918439,0.2914476890896488,0.34310575027027684,2.3259060704787515,0.5673295209546128,22.56865999877317,0.057011425768237964,0.0006272796452016975,0.0013731081728966413,44,2.407888889312744,6.514392375946045,0.8216152191162109,9.743957996368408
136,127,0.8587995283412327,1.968289932532422,2.82074997653646,0.808311261651871,1.4732231645164673,1.8259598987676522,-10.296725770440279,-10.720201451021268,0.8580604808700233,0.893350120918439,0.2443085761078736,0.34310575027027684,2.8733276945351633,0.5668247058430409,22.57648560230265,0.056331070895059954,0.0007675390836113668,0.0017344651779558475,43,2.1502015590667725,6.42195987701416,1.0308423042297363,9.603070974349976
137,128,0.8587855835408957,1.9680204849053298,2.8206226908744294,0.8086257670195178,1.4731776037368556,1.8259693790557816,-10.65291409987365,-10.720201451021268,0.8877428416561375,0.893350120918439,0.32945835858611566,0.34310575027027684,2.0460100256988056,0.5663745864053165,22.581771352334822,0.056819284782896246,0.0008299133400496273,0.001742290328748013,45,2.4448273181915283,6.435547351837158,0.9704184532165527,9.85086464881897
138,129,0.8584810385372038,1.9686940294614088,2.8214035133070645,0.8054718397779219,1.4718210187515905,1.8258029515270493,-10.228553302671248,-10.720201451021268,0.8523794418892706,0.893350120918439,0.23854949525729202,0.34310575027027684,2.8390077404318816,0.5662619505912735,22.583572864368644,0.05630360771899936,0.0007197839255145094,0.0014521965292995228,41,2.2479007244110107,6.499182462692261,1.0148963928222656,9.762056827545166
139,130,0.8585769886576861,1.968275847130236,2.8212291132724023,0.8069745686494776,1.472530605145549,1.826116140155161,-10.099230436002792,-10.720201451021268,0.841602536333566,0.893350120918439,0.21526309341805103,0.34310575027027684,2.798860767544994,0.5669419522529603,22.573942421166866,0.056327834713687894,0.0008743218155532951,0.0017600822573986185,39,2.1684634685516357,6.4402806758880615,1.0147581100463867,9.623573064804077
140,131,0.8589025180786884,1.9678139866624134,2.8206918770715466,0.809810880383046,1.4739576140964568,1.826413124302232,-10.419613251642486,-10.720201451021268,0.8683011043035406,0.893350120918439,0.2756230993295085,0.34310575027027684,2.6834608963456077,0.5662094002049475,22.584524941752825,0.05574544933334597,0.0007813960049524881,0.0016909611071314874,48,2.58888578414917,6.515897274017334,1.1586618423461914,10.263513565063477
141,132,0.8587620815171254,1.967766331438886,2.8209841089794603,0.8090784392920457,1.4735566486643743,1.826525503846377,-10.167362114859895,-10.720201451021268,0.8472801762383245,0.893350120918439,0.2447828902750054,0.34310575027027684,2.9393054918307087,0.5663244691553418,22.583668815591945,0.055431003803721075,0.0008033424988580305,0.001567659565050646,47,2.6321775913238525,6.487589120864868,1.2423834800720215,10.362212657928467
142,133,0.8589517703388001,1.9674635986180447,2.820412273565219,0.8104509398895237,1.4739930780090513,1.826337974843674,-10.01869223724737,-10.720201451021268,0.8348910197706142,0.893350120918439,0.21763049050243594,0.34310575027027684,3.0848637283842777,0.5674188753937235,22.569029817763276,0.05591149335920723,0.0009644031618325549,0.0015268219122686112,48,2.471797466278076,6.507684946060181,1.1637322902679443,10.14328408241272
143,134,0.8593105002013881,1.9672987683974608,2.8193317419867028,0.8127955621917041,1.4748603049124056,1.8258750574932916,-10.31947523583653,-10.720201451021268,0.8599562696530442,0.893350120918439,0.25507072836886835,0.34310575027027684,2.8795418862623023,0.5668558637354101,22.577645683514135,0.055277493532003806,0.0006038641346485531,0.0011875807476312843,51,2.7109787464141846,6.461713075637817,0.9092843532562256,10.082037687301636
144,135,0.8592581706762034,1.9671097509091504,2.81930563010074,0.8127370288821809,1.4746571015731105,1.8258605065941214,-10.486711932796858,-10.720201451021268,0.8738926610664048,0.893350120918439,0.28457252739111205,0.34310575027027684,2.23343216603422,0.566257489293243,22.58543422021509,0.054940981153050794,0.0008639887013204155,0.0017431286920671033,40,2.0828700065612793,6.541973829269409,1.0684359073638916,9.693357229232788
145,136,0.8591533499648802,1.9670982461245652,2.8197811499027763,0.8119390023362288,1.4744019492638376,1.8261312979366604,-10.51027999315771,-10.720201451021268,0.8758566660964758,0.893350120918439,0.2655836535046301,0.34310575027027684,2.144379931236145,0.5656629360184272,22.593079463601423,0.05468445863116319,0.0010030580425444918,0.001814953944933623,46,2.521188974380493,6.4014434814453125,1.0954089164733887,10.018108367919922
146,137,0.8590174335640379,1.9671170128595623,2.820335105354429,0.8109889426383475,1.474080816342717,1.8264558291889428,-10.543650643441728,-10.720201451021268,0.878637553620144,0.893350120918439,0.3014304647794543,0.34310575027027684,2.214582107229674,0.5650860750622378,22.60035275007717,0.054554728294176076,0.0008223967863804634,0.001462363280765858,50,2.782062530517578,6.41605544090271,1.1193022727966309,10.317488670349121
147,138,0.8588274069284001,1.9671782719129847,2.8210033173977966,0.8097994650961694,1.473659138467838,1.826857051413885,-10.163801578845868,-10.720201451021268,0.8469834649038224,0.893350120918439,0.25831874176329717,0.34310575027027684,3.423362121989669,0.5652214999704661,22.59928030288801,0.054288904993083247,0.000667692718487512,0.0014017763111168896,48,2.6462175846099854,6.4070143699646,1.0011451244354248,10.05443525314331
148,139,0.8590099196593399,1.9670127162576037,2.820403165273017,0.8109033996925222,1.4739980959684056,1.8264958712052906,-10.372293714717655,-10.720201451021268,0.8643578095598046,0.893350120918439,0.25765157004912936,0.34310575027027684,2.543922210562286,0.5645965344115073,22.60850020856809,0.053717100224285455,0.0008266178466033687,0.0013725459863244654,50,2.7746715545654297,6.52627420425415,1.188951015472412,10.489963054656982
149,140,0.8589421930833337,1.9668584118187822,2.8205260736853544,0.8106222897007024,1.4737391848061396,1.8265732424560561,-9.988271679549756,-10.720201451021268,0.832355973295813,0.893350120918439,0.2328209898783588,0.34310575027027684,3.4641883243540548,0.5659556068205721,22.590012500470362,0.054411560396856885,0.0007295542306640022,0.0013646228184001426,50,2.737297534942627,6.476760387420654,1.1456568241119385,10.3597891330719
150,141,0.859302278369017,1.9669931614485046,2.8194671033377205,0.8127381588076891,1.474772321210118,1.8259379716732067,-10.598038401124208,-10.720201451021268,0.8831698667603507,0.893350120918439,0.2957481818735697,0.34310575027027684,1.948730270155366,0.5656609111421588,22.5923251254231,0.054592777991718834,0.0008603638163587701,0.0016064796089210781,47,2.549243688583374,6.516797065734863,1.2527391910552979,10.318857192993164
151,142,0.8592273216379568,1.9671385699507868,2.820216707053146,0.8117755966905434,1.4747098610855196,1.82638685759014,-9.929311022151563,-10.720201451021268,0.8274425851792969,0.893350120918439,0.21364826573530982,0.34310575027027684,3.280657339678527,0.5673585640986037,22.56937760531021,0.05569426885719123,0.0008325401679992901,0.0015563838678763436,45,2.5358688831329346,6.508121490478516,1.093163013458252,10.137221574783325
152,143,0.8595195192963169,1.9672615812802479,2.8187471365256767,0.813658173067257,1.4751808646552163,1.8254679416748294,-10.445653690310257,-10.720201451021268,0.8704711408591881,0.893350120918439,0.298205508461553,0.34310575027027684,2.4710961330662684,0.5668032034625197,22.576873088931166,0.05526846328292777,0.0009245340377156189,0.001947738993896561,47,2.3948614597320557,6.3727335929870605,1.1578819751739502,9.925536394119263
153,144,0.8594874536702141,1.9672196124303327,2.8190126197153638,0.8132304460736186,1.4750642078947303,1.8255927323390866,-10.330798257661838,-10.720201451021268,0.8608998548051532,0.893350120918439,0.26935859858176603,0.34310575027027684,2.660554524795188,0.5662825572898527,22.58479576612121,0.05470444704080014,0.0009017153994839607,0.001715475492801114,48,2.71032977104187,6.404289484024048,1.1670703887939453,10.281752109527588
154,145,0.859443962491209,1.9670612976046005,2.819013943844432,0.8131549954275304,1.4748916575627466,1.8255925644755728,-10.518714883562629,-10.720201451021268,0.8765595736302191,0.893350120918439,0.26936686816536787,0.34310575027027684,2.135487031866589,0.5658114755513022,22.590461997609623,0.05451446116090978,0.0007444349982626961,0.0013565157637861402,48,2.6551849842071533,6.479694604873657,1.216926097869873,10.351874351501465
155,146,0.8594175346049024,1.9670876401770947,2.819410982868766,0.8125006393057748,1.4747523217186875,1.825773463998865,-10.384738163870189,-10.720201451021268,0.8653948469891825,0.893350120918439,0.2774296229818262,0.34310575027027684,2.5999707361574025,0.5652383291308611,22.598757932770436,0.053996166283827224,0.0007683959097378888,0.0014161926973568705,48,2.5823376178741455,6.367084980010986,1.1017193794250488,10.0512056350708
156,147,0.8593779126032006,1.9669638587222373,2.8195302064026606,0.8122455238209513,1.4745587173642956,1.8258242907687487,-10.343759451358716,-10.720201451021268,0.861979954279893,0.893350120918439,0.28472153109998694,0.34310575027027684,3.090916588422189,0.5647099912905198,22.60670623536494,0.05346065994560429,0.0008478146697940061,0.001523569001899386,48,2.609548568725586,6.5222320556640625,1.246551275253296,10.378407955169678
157,148,0.8593437649391388,1.966813995711139,2.8195548623587983,0.8121410548532902,1.474380339394493,1.8258342174573656,-10.385593453572032,-10.720201451021268,0.8654661211310026,0.893350120918439,0.2694139559352862,0.34310575027027684,2.610235433912891,0.5641361747633036,22.615026231231635,0.0529605431083965,0.0009834660430880773,0.0015773434866852107,49,2.6574723720550537,6.467465877532959,1.113633394241333,10.238641738891602
158,149,0.8593073245702907,1.966674768599772,2.8196619501546865,0.8118744665665315,1.4741497297061927,1.825875116930403,-10.352469897745626,-10.720201451021268,0.8627058248121355,0.893350120918439,0.2623310530533522,0.34310575027027684,2.4612098635303283,0.563599480946981,22.62307510275075,0.052446066245980805,0.0009834434650129408,0.001263345042147502,50,2.7582151889801025,6.37330174446106,1.1905932426452637,10.322173357009888
159,150,0.8592788249270502,1.9665224232829621,2.8196991834158727,0.8117363924912732,1.4739469597747477,1.8258875681503148,-10.508416480516065,-10.720201451021268,0.8757013733763387,0.893350120918439,0.25916135611746033,0.34310575027027684,2.1566608848450244,0.5630545712741986,22.630122897436095,0.05222494014750199,0.000969742093882608,0.0016276672464366352,48,2.7158615589141846,6.519931316375732,1.182788610458374,10.418650150299072
160,151,0.8592342606593519,1.9664186172535496,2.8199943527882714,0.8109585445753363,1.4735004428900256,1.8259797227416317,-10.137231751241018,-10.720201451021268,0.8447693126034181,0.893350120918439,0.21703792408555977,0.34310575027027684,2.955964849635194,0.5633177261744466,22.62733432257487,0.052105153046623075,0.0009892603711140313,0.0014348686301112832,49,2.6072046756744385,6.4693334102630615,1.174513816833496,10.251111268997192
161,152,0.8592718018722777,1.9664458497675295,2.8197008936976298,0.8119781836968459,1.4740655355566703,1.8259536058108967,-10.48783709944109,-10.720201451021268,0.8739864249534243,0.893350120918439,0.27464894719815747,0.34310575027027684,2.2021753739311265,0.5627660931770645,22.634632553680458,0.05182976913258886,0.0008492308374913404,0.0016120628995631998,46,2.3882863521575928,6.373068809509277,1.2509994506835938,10.012412309646606
162,153,0.859226864460687,1.9663175489367644,2.8199906975167432,0.8113671314201937,1.4737101730598268,1.8260937800332862,-10.593528215558951,-10.720201451021268,0.882794017963246,0.893350120918439,0.32781496962634704,0.34310575027027684,2.2405306292351668,0.5623841150370376,22.638709890351773,0.05194986951969701,0.000839046073881149,0.0014004924153583173,48,2.551487445831299,6.480509042739868,1.2592151165008545,10.291285753250122
163,154,0.8591631075729206,1.9662384471345125,2.8204495040521964,0.8102721476943411,1.4731380525173452,1.8262916516846144,-10.128837403111213,-10.720201451021268,0.8440697835926011,0.893350120918439,0.22998889801861205,0.34310575027027684,2.9279715022133104,0.5627432350324638,22.634399699452374,0.05188263044667505,0.000893433180626217,0.0011854583568960313,51,2.8563661575317383,6.519986152648926,1.1269111633300781,10.50332522392273
164,155,0.8592272448082096,1.9663284483046248,2.820103118256405,0.8114110093750942,1.4738506897256711,1.826203465833668,-10.76691715000192,-10.76691715000192,0.8972430958334933,0.8972430958334933,0.3273624637526569,0.34310575027027684,1.717313852762473,0.5630981420907878,22.626166007038613,0.053078260375100654,0.0006839351476145894,0.0012702213383950281,51,2.669156312942505,6.410229682922363,1.277956247329712,10.357405185699463
165,156,0.8591185931707761,1.9664960942811034,2.821087907199177,0.8095953888184254,1.4732838146604077,1.826731099102855,-10.390137864853926,-10.76691715000192,0.8658448220711605,0.8972430958334933,0.24976341384923811,0.34310575027027684,2.1842596239055467,0.5625368309060211,22.634448288730564,0.05260993639302703,0.0006888334020968981,0.0013360879221251364,50,2.821106433868408,6.513623476028442,1.2046666145324707,10.539524555206299
166,157,0.8590764573327421,1.9663400545809615,2.821197318155629,0.8092787410777159,1.4729732338880532,1.8267850148576694,-10.557470966415421,-10.76691715000192,0.879789247201285,0.8972430958334933,0.2808456188694632,0.34310575027027684,2.001504060402567,0.5619879817624276,22.64180900905818,0.05252947947168362,0.0005411910646606155,0.0010666159929806204,51,2.728848695755005,6.149749755859375,1.4432978630065918,10.321954488754272
167,158,0.8589607629115074,1.9662275382166432,2.8216560260090016,0.807997724254479,1.4721468529931607,1.8269870980937772,-10.155758225278976,-10.76691715000192,0.8463131854399147,0.8972430958334933,0.26726322518499007,0.34310575027027684,3.193161559378865,0.5622851393841846,22.63782849478675,0.05239258052874064,0.0007620431488660296,0.0012344049714581155,52,2.7675766944885254,5.996012926101685,1.1556158065795898,9.919262886047363
168,159,0.8590734528041479,1.9662801789369828,2.821328642607567,0.8094248273812077,1.4731521121358684,1.8269266604452121,-10.064918623503104,-10.76691715000192,0.8387432186252587,0.8972430958334933,0.21200229051826466,0.34310575027027684,3.4153867997160035,0.5630669847847308,22.6272508450775,0.05262163923543385,0.0009124173492944235,0.0013456330316167402,48,2.4676380157470703,6.090394973754883,1.2625420093536377,9.820647478103638
169,160,0.8592436023745441,1.9664886170190028,2.820592047423582,0.8109366452037324,1.4740563557091417,1.826499239126698,-10.53908525279853,-10.76691715000192,0.8782571043998776,0.8972430958334933,0.3004770732806341,0.34310575027027684,2.2979408062435596,0.5625850923091411,22.63334084924849,0.05249701985399523,0.0008039427886848196,0.0014297714167382637,50,2.6282196044921875,6.068651437759399,1.4528770446777344,10.14980673789978
170,161,0.8591709806194512,1.9663993498448458,2.8211165701553353,0.8102108379862112,1.4737909211399216,1.8268269318461199,-10.675876521826988,-10.76691715000192,0.8896563768189156,0.8972430958334933,0.3273181510213208,0.34310575027027684,1.9538112203401852,0.5624209049408108,22.633994133632722,0.052984186541179985,0.0006078628247935329,0.0010963224918579056,51,2.6173932552337646,6.098681449890137,1.3116941452026367,10.027826070785522
171,162,0.8590253684661818,1.9664306448131443,2.8221011555646993,0.8088985744980997,1.4734416611091454,1.8274657823826073,-10.434240406566278,-10.76691715000192,0.8695200338805232,0.8972430958334933,0.2854677311373205,0.34310575027027684,2.370297480957049,0.5618443845686782,22.642359464191674,0.05258407765278987,0.0007359887621603437,0.0013361023485695212,51,2.617807388305664,6.076021432876587,1.354337453842163,10.048224925994873
172,163,0.8589438913395759,1.9662780239265751,2.822431196925295,0.8084466676445805,1.473148556955196,1.8277047052042759,-10.329668542886322,-10.76691715000192,0.8608057119071936,0.8972430958334933,0.2740024329256426,0.34310575027027684,2.996657870299231,0.5614310345371494,22.648701459450095,0.052134412071000356,0.0006222634969575194,0.0010639098121989206,52,2.629791259765625,6.127852916717529,1.344048023223877,10.101750373840332
173,164,0.8589477640597923,1.9661444661169738,2.82235894724439,0.808511830467091,1.4730453869283477,1.8276586967412187,-10.222705883902854,-10.76691715000192,0.8518921569919046,0.8972430958334933,0.2653250504344604,0.34310575027027684,2.922849571138741,0.5613807882953592,22.64990749841783,0.05182805872455415,0.0007430080978928703,0.0012848680377959365,53,2.7746291160583496,6.185800552368164,1.3248562812805176,10.28534984588623
174,165,0.8590483317588969,1.9661328403208507,2.821886185681964,0.8091358950312988,1.4732625865560938,1.8273121215786459,-10.133494828285139,-10.76691715000192,0.844457902357095,0.8972430958334933,0.24271355890938234,0.34310575027027684,3.054652300679436,0.5617457129035924,22.645303641169033,0.05177802197492929,0.0006787244047821841,0.001020884925811431,52,2.6774425506591797,6.033852577209473,1.187617301940918,9.899007081985474
175,166,0.8591796768944198,1.9662584953601465,2.8211836764222453,0.810116731410453,1.4737178431147235,1.8268254445279375,-10.324901581316077,-10.76691715000192,0.8604084651096731,0.8972430958334933,0.2968043124820937,0.34310575027027684,2.9566264778574833,0.561338877004239,22.651548366019544,0.051345714855466955,0.0007415275676147307,0.0013819944900728442,47,2.447843551635742,6.191488265991211,1.323143482208252,9.962536334991455
176,167,0.8591751513211198,1.9661351222199193,2.8211332281913086,0.8101617321041211,1.4736063915240403,1.8267988799510049,-10.355430829328444,-10.76691715000192,0.8629525691107037,0.8972430958334933,0.25255643976287806,0.34310575027027684,2.482554910751091,0.5608750278031774,22.65853269298566,0.05091733080348718,0.0008217327693427787,0.0015459490481082628,45,2.2728798389434814,6.1163270473480225,1.226686954498291,9.615951776504517
177,168,0.8591626170923532,1.9659943905331712,2.821164093431972,0.8100903971897855,1.4734448217170553,1.8268220502133115,-10.52201963559994,-10.76691715000192,0.8768349696333283,0.8972430958334933,0.2841603325132338,0.34310575027027684,2.307663847517773,0.5603595121720695,22.665414726678694,0.05074779989259637,0.0006647513909489091,0.0012321803162670163,51,2.648334264755249,6.0162787437438965,1.353177547454834,10.017850399017334
178,169,0.8590985408056673,1.9658014656030816,2.8215933184868556,0.8094033250641508,1.4730205944311885,1.8270956570873194,-10.514328960944434,-10.76691715000192,0.8761940800787028,0.8972430958334933,0.27913423622112155,0.34310575027027684,2.1910279157867194,0.5598105635441813,22.672976263447623,0.050551277373782635,0.000668686762662395,0.0011656096100622288,51,2.7117669582366943,6.181361436843872,1.4125001430511475,10.30569338798523
179,170,0.8590257698764235,1.9655745346175648,2.82201546007458,0.8086527972790404,1.4724768792405278,1.8273758928215151,-10.3671481298235,-10.76691715000192,0.8639290108186249,0.8972430958334933,0.26077711382256774,0.34310575027027684,2.556347979329388,0.5593313288065614,22.68018143753711,0.050139615915064654,0.0008851935220732171,0.0014058094369269487,52,2.8501224517822266,6.485210180282593,1.3189208507537842,10.654328346252441
180,171,0.8590145411747528,1.9654173187049409,2.8220625836731648,0.808528858405373,1.4722561704305022,1.8274111294295887,-10.315707981092896,-10.76691715000192,0.8596423317577413,0.8972430958334933,0.257862872811216,0.34310575027027684,2.8399068359665165,0.558975754718554,22.68570530898934,0.0497433235349462,0.0008844616392336648,0.0014418759889255081,48,2.682490587234497,6.318945407867432,1.2870142459869385,10.288509845733643
181,172,0.859030468459582,1.9653320168418562,2.821987131305599,0.8086770368671112,1.4722564255647297,1.8273627564863542,-10.493097041993249,-10.76691715000192,0.8744247534994374,0.8972430958334933,0.2835635678250852,0.34310575027027684,2.20810785754513,0.5583909658133381,22.69407771523936,0.04949975322338474,0.0007887266901166211,0.001362726332215245,48,2.5644283294677734,6.139974594116211,1.4833920001983643,10.187862873077393
182,173,0.8589733695803651,1.965044916411479,2.82230352464199,0.8079268347156023,1.4715448803181659,1.8275794623130668,-10.527388329599637,-10.76691715000192,0.8772823607999697,0.8972430958334933,0.3055674162965532,0.34310575027027684,2.3146505903185925,0.5577886281005507,22.702729980373473,0.049337463759568496,0.0008565197766349425,0.001359834859065744,46,2.5597574710845947,6.351963043212891,1.4807722568511963,10.392552375793457
183,174,0.8589026547214692,1.9647000009987663,2.8226097583504908,0.806860669262639,1.4704578203550316,1.8277838592102984,-10.049632583287075,-10.76691715000192,0.8374693819405895,0.8972430958334933,0.2705650039214167,0.34310575027027684,3.917382370551593,0.5589224083448742,22.685832488025877,0.04968976223196877,0.0009216228751045563,0.0014483708800634705,47,2.6739532947540283,6.390974521636963,1.6199843883514404,10.684956312179565
184,175,0.8590221952751871,1.965419144421681,2.8223055427672623,0.8091303487166438,1.4730387694072653,1.8276346595323458,-10.51354904798104,-10.76691715000192,0.8761290873317534,0.8972430958334933,0.2851684070767775,0.34310575027027684,2.1274050349256584,0.5583832204741042,22.693262893994085,0.04950166425741761,0.0008188748696404062,0.001397091696054739,46,2.3915231227874756,6.035379409790039,1.6689975261688232,10.095961332321167
185,176,0.8589229385612916,1.965142212655947,2.822903973145557,0.8085590499202028,1.4726810060263027,1.828127932825462,-10.629795967741243,-10.76691715000192,0.8858163306451036,0.8972430958334933,0.30264242956267595,0.34310575027027684,2.047380073774235,0.5579902006385812,22.698130072168066,0.04969858289534387,0.0007444838535247809,0.0013305441700989607,48,2.716498374938965,6.109718322753906,1.5322136878967285,10.358512878417969
186,177,0.8586968017541089,1.9647728567037577,2.8240305229387435,0.8075751595347018,1.4721452729003648,1.8291448933372456,-10.115040610797623,-10.76691715000192,0.8429200508998019,0.8972430958334933,0.18207154353016877,0.34310575027027684,2.8791632608430433,0.5586049661980993,22.689422664250994,0.049767265459251496,0.0007602456326715443,0.0013977930444230627,47,2.671008348464966,6.386135816574097,1.4761197566986084,10.533323764801025
187,178,0.8590035791659641,1.9652760363440023,2.822720961265472,0.8084746661621952,1.4727512765313175,1.8278012250251228,-10.425597070422839,-10.76691715000192,0.86879975586857,0.8972430958334933,0.28691133325186446,0.34310575027027684,2.402278676966006,0.5580751485946317,22.697187630256536,0.04942243199911093,0.0007841122991242843,0.0013442716026744231,48,2.416041612625122,6.008875608444214,1.631443977355957,10.056421756744385
188,179,0.8589648583584787,1.9650654475465512,2.8229875608901316,0.8081790784192696,1.4724763976684256,1.828006497398883,-10.573354904700066,-10.76691715000192,0.8811129087250055,0.8972430958334933,0.330068647947473,0.34310575027027684,2.494378023574896,0.5575728818877181,22.704020997119617,0.04940051384507613,0.0007578483428546552,0.0012240160745641809,49,2.750444173812866,6.166870832443237,1.6284494400024414,10.54582405090332
189,180,0.8588304711737412,1.9647202325971493,2.8237792023536805,0.8073020508172395,1.4718840097127102,1.8286355412548814,-10.754453408145404,-10.76691715000192,0.8962044506787836,0.8972430958334933,0.34072420923761615,0.34310575027027684,1.8863442219513473,0.5574893793228878,22.70435339284369,0.05018993577742993,0.0006366305497519868,0.0011247968902706848,49,2.78739070892334,6.386631727218628,1.5072944164276123,10.68138337135315
190,181,0.8584729644433904,1.964262020335088,2.8253489443017736,0.805589957616889,1.4707865039186416,1.8300212475613646,-10.040662343166412,-10.76691715000192,0.8367218619305343,0.8972430958334933,0.2473707808122879,0.34310575027027684,3.70775899213227,0.5587247289101734,22.685476837604533,0.05059574485997794,0.0009440348337137948,0.0014189653935003529,45,2.286750555038452,6.215694427490234,1.4478623867034912,9.950366497039795
191,182,0.8589596766618912,1.9651279871000131,2.82362477800927,0.8072709584561882,1.4723861353445495,1.828223410986674,-10.46867361665146,-10.76691715000192,0.8723894680542883,0.8972430958334933,0.28716837304000475,0.34310575027027684,2.41487649866761,0.5581747821506351,22.693543394266424,0.050305710066441904,0.0008515959190156489,0.0014002293270100731,47,2.4071004390716553,6.19861626625061,1.6325979232788086,10.238384008407593
192,183,0.8588952241219455,1.9648937265797315,2.8240496018803976,0.8067716050807878,1.4720149688725557,1.828512099219458,-10.503863727676599,-10.76691715000192,0.8753219773063833,0.8972430958334933,0.2689146459659807,0.34310575027027684,2.157518212840145,0.5576047012738349,22.70193758723607,0.050080565755658966,0.0009118679875632585,0.0013037195735196812,46,2.336113929748535,6.109104871749878,1.6334121227264404,10.078686714172363
193,184,0.8588013925835237,1.9646035413232061,2.824629245304173,0.8060832481931561,1.471494938544285,1.8289218453544134,-10.457578461359839,-10.76691715000192,0.8714648717799865,0.8972430958334933,0.28383769048118956,0.34310575027027684,2.391511890405795,0.557037791812016,22.71047265249899,0.04977483357061668,0.0007505815820792524,0.0014213814252245758,48,2.4422528743743896,6.073051691055298,1.472076177597046,9.98743987083435
194,185,0.8587307719624251,1.964329152652502,2.8250458952841555,0.8055766162883626,1.4710202715393823,1.8292365357257383,-10.49553451007002,-10.76691715000192,0.8746278758391682,0.8972430958334933,0.2863905877203065,0.34310575027027684,2.530808984254932,0.5564316645818772,22.719685981084154,0.0495307941758231,0.0009656921872471566,0.0012559451348769343,49,2.775949239730835,6.247833728790283,1.8123867511749268,10.83622407913208
195,186,0.8586237078317064,1.9639751830536112,2.825627314891391,0.8048481206520988,1.4703225626764855,1.8296976619502203,-10.397030430101944,-10.76691715000192,0.8664192025084954,0.8972430958334933,0.2848798019271809,0.34310575027027684,2.454177912166429,0.5559443916873371,22.727172143976393,0.04917622645840976,0.0008968665756849156,0.0013746933564685966,45,2.5658349990844727,6.515009164810181,1.9309847354888916,11.011884927749634
196,187,0.8586041882321966,1.9637735292518572,2.82578380456685,0.8046435552167897,1.470009686557207,1.8298347809398883,-10.120866314242305,-10.76691715000192,0.8434055261868587,0.8972430958334933,0.24727207851581876,0.34310575027027684,3.240298766674755,0.5566705311023985,22.715810222315415,0.04926048970646209,0.0007786131825878361,0.0013447021560525838,47,2.4388699531555176,6.260835409164429,1.9148495197296143,10.61461353302002
197,188,0.8588301752949031,1.9644195797541026,2.8246929281650632,0.8061047687608573,1.4715243195603283,1.8288983425305823,-10.414180149583082,-10.76691715000192,0.8678483457985902,0.8972430958334933,0.2769466130927671,0.34310575027027684,2.397959088797535,0.5561688270822461,22.723384481984226,0.048924743357086145,0.0007881404589962088,0.0013342916229686192,48,2.6268057823181152,6.391958236694336,1.6420824527740479,10.66090440750122
198,189,0.8588057192833883,1.9642098782517219,2.824917693391395,0.8058519486094359,1.4712346400460612,1.8290639748423045,-10.342279579267307,-10.76691715000192,0.861856631605609,0.8972430958334933,0.27962925493839996,0.34310575027027684,2.787975683095837,0.5558194052043831,22.728745435407163,0.0485801160245567,0.0005744388942914601,0.0010287496535463412,50,2.590104341506958,6.379994630813599,1.6033656597137451,10.573523759841919
199,190,0.8588282784438396,1.9641317226690986,2.8248484718590885,0.8059357710290824,1.4711966098580755,1.8290150463011279,-10.685972870603662,-10.76691715000192,0.8904977392169718,0.8972430958334933,0.3614307967935665,0.3614307967935665,2.068414013551518,0.5554631292544323,22.7338395702195,0.048951886412132724,0.0007446496961343151,0.0014095635381289673,48,2.453181028366089,6.394638776779175,1.6360814571380615,10.48395848274231
200,191,0.8586210470421696,1.9635876418036353,2.8260910218255577,0.8044463436111168,1.4700328424412021,1.8299431009850067,-10.702781414350742,-10.76691715000192,0.8918984511958952,0.8972430958334933,0.3244551258058792,0.3614307967935665,1.8249383000265453,0.5550119851659354,22.741238375566574,0.04936635689883666,0.0008201171602239821,0.0011946338313485619,53,2.7270798683166504,6.489423036575317,1.8947763442993164,11.111321449279785
201,192,0.8583085858166062,1.9628862489377432,2.8275261227177437,0.8026126255117987,1.468287613593923,1.8311712175677197,-10.3756753584067,-10.76691715000192,0.8646396132005583,0.8972430958334933,0.2572427769770251,0.3614307967935665,2.520996758731428,0.5546078742686071,22.74750182663358,0.04902195131740445,0.0007733676369349485,0.0013995364500960143,56,3.1893839836120605,6.257850170135498,1.8034427165985107,11.250736713409424
202,193,0.8583212459679521,1.9627491984347603,2.827551329078448,0.8025790636785693,1.4681287460448924,1.8312021542221617,-10.321858098580662,-10.76691715000192,0.8601548415483885,0.8972430958334933,0.23989081079045305,0.3614307967935665,2.5600437925566126,0.5543966704337963,22.7504853794521,0.04870400931485593,0.0008651795456831218,0.0014590112306924227,60,3.3864991664886475,6.256728887557983,1.902153730392456,11.54545521736145
203,194,0.8583959466349992,1.9627971490489806,2.8273312713886627,0.8029103686648418,1.4684356123286535,1.8309789266871626,-10.529581628935532,-10.76691715000192,0.8774651357446276,0.8972430958334933,0.26313824427507604,0.3614307967935665,2.1418727175658603,0.5537013325843584,22.761884151292307,0.04852398539433104,0.0008923163862796979,0.0012075614882110406,57,3.2177374362945557,6.245419979095459,1.9871766567230225,11.450392961502075
204,195,0.8582446591235887,1.9622318900044935,2.8280156439170248,0.8019171736037366,1.4671406145751298,1.8316665915531867,-10.14147500989429,-10.76691715000192,0.8451229174911908,0.8972430958334933,0.26322822407279084,0.3614307967935665,3.4021417395824756,0.5545020521320596,22.748126694580492,0.048577368835132154,0.0006402331990708682,0.0011312747699663993,64,3.577874183654785,6.294996023178101,1.9129338264465332,11.785862922668457
205,196,0.8585076217930455,1.9631012264435594,2.8270323366377923,0.8035713846408561,1.4694423498103162,1.830560458949094,-9.855084176629177,-10.76691715000192,0.8212570147190981,0.8972430958334933,0.21974404958854116,0.3614307967935665,3.785505794117853,0.5574068994722348,22.70268197788994,0.05004505787822438,0.0009555530223903611,0.0013487676132559673,53,2.805793046951294,6.219371318817139,2.1469717025756836,11.172194957733154
206,197,0.8589409898657405,1.964922929398414,2.824546083249765,0.8062061889480823,1.472559475448213,1.8284579936908003,-10.80394724219426,-10.80394724219426,0.9003289368495216,0.9003289368495216,0.33744060776731133,0.3614307967935665,1.6678917859254625,0.5576121617581142,22.698653585179706,0.05099255277012382,0.0007757599080412582,0.0012255654894573823,50,2.834010601043701,6.253442287445068,1.9850976467132568,11.07261347770691
207,198,0.8586947973009443,1.9648149259236856,2.8262601548489976,0.804461695934589,1.472421378039933,1.8293168044174173,-10.619658948477069,-10.80394724219426,0.8849715790397558,0.9003289368495216,0.3144242278716158,0.3614307967935665,2.040767423800034,0.5572112289916494,22.704750275116893,0.05106488934247026,0.0009720158256744855,0.0012874557481150296,51,2.6330528259277344,6.478614568710327,1.8930764198303223,11.004801034927368
208,199,0.8584581658549479,1.9646139844700112,2.8276170818033,0.8033802415509692,1.4723602360522468,1.8300570720865894,-10.532579586759319,-10.80394724219426,0.8777149655632766,0.9003289368495216,0.30046587046916745,0.3614307967935665,2.2693187611725563,0.5567112713257589,22.712612562936354,0.050893374728722296,0.0006970809345150447,0.0011862432022698944,49,2.4964451789855957,6.2526586055755615,1.825437307357788,10.57462477684021
209,200,0.8582420128203672,1.9643775653331899,2.828761585998868,0.8026837740300882,1.4723629036294912,1.8307463774022121,-10.545468785477668,-10.80394724219426,0.8787890654564724,0.9003289368495216,0.3034542440318608,0.3614307967935665,2.2699819172115525,0.5562036193802717,22.720789947242647,0.050745973719072725,0.0008716550634502397,0.0011595032062127945,49,2.6744489669799805,6.316427946090698,1.743086814880371,10.734020709991455
210,197,0.8589409898657405,1.964922929398414,2.824546083249765,0.8062061889480823,1.472559475448213,1.8284579936908003,-10.80394724219426,-10.80394724219426,0.9003289368495216,0.9003289368495216,0.33744060776731133,0.3614307967935665,1.6678917859254625,0.5576121617581142,22.698653585179706,0.05099255277012382,0.0007757599080412582,0.0012255654894573823,50,2.834010601043701,6.253442287445068,1.9850976467132568,11.07261347770691
