,iter ,BETA_0,GAMMA_0,energy,best_energy,approx_ratio,best_approx_ratio,fidelity,best_fidelity,variance,corr_length,const_kernel,noise_kernel,std_energies,average_distances,nit,time_opt_bayes,time_qaoa,time_opt_kernel,time_step
0,0,1.8070293283833654,2.421798855684106,-7.36161203842073,-7.36161203842073,0.6134676698683942,0.6134676698683942,0.016667705773510316,0.016667705773510316,4.85578460530175,5.689796564546148,61.64653137845724,1.7949997543717793,0.0,0.0,0,0.0,0.0,0.0,0.0
1,1,1.320813992034021,0.6075342018041533,-6.898411630356424,-7.36161203842073,0.5748676358630354,0.6134676698683942,0.0004115381040581779,0.016667705773510316,5.834411041703824,5.689796564546148,61.64653137845724,1.7949997543717793,0.0,0.0,0,0.0,0.0,0.0,0.0
2,2,2.6405063483778726,2.9134371742438607,-9.462782852837421,-9.462782852837421,0.7885652377364517,0.7885652377364517,0.02999453385967636,0.02999453385967636,1.7667910092863508,5.689796564546148,61.64653137845724,1.7949997543717793,0.0,0.0,0,0.0,0.0,0.0,0.0
3,3,2.143271895417206,2.1848451802102065,-5.242861108764252,-9.462782852837421,0.436905092397021,0.7885652377364517,0.0003409056000592534,0.02999453385967636,7.011926054945352,5.689796564546148,61.64653137845724,1.7949997543717793,0.0,0.0,0,0.0,0.0,0.0,0.0
4,4,1.1765278561862396,1.369915086833717,-8.139123423099683,-9.462782852837421,0.678260285258307,0.7885652377364517,0.016779295467820823,0.02999453385967636,4.895898255597402,5.689796564546148,61.64653137845724,1.7949997543717793,0.0,0.0,0,0.0,0.0,0.0,0.0
5,5,0.4602398288250603,1.841962204019071,-4.890731813358581,-9.462782852837421,0.4075609844465484,0.7885652377364517,6.826629935398047e-06,0.02999453385967636,4.316743252902789,5.689796564546148,61.64653137845724,1.7949997543717793,0.0,0.0,0,0.0,0.0,0.0,0.0
6,6,2.379791782251733,1.053040411107571,-8.632470999503662,-9.462782852837421,0.7193725832919718,0.7885652377364517,0.05252347752832409,0.05252347752832409,4.38699693085897,5.689796564546148,61.64653137845724,1.7949997543717793,0.0,0.0,0,0.0,0.0,0.0,0.0
7,7,0.8170788583906288,0.7511902347634891,-5.757242267767489,-9.462782852837421,0.47977018898062407,0.7885652377364517,0.005734981281766385,0.05252347752832409,6.906476547990671,5.689796564546148,61.64653137845724,1.7949997543717793,0.0,0.0,0,0.0,0.0,0.0,0.0
8,8,2.8386311214250086,2.61452531028377,-8.837887976860607,-9.462782852837421,0.7364906647383839,0.7885652377364517,0.027898197425633348,0.05252347752832409,3.079083616865205,5.689796564546148,61.64653137845724,1.7949997543717793,0.0,0.0,0,0.0,0.0,0.0,0.0
9,9,0.20051832033530545,0.26451938818885234,-6.200428415680027,-9.462782852837421,0.5167023679733356,0.7885652377364517,0.0005336890944941493,0.05252347752832409,4.413491560985271,5.689796564546148,61.64653137845724,1.7949997543717793,0.0,0.0,0,0.0,0.0,0.0,0.0
10,1,3.141592653589793,2.762620182415635,-7.406705965382814,-9.462782852837421,0.6172254971152346,0.7885652377364517,0.004508322136650046,0.05252347752832409,3.946082478641152,6.581946186061133,55.26761856885208,1.7917108812949425,0.00025006826213394426,0.007066038973797576,28,2.6011297702789307,16.383768796920776,6.5364155769348145,25.521442413330078
11,2,3.141592653589793,2.649622139769291,-7.309013732944314,-9.462782852837421,0.6090844777453596,0.7885652377364517,0.001925247519323839,0.05252347752832409,3.6754885929303427,7.3180423264787695,52.60130352942285,1.7155287275515805,0.0008954443757621458,0.0075525365162510205,26,3.489436149597168,14.130842924118042,10.470409631729126,28.090781688690186
12,3,3.141592653589793,2.641084959709965,-7.256256407386339,-9.462782852837421,0.6046880339488616,0.7885652377364517,0.002416456138830006,0.05252347752832409,3.6808612767819042,7.930991526000716,51.06506925036902,1.623578128482671,0.000923240455515568,0.007457877014828595,23,4.348503112792969,23.933502435684204,4.757190942764282,33.03927993774414
13,4,3.141592653589793,2.6353772527884085,-7.7357570504388375,-9.462782852837421,0.6446464208699031,0.7885652377364517,0.007898213945313376,0.05252347752832409,3.7272307642010247,7.857967434806999,50.92762627783846,1.485403247262464,0.0005987457813771763,0.004324370859373764,25,2.5792033672332764,25.554025650024414,8.076004028320312,36.209330320358276
14,5,3.141592653589793,2.633267514770534,-7.701124001796182,-9.462782852837421,0.6417603334830152,0.7885652377364517,0.0036776687293561287,0.05252347752832409,3.724460816569689,7.79776239588506,50.67336086910822,1.3694650994706596,0.0006638440666015726,0.008271820140132058,21,2.219731092453003,23.42466378211975,8.11856746673584,33.76309394836426
15,6,3.141592653589793,2.613491616412213,-8.21107154808869,-9.462782852837421,0.6842559623407242,0.7885652377364517,0.011141415730310878,0.05252347752832409,3.3592682907599425,7.420503877655803,51.24275221682494,1.2670830343979047,0.0005456231746147779,0.008202110464716033,25,3.960862874984741,17.896217346191406,10.169090747833252,32.02627372741699
16,7,3.141592653589793,2.5378738820323536,-7.5477044334051095,-9.462782852837421,0.6289753694504258,0.7885652377364517,0.0055015439825029,0.05252347752832409,3.648836416343215,7.493077125741054,50.67845123300193,1.19076211794958,0.0006275764346593207,0.009100055118222183,24,2.6794159412384033,29.1139018535614,11.52983045578003,43.32326912879944
17,8,3.141592653589793,2.5117855357851906,-7.4403774830762925,-9.462782852837421,0.6200314569230244,0.7885652377364517,0.0032829418813042546,0.05252347752832409,3.6918456846006933,0.5724846013364704,32.267035248923776,0.10954031979557137,0.0004003556664234224,0.009466316400021893,22,3.6824676990509033,22.71343231201172,12.21131944656372,38.60734415054321
18,9,2.5395163645689416,2.976303591809254,-9.068823704008377,-9.462782852837421,0.7557353086673647,0.7885652377364517,0.017066484684961733,0.05252347752832409,2.240034283113573,0.5653116519146195,30.82090717066501,0.10319419469806444,0.0008803995681800644,0.0049803105103122065,12,3.92785906791687,16.229381799697876,6.593843936920166,26.751217365264893
19,10,2.2908380243753936,0.8812081098477842,-6.825257836175764,-9.462782852837421,0.5687714863479804,0.7885652377364517,0.01691692108546028,0.05252347752832409,6.279856112106145,8.53937994295514,50.866549148175636,1.1494780271958474,0.00044549987307580905,0.002819293419804719,11,2.013692855834961,24.382428884506226,9.097656011581421,35.4938862323761
20,11,3.141592653589793,3.141592653589793,-7.499999999999999,-9.462782852837421,0.6249999999999999,0.7885652377364517,0.0039062499999999935,0.05252347752832409,3.750000000000007,8.66709907471799,49.88993154030001,1.10210661114848,0.0009343597353316317,0.0008259757920459337,31,4.5919508934021,10.674777746200562,11.344040393829346,26.610868215560913
21,12,3.141592653589793,3.141592653589793,-7.499999999999999,-9.462782852837421,0.6249999999999999,0.7885652377364517,0.003906249999999994,0.05252347752832409,3.750000000000007,0.47965581961369236,28.736306633117167,0.09636667836647043,0.0005176919036596397,0.0005833268828928878,27,4.049416780471802,23.29555106163025,9.860158205032349,37.20527148246765
22,13,2.48947879857244,1.2358749907753945,-9.628895357914027,-9.628895357914027,0.8024079464928356,0.8024079464928356,0.039847740666732745,0.05252347752832409,2.1202993688786904,0.486943838131474,29.240917338872453,0.08820766835623285,0.0004272773373014794,0.0020507817213212412,14,1.5316472053527832,32.60611176490784,11.02953815460205,45.16741895675659
23,14,2.54766779101607,1.2704548738806403,-9.801673450238148,-9.801673450238148,0.816806120853179,0.816806120853179,0.04599041528536976,0.05252347752832409,1.727219596516818,0.4923107320061642,29.47319521628565,0.08097750618910649,0.00037883415625436067,0.002468589876706786,14,2.16878080368042,27.074352502822876,9.369917392730713,38.61317729949951
24,15,2.604661455099582,1.2818786549394363,-9.713468201253695,-9.801673450238148,0.8094556834378079,0.816806120853179,0.043060579465599144,0.05252347752832409,1.6062279664792385,0.4933227260042012,29.06555718726021,0.07482180532191349,0.0009079507743725772,0.003666909810714866,13,3.1871535778045654,24.828853845596313,5.876636028289795,33.89284348487854
25,16,2.5800814920372845,1.2797899793403333,-9.749046869594443,-9.801673450238148,0.8124205724662036,0.816806120853179,0.04800319845680803,0.05252347752832409,1.764771519137014,0.49075872728699715,29.01949857123762,0.0666145891179276,0.0003838442866865751,0.0019798032896706794,14,3.117126703262329,27.645500898361206,14.231680154800415,44.99443697929382
26,17,2.5780372434845438,1.278308269096845,-9.746908379538652,-9.801673450238148,0.8122423649615543,0.816806120853179,0.04046313397686511,0.05252347752832409,1.7043297324674995,0.4881018492604211,28.97321864273225,0.05978979370013611,0.00044337430954485217,0.001961890181172017,14,2.8412117958068848,25.83036732673645,11.840871095657349,40.512648582458496
27,18,2.575778975039817,1.2768043980970218,-9.66394658358226,-9.801673450238148,0.8053288819651884,0.816806120853179,0.043582851603193196,0.05252347752832409,1.8991209778412639,0.48564661398374304,28.902206939507963,0.05464836323757318,0.0004195343156195054,0.0017499131599057398,13,2.056894302368164,25.2118878364563,7.82672119140625,35.09565353393555
28,19,2.5683272986769348,1.2750101437721524,-9.736346727028842,-9.801673450238148,0.8113622272524035,0.816806120853179,0.03390638457857728,0.05252347752832409,1.5747790751990038,0.48324245366155916,28.86198411345412,0.04982526426191987,0.0007080584740114781,0.0024327930496280815,12,1.549654245376587,13.770838975906372,17.06100821495056,32.38165211677551
29,20,2.5665180878684266,1.2738056544689575,-9.800072919248642,-9.801673450238148,0.8166727432707201,0.816806120853179,0.05252464698489773,0.05252464698489773,1.6709550551035193,0.48089644280813154,28.822439504398254,0.046009140947760076,0.0006523939606125797,0.002583525232442615,13,2.7398204803466797,23.806727409362793,14.247016906738281,40.7936749458313
30,21,2.5642003280069696,1.2733405315599502,-9.789107720360075,-9.801673450238148,0.815758976696673,0.816806120853179,0.04856946617415161,0.05252464698489773,1.840254740850483,0.4784937645922536,28.77653248805443,0.04257212340335083,0.00037606987974172097,0.0016296486728695464,14,1.7921943664550781,19.77527689933777,11.571804761886597,33.13943672180176
31,22,2.5618347998016904,1.2730876800586666,-9.810528177334625,-9.810528177334625,0.8175440147778854,0.8175440147778854,0.044267494996588996,0.05252464698489773,1.722878900629155,0.4760348245465275,28.72279338097922,0.03968097254491939,0.0004434220387014015,0.0014413795088402354,14,1.3904054164886475,29.824522495269775,26.99003291130066,58.205116748809814
32,23,2.5581297237387615,1.2740151218303433,-9.744057468283984,-9.810528177334625,0.8120047890236654,0.8175440147778854,0.044711507189305257,0.05252464698489773,1.6019203710621923,0.4739363088053113,28.683924709341106,0.036965389014252024,0.00010395605715986027,0.0008680213428570271,16,2.411318063735962,25.823899269104004,22.879038333892822,51.1144232749939
33,24,2.5585302476994833,1.2725927037572367,-9.752268736525425,-9.810528177334625,0.8126890613771187,0.8175440147778854,0.04224927162318736,0.05252464698489773,1.700791984989948,0.47163578984221016,28.642920600844867,0.03453285749840953,0.00036690378291785877,0.0016646369270887776,14,2.2959132194519043,21.696106672286987,23.17586922645569,47.168004751205444
34,25,2.558258861257352,1.2718497178046129,-9.697727383581833,-9.810528177334625,0.8081439486318195,0.8175440147778854,0.04676332360215783,0.05252464698489773,1.8670765355011412,0.469884438031309,28.62374693188073,0.03257513647076455,0.00045862212312139654,0.0015123008779772502,14,0.8149409294128418,34.32026696205139,24.24502921104431,59.39940118789673
35,26,2.5618115225335827,1.2691182304486812,-9.675242997790088,-9.810528177334625,0.8062702498158406,0.8175440147778854,0.0327624071756979,0.05252464698489773,1.748347427469568,0.4682396033453526,28.592147602970044,0.030961783234913963,0.0008395999315707613,0.0026082522830618805,14,1.8077003955841064,34.7722110748291,21.748533725738525,58.32855010032654
36,27,2.556252338292248,1.2818912648120826,-9.7431141838149,-9.810528177334625,0.811926181984575,0.8175440147778854,0.038515792956573654,0.05252464698489773,1.6275333612306042,0.4668113583898895,28.53538369430714,0.029299657992545528,0.0009212246942034969,0.003177561537095295,13,2.5118184089660645,25.75650119781494,19.973705053329468,48.24215888977051
37,28,2.556538255246171,1.280910799590368,-9.743377924677894,-9.810528177334625,0.8119481603898245,0.8175440147778854,0.05103462919260619,0.05252464698489773,1.7357610432538877,0.4649252801117534,28.483776988847612,0.027743447053517264,0.000969472707227374,0.002916697395199881,15,1.4807875156402588,17.067517518997192,25.588632345199585,44.137085914611816
38,29,2.5566350442329204,1.2802584629796259,-9.748603010543592,-9.810528177334625,0.812383584211966,0.8175440147778854,0.05718101212257629,0.05718101212257629,1.8702733930767579,0.4626912656928385,28.431891791294106,0.02629922727533369,0.0002659790564658855,0.0014526364116985145,14,3.140106201171875,25.69614338874817,19.941840410232544,48.77821469306946
39,30,2.555343728357093,1.2821792932681295,-9.697058934316315,-9.810528177334625,0.8080882445263596,0.8175440147778854,0.045909371815850364,0.05718101212257629,1.898069267090321,0.4611977586892542,28.411087648770494,0.025105412365764197,0.00037274428300156873,0.002083730202945354,14,1.716512680053711,17.70054864883423,13.153204441070557,32.57041692733765
40,31,2.572187560025384,1.2549204215859278,-9.69540434959745,-9.810528177334625,0.8079503624664541,0.8175440147778854,0.03657360217740296,0.05718101212257629,1.8281466491198302,0.46150766810942184,28.294032049829536,0.024186722709643095,0.0004973703767130987,0.0015509676528069048,14,2.5030229091644287,24.651855945587158,19.86219835281372,47.01721692085266
41,32,2.5527163652807077,1.29210571365807,-9.729249287728456,-9.810528177334625,0.8107707739773713,0.8175440147778854,0.04558772251860595,0.05718101212257629,1.7805648347143972,0.46063160711138995,28.238607289185943,0.0231560015929098,0.0003092099237327336,0.0014060170562568916,14,2.1256608963012695,25.722827672958374,20.21410298347473,48.062952280044556
42,33,2.5560425732619834,1.2844570346194675,-9.750072187143193,-9.810528177334625,0.812506015595266,0.8175440147778854,0.03821404649146088,0.05718101212257629,1.6923197128960084,0.45793239067098906,28.186248405198825,0.022080308562601375,0.0004254089648706544,0.0015020075743371489,14,4.463442325592041,24.466878175735474,24.637449026107788,53.56787443161011
43,34,2.5549257222486017,1.2867249338152487,-9.700643536205819,-9.810528177334625,0.8083869613504849,0.8175440147778854,0.04564439389986505,0.05718101212257629,1.9178171110474267,0.4557221917837489,28.154483318180723,0.021157389428390554,0.0006981964523781043,0.0018171315335995502,14,1.6880114078521729,24.107168674468994,24.488248109817505,50.283586502075195
44,35,2.560512095604151,1.2741463880295005,-9.739150151545587,-9.810528177334625,0.8115958459621323,0.8175440147778854,0.04742835789940833,0.05718101212257629,1.7883638897462788,0.452335686498134,28.109132137117804,0.020190059486763355,0.0003030344339888148,0.0008766436192054946,16,1.5587961673736572,23.865413904190063,19.676599979400635,45.100956201553345
45,36,2.5602421398243824,1.2742398324720512,-9.718481533900242,-9.810528177334625,0.8098734611583535,0.8175440147778854,0.04180866769512823,0.05718101212257629,1.773760988057532,0.18690721147079803,34.26881510190448,0.004437242223961285,0.00026324822622792425,0.0007610134366745796,16,3.554264783859253,19.646472454071045,19.614579677581787,42.84022045135498
46,37,2.5313237792717946,1.2668409194233672,-9.661729254360662,-9.810528177334625,0.8051441045300551,0.8175440147778854,0.05052593773163643,0.05718101212257629,2.1620963602265704,0.1897934053671432,34.03325865025081,0.004497831988999556,0.00028446778456715403,0.0004988170292981759,22,1.4476442337036133,19.75484013557434,19.0052649974823,40.207924127578735
47,38,2.5941260616056825,1.3145893492793548,-9.628951741024013,-9.810528177334625,0.8024126450853344,0.8175440147778854,0.03786578306295375,0.05718101212257629,1.67660821743209,0.19352157585328886,33.50725755520777,0.004545694393522842,0.0005671438700611056,0.0012180709766823185,20,4.118022441864014,33.522866010665894,26.647413730621338,64.2884407043457
48,39,2.532109310003834,1.2066498866839948,-9.730263200061044,-9.810528177334625,0.8108552666717537,0.8175440147778854,0.05147352846336743,0.05718101212257629,1.9602625264915474,0.45257306804054653,27.968006753874064,0.01788652519902121,0.0009025516817014875,0.00214717217179339,18,3.0592737197875977,29.504281044006348,22.377712965011597,54.94141244888306
49,40,2.576416950375343,1.238518192608292,-9.879687438243437,-9.879687438243437,0.8233072865202864,0.8233072865202864,0.05951700336591821,0.05951700336591821,1.66049371294298,0.4531014413516506,28.132675649092285,0.017674202175697467,0.0007876458077525051,0.001740430234555516,15,1.5753734111785889,25.77463984489441,19.319480180740356,46.66962027549744
50,41,2.609752054823437,1.2108843842178683,-9.746620814332527,-9.879687438243437,0.8122184011943773,0.8233072865202864,0.04210602500813813,0.05951700336591821,1.7732899613542799,0.45524947907680235,27.939292605471707,0.01730678592097857,0.0006592123702218584,0.0015690091407535554,14,3.270627498626709,13.880996227264404,16.651121854782104,33.80286240577698
51,42,2.585660557413401,1.2242891194651582,-9.755739494196115,-9.879687438243437,0.8129782911830096,0.8233072865202864,0.04410417495990526,0.05951700336591821,1.6469650791756294,0.45287015169934786,27.894362783113962,0.01669732940912063,0.0008169354229536577,0.0012139215971973013,16,2.4135563373565674,20.909646034240723,18.43387794494629,41.75720739364624
52,43,2.5826609092009476,1.2277527180498538,-9.872278350139615,-9.879687438243437,0.8226898625116346,0.8233072865202864,0.052933795039770394,0.05951700336591821,1.6344478483765101,0.4498654607301397,27.868081218964743,0.016315568100038435,0.0008079002148299642,0.0010286847656680164,16,1.1093835830688477,23.92376971244812,21.050507068634033,46.10199499130249
53,44,2.584412423443725,1.2236069917611645,-9.800880377155266,-9.879687438243437,0.8167400314296055,0.8233072865202864,0.048309675168944265,0.05951700336591821,1.8884802771606672,0.445951259274298,27.820347175346136,0.01569923970274616,0.0006219939904812599,0.0012535838095493277,16,4.10072660446167,19.6556499004364,32.75951385498047,56.515984535217285
54,45,2.5837873048185362,1.2237229288041906,-9.763402961028383,-9.879687438243437,0.813616913419032,0.8233072865202864,0.047466318406278324,0.05951700336591821,1.7154860369477944,0.20593357139264098,32.34575595564011,0.004691562274729912,0.0006027456666962484,0.0011077128671889151,16,3.3384127616882324,27.88220238685608,23.789022207260132,55.00977325439453
55,46,2.568249142055679,1.2282261608038822,-9.83049217319769,-9.879687438243437,0.8192076810998076,0.8233072865202864,0.061604009045443525,0.061604009045443525,2.0074219839779346,0.20575508039124146,32.3655034315203,0.00452689505253908,0.0009888678846347906,0.0003899953733045433,25,4.35608983039856,29.840181827545166,25.583137273788452,59.77970886230469
56,47,2.568798504303475,1.228729396729811,-9.762928892167418,-9.879687438243437,0.8135774076806181,0.8233072865202864,0.04157498482480375,0.061604009045443525,1.557235325160903,0.2066294939254898,32.29979511779589,0.004489774491226097,0.00010355361424328371,0.00014132219277577656,26,3.391037702560425,29.383445262908936,18.645771741867065,51.42037320137024
57,48,2.567873116641802,1.1724704519502278,-9.70733128080086,-9.879687438243437,0.8089442734000717,0.8233072865202864,0.05101623835501482,0.061604009045443525,2.0997660676300427,0.2115017895742033,31.88984252977522,0.00457146835105634,0.00019089359581015702,0.0004395914945010452,21,1.541210651397705,19.783792734146118,21.46936321258545,42.794493436813354
58,49,2.5807266864100815,1.2349094993293486,-9.779707555883444,-9.879687438243437,0.8149756296569537,0.8233072865202864,0.04421380627784601,0.061604009045443525,1.6433919905241652,0.21120264814798348,31.917108866076266,0.004430612820865345,0.0004869223149098323,0.0004955170845285608,24,1.174351692199707,10.228816509246826,15.29712462425232,26.70043444633484
59,50,2.651416351208678,1.2419652865877162,-9.780805300594118,-9.879687438243437,0.8150671083828431,0.8233072865202864,0.048008617119277605,0.061604009045443525,1.626549845612118,0.21517500784112717,31.869310591506217,0.004468248877612631,0.0003700568700078787,0.0007548794462831471,20,3.201169729232788,27.340793132781982,25.891318559646606,56.43358016014099
60,51,2.6887841266926564,1.2383473712813537,-9.670362038802262,-9.879687438243437,0.8058635032335218,0.8233072865202864,0.03978621791569686,0.061604009045443525,1.5766344040092406,0.2190650765175851,31.339958508046468,0.004538445519894109,0.0008960984820525834,0.0022034754515554617,19,3.2515525817871094,20.153966665267944,24.00981378555298,47.415473222732544
61,52,2.6558190964375843,1.1927641577813224,-9.695393287140751,-9.879687438243437,0.8079494405950626,0.8233072865202864,0.04563450074780857,0.061604009045443525,1.7193801428772986,0.4505096735156375,27.55466225818814,0.013015342881475777,0.00020062544188588808,0.0005130429705760435,23,2.4412999153137207,13.561386823654175,18.958638191223145,34.96144390106201
62,53,2.5881827244111637,1.2304752939015664,-9.76025692728041,-9.879687438243437,0.8133547439400343,0.8233072865202864,0.041195310065756496,0.061604009045443525,1.5704010559285848,0.22282018920126395,31.037205352385783,0.004470618065647282,0.0006999573872140865,0.0008463749955174128,16,1.1002311706542969,8.516484498977661,14.828657627105713,24.44548511505127
63,54,2.6256335416027774,1.2417888760512885,-9.829414189979957,-9.879687438243437,0.8191178491649964,0.8233072865202864,0.05063757039543812,0.061604009045443525,1.732970721120509,0.22353637006958946,30.97826110811251,0.004407259073561684,0.00033189708125113695,0.00042524402085946983,21,1.0713279247283936,7.051443576812744,16.080226182937622,24.203307390213013
64,55,2.625614201261446,1.2418163571797776,-9.750819604073735,-9.879687438243437,0.8125683003394779,0.8233072865202864,0.04723040614727003,0.061604009045443525,1.7114760287836646,0.2240211350807221,30.96246669905478,0.004353994847032879,0.0006073642527179056,0.0005309412003823641,25,1.3418049812316895,9.509346961975098,18.949458360671997,29.800729751586914
65,56,2.662953321181048,1.2845866693403358,-9.705028804904313,-9.879687438243437,0.8087524004086927,0.8233072865202864,0.04130091176486549,0.061604009045443525,1.6625464909877365,0.2286422405497165,30.68132062498776,0.004423390767327882,0.0006506114147168098,0.0014369451527399778,20,2.655003070831299,24.816394090652466,23.701382160186768,51.1728892326355
66,57,2.500871188132994,1.1532541047989793,-9.607921792059743,-9.879687438243437,0.800660149338312,0.8233072865202864,0.05872205829274198,0.061604009045443525,2.619970510073017,0.4516284653778307,27.488849305616867,0.011724719558529492,0.0009989871610007618,0.0010032225475643326,23,2.8353161811828613,27.49503445625305,43.54441285133362,73.8748848438263
67,58,2.5908588792994864,1.231746650968918,-9.69127416957456,-9.879687438243437,0.80760618079788,0.8233072865202864,0.04421108396491809,0.061604009045443525,1.797298854394171,0.45210970810897577,27.515611417650607,0.011676710713321397,4.367951437339569e-05,0.0002831760286762381,16,2.937009572982788,32.885127782821655,32.276594400405884,68.09885287284851
68,59,2.5842386985206556,1.2313269300393554,-9.794734055867789,-9.879687438243437,0.8162278379889824,0.8233072865202864,0.047048840337323546,0.061604009045443525,1.6467822441017006,0.23238313566178842,30.41251237323055,0.004434354260661709,0.0001164436528717736,0.00040289604620804377,16,0.8591651916503906,25.823683261871338,32.448660373687744,59.131635427474976
69,60,2.5641275384291147,1.2222320082232083,-9.827513253972022,-9.879687438243437,0.8189594378310018,0.8233072865202864,0.05357787587040503,0.061604009045443525,1.8139508813317349,0.23038903632264512,30.516230055565828,0.004258547366323348,0.00034274315777058,0.0002939700511116003,23,2.0538291931152344,24.6807062625885,28.901660203933716,55.63631987571716
70,61,2.5636985239846783,1.2213611425211233,-9.73792474944234,-9.879687438243437,0.811493729120195,0.8233072865202864,0.048744409978282076,0.061604009045443525,1.864488869774405,0.23215213424718548,30.43057934375668,0.0043020762271584415,0.0007094958405807382,0.00044122810171546857,24,1.9909050464630127,25.466373443603516,31.354424715042114,58.8118257522583
71,62,2.569905131704114,1.2315199234710679,-9.77821081628538,-9.879687438243437,0.814850901357115,0.8233072865202864,0.0451855980295503,0.061604009045443525,1.7007332391911092,0.23079471965164644,30.50540507747376,0.004150646845522398,0.0005280788240916437,0.0002607890573368896,30,1.939361333847046,29.100662231445312,29.509235858917236,60.549373388290405
72,63,2.639581697018513,1.2521084921960215,-9.782289217011062,-9.879687438243437,0.8151907680842552,0.8233072865202864,0.04632911026815681,0.061604009045443525,1.662259615138069,0.2302889277328812,30.53116279256757,0.00402976653801705,0.00026588478199281526,0.0003049536673443979,27,3.450029134750366,30.798333168029785,30.06296420097351,64.31143474578857
73,64,2.6152303004205453,1.1216241320340101,-9.55331234037427,-9.879687438243437,0.7961093616978557,0.8233072865202864,0.04187047095342554,0.061604009045443525,2.326162088256382,0.2352397177311495,30.182651891020083,0.004114334101256033,0.00025264606474524403,0.0008940883057281813,22,3.401740789413452,10.453328132629395,22.23397707939148,36.089176177978516
74,65,2.4868286299287288,1.334836411999034,-9.507026965226217,-9.879687438243437,0.7922522471021848,0.8233072865202864,0.0332671779488453,0.061604009045443525,2.034426581450333,0.24113995910085906,29.815858964471897,0.004232608021064546,0.0008667558409361547,0.0023256053427303785,18,2.9779164791107178,16.983725786209106,38.90393829345703,58.865705251693726
75,66,2.398457275289125,1.2313655602614297,-9.694965938201324,-9.879687438243437,0.8079138281834437,0.8233072865202864,0.06638271522168045,0.06638271522168045,2.529824055673032,0.4586068162973743,27.579705461962362,0.010340041752051691,0.0003877055389500077,0.001403237062528776,22,3.4202592372894287,22.113125324249268,23.037917852401733,48.571431159973145
76,67,2.59373925725594,1.2332422913278487,-9.741398389561466,-9.879687438243437,0.8117831991301222,0.8233072865202864,0.04848051114971336,0.06638271522168045,1.7854207081065852,0.2426408294153651,29.846383070449853,0.004124799992460065,0.00045989775298602967,0.001210222130266418,17,1.6773548126220703,24.48077702522278,61.38150072097778,87.53976368904114
77,68,2.3415820043651743,1.2550476303284155,-9.50543375474867,-9.879687438243437,0.7921194795623893,0.8233072865202864,0.0434787749698716,0.06638271522168045,2.5310379491761097,0.4662316521830858,27.520275868121004,0.010177848114861608,0.000660218518689803,0.0012334728917324548,20,3.8850879669189453,38.388912200927734,50.48198461532593,92.75611162185669
78,69,2.5844639360073134,1.231971363466121,-9.789597567955294,-9.879687438243437,0.8157997973296078,0.8233072865202864,0.05232927791593379,0.06638271522168045,1.8584741976079044,0.24461664209894096,29.419842258357093,0.004049273769025494,0.0006264675984043233,0.0010141914068863508,18,1.5942378044128418,10.62709665298462,21.65287160873413,33.874309062957764
79,70,2.7399324015537094,2.8491876455251477,-9.50576610088575,-9.879687438243437,0.7921471750738126,0.8233072865202864,0.029426854180575716,0.06638271522168045,1.5891571165959704,0.4742557796404626,27.570614947467117,0.009980891083666302,0.0009183938257276063,0.0032702737356757592,17,0.8372204303741455,13.124334573745728,26.379037618637085,40.34072160720825
80,71,2.5847661887348776,1.2320034565837727,-9.75662766624829,-9.879687438243437,0.8130523055206909,0.8233072865202864,0.03892978092180806,0.06638271522168045,1.5053913226481086,0.47074717972647223,27.52269769257862,0.009743851759888985,0.0006516920514463677,0.0010397417934493386,18,1.2454349994659424,19.35993242263794,35.87501907348633,56.4805121421814
81,72,2.5834664012080113,1.2319308107454583,-9.77893023511817,-9.879687438243437,0.8149108529265141,0.8233072865202864,0.034313126593763454,0.06638271522168045,1.4955910606906855,0.24597954695471344,29.220107699510187,0.0038535991021225293,0.0008567852288073422,0.001199805622061466,18,2.9254255294799805,32.69417119026184,71.03242897987366,106.65219211578369
82,73,2.673759672900387,2.805326731197506,-9.745261565623464,-9.879687438243437,0.812105130468622,0.8233072865202864,0.04340576352875926,0.06638271522168045,1.566077915601383,0.461123442917706,27.216318221078,0.009426480186481614,0.0007088792869962238,0.0017521153810581664,25,3.53251314163208,40.552759408950806,66.68407416343689,110.76949048042297
83,74,2.6322824426642417,2.763282631499637,-9.656626579704342,-9.879687438243437,0.8047188816420285,0.8233072865202864,0.03654621612016658,0.06638271522168045,1.7919440679886947,0.4690202508841211,27.230685960820075,0.009434769118544984,0.0009913454540311831,0.0012518698086166726,23,4.670255661010742,36.14110827445984,63.145326137542725,103.95684695243835
84,75,2.583015311486126,1.2319190519591747,-9.836345096936757,-9.879687438243437,0.8196954247447298,0.8233072865202864,0.05686621140030325,0.06638271522168045,1.9022778915108773,0.46606626146772534,27.1888287172722,0.009264441612092285,0.00044543946541725395,0.0008919196457659984,20,3.444349527359009,26.670493364334106,38.25083565711975,68.36580610275269
85,76,2.5832013263457116,1.2318334799756643,-9.855100756025275,-9.879687438243437,0.8212583963354395,0.8233072865202864,0.05209039106517116,0.06638271522168045,1.6073070293885934,0.4636692935182063,27.154575139701297,0.009143692364139436,0.0009171288775861504,0.0012525039105239146,19,1.5497369766235352,23.07871913909912,29.827149391174316,54.455745697021484
86,77,2.5835537370598303,1.2317550921879523,-9.748183783196351,-9.879687438243437,0.8123486485996959,0.8233072865202864,0.051065164274558,0.06638271522168045,1.7479772607278932,0.46019451798867644,27.11388316863458,0.008949555003474973,0.0008884928018562926,0.0011476547575347887,19,4.005674123764038,21.797683000564575,41.179351806640625,66.98285460472107
87,78,2.5827643244379024,1.2317628630120145,-9.73364280785038,-9.879687438243437,0.8111369006541983,0.8233072865202864,0.04239467377854253,0.06638271522168045,1.5778397786072986,0.45705890785895986,27.078747628569584,0.008786613526507751,0.0009581802712307163,0.0012179843697014503,19,3.804224729537964,27.111793279647827,46.510172843933105,77.42631959915161
88,79,2.581980295314016,1.231778875611321,-9.763336738127633,-9.879687438243437,0.8136113948439694,0.8233072865202864,0.04633448796346361,0.06638271522168045,1.742168413075035,0.25129756691440436,28.582187932141267,0.0037775360648745018,0.0006507693111971906,0.0009034090246991352,18,0.7369065284729004,24.262869119644165,37.53587222099304,62.535768032073975
89,80,2.700235885709695,2.75892180006183,-9.543639761756674,-9.879687438243437,0.7953033134797228,0.8233072865202864,0.029947710150605673,0.06638271522168045,1.7186725815920312,0.4585289185320224,26.99684165668601,0.00863913234382427,0.0009789306250608503,0.0012071263437590848,20,1.6957037448883057,27.23900270462036,38.79884076118469,67.73368692398071
90,81,2.581859467125328,1.2317988771046973,-9.803717257181539,-9.879687438243437,0.8169764380984615,0.8233072865202864,0.04964866823515208,0.06638271522168045,1.6706506603975697,0.2530520009436421,28.45259830579208,0.0037138083519679503,0.0006734768620323181,0.0009681647903056041,18,3.012301206588745,23.149287939071655,36.28723669052124,62.44896388053894
91,82,2.6107430993145933,2.8208039921317116,-9.707047983505024,-9.879687438243437,0.8089206652920854,0.8233072865202864,0.03605658659799029,0.06638271522168045,1.6023708599487776,0.2594139986456989,28.154969996248962,0.0038293167683239393,0.00094284863403876,0.0011611827904400725,23,4.452101230621338,13.73173999786377,27.241548776626587,45.42551350593567
92,83,2.5417461432587443,2.795740640655512,-9.818116446101808,-9.879687438243437,0.818176370508484,0.8233072865202864,0.05161410462266709,0.06638271522168045,1.8267841791220008,0.44763139395669654,26.85958597256733,0.008235367004782647,0.000345778277248547,0.0007047896614345599,22,2.4919679164886475,19.3925883769989,34.72070813179016,56.60539674758911
93,84,2.5807496443637596,1.2316180617817063,-9.805900910325784,-9.879687438243437,0.8171584091938153,0.8233072865202864,0.052815112095079636,0.06638271522168045,1.754194595727867,0.2601608653671824,28.167727638156403,0.0037454703626382713,0.0007167634845630525,0.0009709550662182681,19,1.4952597618103027,16.47621178627014,36.51529049873352,54.493103981018066
94,85,2.503622244908546,2.789055367627934,-9.711600825272686,-9.879687438243437,0.8093000687727239,0.8233072865202864,0.05212951855025087,0.06638271522168045,1.9989285206807637,0.44876381406175414,26.787430355784807,0.008026467105289726,0.0007359233389901759,0.0010300861901491956,21,3.6658151149749756,37.67697024345398,46.85028600692749,88.19322896003723
95,86,2.5805150866066517,1.231558478881446,-9.795265091858544,-9.879687438243437,0.8162720909882121,0.8233072865202864,0.05532348749239604,0.06638271522168045,1.758862412900072,0.26087481065904033,27.93117258180868,0.003662267963529716,0.0009801764946180912,0.0008555302468921081,15,3.644219160079956,32.8499813079834,28.70440649986267,65.19876384735107
96,87,2.552402840792866,2.7721789997517643,-9.802522580253306,-9.879687438243437,0.8168768816877755,0.8233072865202864,0.0567140769399858,0.06638271522168045,2.077842500954759,0.26477696595264244,27.781468008599912,0.003706458043208392,0.0006646461716349949,0.0006843929240596033,26,1.1390297412872314,15.2376708984375,42.824376821517944,59.20120978355408
97,88,2.556789188010836,2.7980719358936517,-9.78741896182007,-9.879687438243437,0.8156182468183392,0.8233072865202864,0.05827523903961655,0.06638271522168045,2.0126245044696702,0.2645855018403086,27.79258346444911,0.0036370512217036473,0.000942341550603009,0.0007703646165747795,20,1.95784592628479,18.486277103424072,30.387842416763306,50.832098722457886
98,89,2.5366649333834874,2.742861935864483,-9.69466997955763,-9.879687438243437,0.8078891649631359,0.8233072865202864,0.04026585542351801,0.06638271522168045,2.0125916900733642,0.26796825227085636,27.634049321735944,0.0036695848421785626,0.0007508465335114599,0.0011336371942661393,19,1.4624910354614258,24.255350351333618,30.08189606666565,55.7998731136322
99,90,2.5408046121102603,2.8201061214799537,-9.619641138376208,-9.879687438243437,0.8016367615313507,0.8233072865202864,0.03798604852618824,0.06638271522168045,2.010086810033471,0.2667930279920501,27.78171252452966,0.003668528625192877,0.0007318564507405687,0.0007008061896676699,24,4.061120986938477,16.06983208656311,27.04363512992859,47.1747031211853
100,91,2.562239751923437,2.7795958408783017,-9.854857368362296,-9.879687438243437,0.8212381140301913,0.8233072865202864,0.06327700128681685,0.06638271522168045,1.7997125242898733,0.263799203076933,27.87848976211889,0.00355436129687672,0.0005447162407651993,0.00045146237412606213,32,1.2817838191986084,20.18906283378601,30.290335655212402,51.76131272315979
101,92,2.735248540582031,1.3210733706708917,-9.406522881810064,-9.879687438243437,0.7838769068175053,0.8233072865202864,0.024487790675507666,0.06638271522168045,1.580745635281417,0.4533275475106034,26.570891959153712,0.007604165427714316,0.00042311147109303117,0.0012673109431338367,17,2.2642197608947754,21.427420377731323,35.34554648399353,59.0373170375824
102,93,2.5814648954441926,1.2318569945263467,-9.76797182291882,-9.879687438243437,0.8139976519099017,0.8233072865202864,0.04806291401515855,0.06638271522168045,1.9136658761696452,0.2668107334372356,27.633945082854645,0.003532395566167136,0.0007024484636449301,0.000841828422523526,18,2.2264251708984375,26.78737473487854,37.74519062042236,66.75956988334656
103,94,2.4035437504474433,1.1834841450507287,-9.396713721880806,-9.879687438243437,0.7830594768234005,0.8233072865202864,0.05978237723836974,0.06638271522168045,2.9760435773235088,0.2649334072359902,27.67282864396678,0.003520409081958093,0.0008964946227093874,0.0010338270716851617,19,3.4534294605255127,28.64621114730835,42.16224002838135,74.26200032234192
104,95,2.564985621597179,2.779334684920062,-9.793403310538821,-9.879687438243437,0.8161169425449017,0.8233072865202864,0.057635870434830094,0.06638271522168045,2.099990924070511,0.26448960260258825,27.683688007162285,0.0034594394584285732,0.00030191963078968605,0.00022290806559814743,26,4.317440032958984,28.999558210372925,37.898298501968384,71.2155351638794
105,96,2.5548335365135846,2.7798985119376702,-9.681254352541059,-9.879687438243437,0.8067711960450882,0.8233072865202864,0.041858086733867046,0.06638271522168045,1.8349367307328777,0.4602255034162295,26.667702970646857,0.007650729776208178,0.0005456345407895979,0.00042825695439276,26,3.3460936546325684,13.771753311157227,46.91686248779297,64.03485894203186
106,97,2.58133547991141,1.2315132808922409,-9.792283159373477,-9.879687438243437,0.8160235966144564,0.8233072865202864,0.03864463137881047,0.06638271522168045,1.5594747433832623,0.45489910307399184,26.609838135447664,0.007466679461034166,0.00041908555391172885,0.0005505499898983984,22,2.974825620651245,26.097339153289795,57.38855314254761,86.46090483665466
107,98,2.580609526825461,1.2314064083465488,-9.64952108197192,-9.879687438243437,0.8041267568309934,0.8233072865202864,0.031826467295139264,0.06638271522168045,1.5690900717409164,0.4623075645615212,26.691581625966116,0.007714938096474229,0.00010331297560129001,0.0003053616982556717,21,3.7492709159851074,28.909730672836304,53.332215785980225,85.99137949943542
108,99,2.6096666927661194,1.236051548700657,-9.804790580705111,-9.879687438243437,0.8170658817254259,0.8233072865202864,0.05731695510683738,0.06638271522168045,1.7059252367048714,0.4591815031040328,26.652309935893918,0.007576264467665736,0.0009749431757253951,0.0009954246932151775,21,4.518296003341675,33.68039798736572,66.19440507888794,104.39330792427063
109,100,2.611353508500245,1.2363005154303865,-9.793809097015057,-9.879687438243437,0.816150758084588,0.8233072865202864,0.04162137015175302,0.06638271522168045,1.5015485450403219,0.4550713138089844,26.605714902441175,0.007419781509244385,0.0007370704875892329,0.00093884577237911,19,2.502882957458496,24.609556198120117,48.257434368133545,75.37003183364868
110,101,2.612189146061665,1.2364877723170866,-9.822413335257705,-9.879687438243437,0.8185344446048087,0.8233072865202864,0.05004639432591655,0.06638271522168045,1.6620319812021194,0.45110780489352426,26.559866026557145,0.007286487706208407,0.0009209417485643791,0.0012594804733871505,19,3.0666682720184326,25.00200843811035,39.94970726966858,68.01850318908691
111,102,2.613794062686834,1.2366925297281535,-9.739288590275278,-9.879687438243437,0.8116073825229398,0.8233072865202864,0.03393053333557866,0.06638271522168045,1.4833027001950825,0.4476655908890457,26.530609844800733,0.007167818785662002,0.00042289044576356943,0.0005607955054349966,22,4.496273994445801,26.770813465118408,44.76293420791626,76.03018283843994
112,103,2.6114863884554165,1.2366389303862269,-9.749186236021128,-9.879687438243437,0.812432186335094,0.8233072865202864,0.04835935093164774,0.06638271522168045,1.707757178077813,0.44190675028264503,26.479724918141457,0.007006108150534912,0.0008118824325131562,0.0010110387334934308,20,2.3989875316619873,18.45941925048828,33.46776795387268,54.326329708099365
113,104,2.609526908394533,1.2365598848393329,-9.696748593734469,-9.879687438243437,0.8080623828112058,0.8233072865202864,0.04122056739129184,0.06638271522168045,1.6071059355807904,0.4401372760773808,26.470072343085242,0.006972175806547471,0.0009458934611508159,0.0012336954456756317,22,4.5340962409973145,25.490723609924316,33.9894163608551,64.01437950134277
114,105,2.574965090623469,1.2304230518409405,-9.722198298395327,-9.879687438243437,0.8101831915329439,0.8233072865202864,0.03980034151452972,0.06638271522168045,1.5431131197878187,0.4369446167695384,26.44165433010065,0.0068802676283598,0.0009643974918050113,0.0005267360099788658,18,2.0617403984069824,30.325806140899658,35.07172727584839,67.45947337150574
115,106,2.57705929267609,1.2311007654223058,-9.706653994709797,-9.879687438243437,0.808887832892483,0.8233072865202864,0.047407718583733216,0.06638271522168045,2.0957012683953877,0.43539063402098005,26.427623756952407,0.0068345808921426434,0.0007637801880558463,0.0007559999790830441,18,1.5879297256469727,16.13396382331848,39.03283977508545,56.75486135482788
116,107,2.5805123981426115,1.231848780011736,-9.774433478452131,-9.879687438243437,0.8145361232043443,0.8233072865202864,0.04402165837814033,0.06638271522168045,1.7717878375267304,0.2887610395571811,27.053251980457155,0.004146094178803466,0.000974854182935741,0.0011703642383255324,17,1.216055154800415,11.330747842788696,52.98513960838318,65.53206419944763
117,108,2.42477572163721,2.7681681362777466,-9.5696034091865,-9.879687438243437,0.7974669507655417,0.8233072865202864,0.0552871152618638,0.06638271522168045,2.57513642123358,0.44431113174008574,26.50505029689422,0.006802539335254618,0.0003167260125399573,0.0009771243952539943,21,5.098840951919556,34.0449104309082,67.68841075897217,106.83230590820312
118,109,2.5814476176789296,1.2320875562287052,-9.825293201690858,-9.879687438243437,0.8187744334742382,0.8233072865202864,0.04606827236093673,0.06638271522168045,1.6184877279164027,0.43879257314104014,26.45541124946609,0.006674651186676846,0.0007925724900366876,0.0010394561235193198,19,2.889845132827759,39.36641001701355,51.07876920700073,93.33518719673157
119,110,2.580494706820324,1.2320186975263567,-9.76617875039981,-9.879687438243437,0.8138482291999841,0.8233072865202864,0.047562556183739065,0.06638271522168045,1.5975370995803786,0.291488148817604,26.955104722690372,0.004078379424953056,0.0005071291813557088,0.0005595431003129876,19,0.5282614231109619,23.88312077522278,53.81754469871521,78.22909235954285
120,111,2.5775269421051568,2.7823729549002874,-9.815197520608773,-9.879687438243437,0.8179331267173978,0.8233072865202864,0.058589227316726854,0.06638271522168045,1.8697399988044339,0.28895037553923913,27.012010930703532,0.003980957075105464,0.0007441416753667843,0.00037925600820871676,25,5.4486870765686035,16.522070169448853,49.225786447525024,71.1966905593872
121,112,2.57774098381627,2.7824752418069894,-9.71959809984215,-9.879687438243437,0.8099665083201791,0.8233072865202864,0.056643164265642254,0.06638271522168045,2.0584158272612285,0.2932470968575846,26.91709543227668,0.004070766280559858,0.0006630833020173933,0.0004271414593211844,25,1.357116937637329,15.457371711730957,60.99254584312439,77.80720853805542
122,113,2.3410199150077924,2.8302684724457197,-9.468819268943625,-9.879687438243437,0.7890682724119688,0.8233072865202864,0.05771606876841499,0.06638271522168045,2.8656230766732875,0.44583234281667694,26.617172853159655,0.006520133473781445,0.0004968090107972836,0.0014126719003954356,22,2.7644481658935547,41.968575954437256,82.73054528236389,127.46367526054382
123,114,2.580936720195117,1.2320698783071142,-9.813517613832401,-9.879687438243437,0.8177931344860334,0.8233072865202864,0.05653737617856616,0.06638271522168045,1.7833517135925945,0.4381639638286846,26.543653596503486,0.0063615695343553855,0.000560631986930778,0.0008783183609212566,19,3.559614658355713,35.05883836746216,49.65774989128113,88.27637052536011
124,115,2.5797787856018264,1.2319140224094105,-9.769157791445494,-9.879687438243437,0.8140964826204579,0.8233072865202864,0.0483432591177535,0.06638271522168045,1.6625400243655122,0.29622766149982555,26.87054656247359,0.003997439137683096,0.0007531139406171961,0.0009658225102213542,17,1.7323522567749023,23.87415337562561,37.033063888549805,62.639689922332764
125,116,2.2286224666036616,2.817106365866961,-9.225109935238832,-9.879687438243437,0.7687591612699026,0.8233072865202864,0.0417732696513944,0.06638271522168045,3.376071016369039,0.4538417689218211,26.509022888546305,0.00643822173139275,0.0007671668398902725,0.002609373083411252,19,0.7745242118835449,29.01087212562561,44.64156889915466,74.42708420753479
126,117,2.5813752376203962,1.232255740409124,-9.70202279216173,-9.879687438243437,0.8085018993468108,0.8233072865202864,0.031256334856700464,0.06638271522168045,1.46052360180677,0.4529210787265091,26.497962231150066,0.006417649248179348,0.000946262657958033,0.0007638226763212605,19,1.402759075164795,27.718989849090576,63.204492807388306,92.32644486427307
127,118,2.5817914289405266,1.2319086899938536,-9.718257519908185,-9.879687438243437,0.8098547933256821,0.8233072865202864,0.041178595363206213,0.06638271522168045,1.640600603925435,0.4489715374834267,26.454867512304254,0.006334642130080205,0.0006026166171051423,0.001050195130213473,19,4.565495729446411,31.05355930328369,66.03799605369568,101.65719819068909
128,119,2.620827026461524,1.2384955775304,-9.83687364311516,-9.879687438243437,0.8197394702595967,0.8233072865202864,0.04689257348597227,0.06638271522168045,1.6222980815516905,0.4447788643947202,26.403276345164194,0.006257115173706458,0.0006064104737119463,0.0010033404340239057,19,2.375319719314575,27.165471076965332,61.208331823349,90.74923944473267
129,120,2.6234080920501754,1.23874033813477,-9.746729377292537,-9.879687438243437,0.8122274481077114,0.8233072865202864,0.042445875422643525,0.06638271522168045,1.6192005845718995,0.43825936242278646,26.34376887598245,0.006119220700703263,0.0008469749742148827,0.0008780553897410513,20,1.859179973602295,18.99317479133606,48.09745645523071,68.94998574256897
130,121,2.6225238558579567,1.23897291079756,-9.733591257556302,-9.879687438243437,0.8111326047963585,0.8233072865202864,0.03285900030427623,0.06638271522168045,1.533839996545666,0.30655944495263654,26.487193189058413,0.004099884610366928,0.00011761574560348121,0.00025474708795908613,22,3.2332091331481934,31.78356623649597,48.05437207221985,83.07129716873169
131,122,2.4099066733266956,1.2829923436351947,-9.534920790784883,-9.879687438243437,0.7945767325654068,0.8233072865202864,0.041371827170080276,0.06638271522168045,2.522605410478789,0.45135123445338565,26.4681647853491,0.006191235641691782,0.00022185634718559718,0.0003600545232575851,28,2.916668653488159,16.02587866783142,51.596949338912964,70.53964424133301
132,123,2.580695545474732,1.23084440719061,-9.770806832375222,-9.879687438243437,0.8142339026979352,0.8233072865202864,0.042038902369424654,0.06638271522168045,1.7167040597294942,0.44280307426885657,26.379658406568318,0.0060269451752826666,0.0006001408430554632,0.001960342010904669,17,1.6867091655731201,32.80017685890198,53.244274854660034,87.73134255409241
133,124,2.618624082367216,1.2381959489453012,-9.768730496159614,-9.879687438243437,0.8140608746799679,0.8233072865202864,0.04402565502273048,0.06638271522168045,1.544927791985998,0.3048982176980302,26.503250943163252,0.003966114373558361,0.0007682926551609913,0.0016688482490389153,21,3.5231823921203613,23.104203701019287,62.80981183052063,89.4373426437378
134,125,2.63976798288973,1.2419106378743638,-9.681164517099113,-9.879687438243437,0.8067637097582594,0.8233072865202864,0.034605200412937055,0.06638271522168045,1.525598890159273,0.44165504193888216,26.38485885359886,0.005952573022559618,0.0005045874351407278,0.0004177603491468086,28,2.8060081005096436,26.581228494644165,52.778305530548096,82.16565608978271
135,126,2.576167184902632,1.2292636736708553,-9.75133259987033,-9.879687438243437,0.8126110499891942,0.8233072865202864,0.05148213381122283,0.06638271522168045,1.820401819801802,0.31276729394402336,26.410693439624957,0.00409824865110041,0.0003329247184777579,0.000787472607712222,20,2.348512887954712,17.649776458740234,69.09971809387207,89.09819078445435
136,127,2.761561752153266,1.1628202958658538,-9.443966725535418,-9.879687438243437,0.7869972271279515,0.8233072865202864,0.024146927041433626,0.06638271522168045,1.7575447530625752,0.45676016424635396,26.458297486552578,0.0060157124965766525,0.00046418580382253137,0.0013467602056812984,24,6.17800760269165,38.59119701385498,58.45997095108032,103.22932481765747
137,128,2.5809356141500777,1.2328752795717235,-9.8183074901453,-9.879687438243437,0.8181922908454416,0.8233072865202864,0.053997010410289314,0.06638271522168045,1.742247605613727,0.451916640055633,26.408189707118435,0.005921544383481532,0.0007726054633115331,0.0011620276031121402,24,0.7646889686584473,14.129632949829102,54.67828893661499,69.57274770736694
138,129,2.5798610694284365,1.2332960739215493,-9.683834706026046,-9.879687438243437,0.8069862255021705,0.8233072865202864,0.0474599109359684,0.06638271522168045,1.9278035173772707,0.4546489264643272,26.43551757436309,0.005973130131410537,0.0007116092934662813,0.0007214422147522882,18,1.7216002941131592,16.75038766860962,57.01718282699585,75.48929524421692
139,130,2.5834144977328015,1.2308083079669816,-9.737159110139674,-9.879687438243437,0.8114299258449728,0.8233072865202864,0.038779535118504294,0.06638271522168045,1.6348196985829446,0.4483377442309087,26.371494144522384,0.005858500146192994,0.0002611581558742375,0.0007618392015158179,19,2.4920525550842285,26.8535053730011,43.64741826057434,72.99311375617981
140,131,2.58059467364486,1.2300600736425757,-9.760112660098853,-9.879687438243437,0.8133427216749044,0.8233072865202864,0.04113479932905358,0.06638271522168045,1.557469670714724,0.43857623684634606,26.2818136933035,0.005696116158160831,0.0008270864648983482,0.0017618820622965325,18,2.387711763381958,22.550054788589478,45.89292502403259,70.83082294464111
141,132,2.5742615793472408,1.228660965728681,-9.728732456279287,-9.879687438243437,0.8107277046899406,0.8233072865202864,0.04097796749373074,0.06638271522168045,1.6315211040784021,0.3195387692583325,26.313230446688095,0.0040911931262682995,0.0005821807189638291,0.0012684321902977302,22,2.8597469329833984,24.397504568099976,60.3098886013031,87.56746244430542
142,133,2.569962506340074,1.211120572948566,-9.737506598663332,-9.879687438243437,0.8114588832219444,0.8233072865202864,0.042183864568827986,0.06638271522168045,1.8253085690025301,0.3161155524420162,26.355453159346133,0.004002774893570249,0.0005360491040568456,0.0006253135999543844,24,2.97967267036438,26.067342281341553,50.861037492752075,79.9081437587738
143,134,2.5618726773992067,1.2315373164333283,-9.630399739702964,-9.879687438243437,0.8025333116419137,0.8233072865202864,0.03523365719035615,0.06638271522168045,1.8418528592968642,0.44663933149219404,26.354533011029076,0.005801713829355487,0.0005596284785910763,0.0004702223446577778,27,3.8132550716400146,15.500876903533936,69.70032119750977,89.01457595825195
144,135,2.6026673070233013,1.2380088123433135,-9.757195033040828,-9.879687438243437,0.8130995860867357,0.8233072865202864,0.04396307717846941,0.06638271522168045,1.6301729868407193,0.4381147442983825,26.276900353125647,0.005659115084542709,0.00041184692654767225,0.000608932206721083,26,5.416229486465454,23.244107484817505,66.63706374168396,95.29753947257996
145,136,2.6023529087290647,1.2374681211685654,-9.680365143139042,-9.879687438243437,0.8066970952615868,0.8233072865202864,0.036815515128886485,0.06638271522168045,1.6034324660233352,0.43961388000518975,26.28685940098104,0.005695116627797477,0.0006169415511551898,0.000997701191840024,20,2.604135751724243,20.88614249229431,44.87161922454834,68.36204123497009
146,137,2.5901066727582682,1.2303123369137474,-9.702141977945477,-9.879687438243437,0.8085118314954564,0.8233072865202864,0.04893919692904447,0.06638271522168045,2.025074026971552,0.4359309137200374,26.255081178061076,0.0056429004103930374,0.0008649821957683093,0.0009382780355970596,23,4.1416401863098145,23.82953381538391,84.22632765769958,112.19762897491455
147,138,2.585517426662067,1.2353263083064512,-9.71906498226622,-9.879687438243437,0.8099220818555183,0.8233072865202864,0.03706422718240565,0.06638271522168045,1.5183377434735945,0.4268945670297969,26.184808884562813,0.005515689256575475,0.0005228357393555584,0.0006712110571472503,27,4.378846168518066,24.578622817993164,114.42986106872559,143.38751649856567
148,139,2.617955109847372,1.2378263275388217,-9.741466935358435,-9.879687438243437,0.8117889112798696,0.8233072865202864,0.03083124297629554,0.06638271522168045,1.4388067304553829,0.324430812495813,26.255897404415457,0.004187073661094931,0.00014549989106374457,0.00029211107882833184,20,3.4912965297698975,36.86469554901123,57.935420513153076,98.29157447814941
149,140,2.2112920446621827,1.2967266250143223,-8.910764739430933,-9.879687438243437,0.7425637282859111,0.8233072865202864,0.03221938714511302,0.06638271522168045,3.8920027340938788,0.4390800772790954,26.04014293205832,0.0055748775120027,0.0008251059689349782,0.002014237274488516,22,3.7574496269226074,29.044179439544678,63.45163893699646,96.2533872127533
150,141,2.5841571412899866,1.2299702083381414,-9.806970209367293,-9.879687438243437,0.8172475174472744,0.8233072865202864,0.061421063966709585,0.06638271522168045,1.8190821686898744,0.43087149123791313,25.973378159017514,0.005454674403572115,0.00011334394144993261,0.00035232436785710637,17,3.6647768020629883,22.778502464294434,70.14235949516296,96.58577537536621
151,142,2.584621751189517,1.227322358151239,-9.810674254837126,-9.879687438243437,0.8175561879030938,0.8233072865202864,0.06500795948317718,0.06638271522168045,1.8827402246655112,0.418953038827566,25.890958660324664,0.005297243417836731,0.0008834502267554739,0.0010583715677810435,17,3.316857099533081,20.721572399139404,57.56591200828552,81.60447764396667
152,143,2.58586039599089,1.2228477515780332,-9.688821364307046,-9.879687438243437,0.8074017803589205,0.8233072865202864,0.048894217906497756,0.06638271522168045,2.0062485014366587,0.42414252754090254,25.92521991378972,0.005356782666877127,0.0006388895991072167,0.0006832740981253791,17,2.3873753547668457,17.591588735580444,53.36785411834717,73.34695053100586
153,144,2.582557242249111,1.236580603320705,-9.743882280610565,-9.879687438243437,0.8119901900508805,0.8233072865202864,0.039706458948673674,0.06638271522168045,1.706128463696956,0.3339282867069653,25.921416246015525,0.004234098794890071,0.00046364374430640527,0.00045750609206291116,18,1.5433721542358398,8.972546577453613,60.276649713516235,70.79271626472473
154,145,2.62635085502643,1.2527970421235841,-9.723390742450853,-9.879687438243437,0.8102825618709044,0.8233072865202864,0.04196464497613247,0.06638271522168045,1.5435859067296889,0.32877332363311573,25.964438589930214,0.004135352437046834,0.0008818696371708436,0.0005771931883876868,22,3.557654619216919,24.997756242752075,68.99792098999023,97.55346822738647
155,146,2.5813356337641977,1.2152176295973918,-9.878541398310098,-9.879687438243437,0.8232117831925082,0.8233072865202864,0.06755074124498799,0.06755074124498799,1.9388888041600865,0.41471862635798146,25.86146870221657,0.005245933509522606,0.0004865712913778168,0.0008349351080591083,23,3.580991268157959,17.687270164489746,59.90257287025452,81.17099928855896
156,147,2.5854658710089384,1.2121172585793283,-9.652789953597747,-9.879687438243437,0.8043991627998123,0.8233072865202864,0.03954491638417408,0.06755074124498799,1.8791618658342202,0.44042618848279713,26.050637054900488,0.005562316292568875,0.0007058616714912944,0.0005940875616431606,17,5.050455808639526,31.107884407043457,94.75353074073792,130.91202425956726
157,148,2.581626564784842,1.233403556733451,-9.667419662823386,-9.879687438243437,0.8056183052352822,0.8233072865202864,0.04782815453150733,0.06755074124498799,2.1740774312491453,0.4456396399232318,26.097435078742116,0.005645680811700313,0.0006796000958912368,0.0007601822816746083,16,1.5757229328155518,49.1220223903656,70.45325350761414,121.15115284919739
158,149,2.582304899126737,1.2305996097406622,-9.856632192462056,-9.879687438243437,0.8213860160385047,0.8233072865202864,0.05393976885007167,0.06755074124498799,1.6721873652727908,0.44881388161565733,26.128221395712494,0.005698508364456772,0.0009806552279246412,0.0009382036794828688,19,3.8335673809051514,39.87646126747131,52.909165143966675,96.6193265914917
159,150,2.5824822801101517,1.230478605374076,-9.81146702807871,-9.879687438243437,0.8176222523398925,0.8233072865202864,0.03934319338954493,0.06755074124498799,1.551015332913039,0.4444161912435173,26.08653091736945,0.005627153056563202,0.0006919918730697281,0.0006110087268470403,22,2.7781054973602295,22.1011483669281,49.58029842376709,74.45968079566956
160,151,2.5824036650837825,1.2300555422363153,-9.719513057218947,-9.879687438243437,0.8099594214349123,0.8233072865202864,0.038674271320077544,0.06755074124498799,1.7970391803981869,0.4401247504715749,26.047696896578394,0.005558605253510102,0.0007753394296220302,0.0005791227300511411,21,5.407431364059448,21.04096484184265,88.93074321746826,115.37930226325989
161,152,2.5822039359368194,1.2301491974740624,-9.812210099473266,-9.879687438243437,0.8176841749561055,0.8233072865202864,0.04642754266498705,0.06755074124498799,1.6963247462519888,0.4346733028466147,26.001740724078825,0.005479218320581267,0.00038978625523591957,0.0004334668837881473,17,2.13382887840271,40.452600955963135,93.10895943641663,135.69554662704468
162,153,2.5820626675923815,1.2295569777385944,-9.647952090297467,-9.879687438243437,0.803996007524789,0.8233072865202864,0.03266323259500399,0.06755074124498799,1.6113423144996801,0.4466123819628285,26.106907649961272,0.005657311349210044,0.0007700683648452364,0.0006106568990964311,17,3.025806427001953,25.956491470336914,58.92225432395935,87.9047200679779
163,154,2.582472562855079,1.2322184129909906,-9.696747955535718,-9.879687438243437,0.8080623296279765,0.8233072865202864,0.031989166435484495,0.06755074124498799,1.6115528498249887,0.44518858998385435,26.093080895788358,0.005635411049518177,0.0007414244039834881,0.0007360494446041633,21,1.8312287330627441,18.294188261032104,81.70246529579163,101.82803988456726
164,155,2.582342561418692,1.2309776715317948,-9.76338224979906,-9.879687438243437,0.813615187483255,0.8233072865202864,0.04991083836739658,0.06755074124498799,1.8110854530681166,0.438254905071047,26.03100327390082,0.005527569590961155,0.0006118900857511225,0.0006499006357913367,20,1.862311601638794,32.902836084365845,107.67092633247375,142.43637466430664
165,156,2.582022541016597,1.2303190454720143,-9.763096730028092,-9.879687438243437,0.8135913941690077,0.8233072865202864,0.04917403190239606,0.06755074124498799,2.051066635860451,0.4298073597710602,25.9631184864716,0.005406241646888851,0.0006223784232601331,0.0005971314586138392,16,3.573228359222412,30.901092290878296,40.017231702804565,74.49171376228333
166,157,2.5816119398297546,1.2293819749466184,-9.758719184810033,-9.879687438243437,0.8132265987341695,0.8233072865202864,0.03947227332665336,0.06755074124498799,1.5175769991354713,0.4188479756670202,25.88812669010717,0.005261439085726701,0.0005363459559437097,0.0006154297820650456,18,1.464564561843872,23.390473127365112,77.00158095359802,101.85699009895325
167,158,2.5810656789435993,1.2282186278532918,-9.654979967888822,-9.879687438243437,0.8045816639907352,0.8233072865202864,0.043065598712660955,0.06755074124498799,1.9055846525497202,0.43218419956875753,25.981408466221207,0.005433744280837319,0.0006551144380728375,0.0006057655671873979,18,2.9918441772460938,26.91674494743347,90.8581223487854,120.76688122749329
168,159,2.6182187872281104,1.2360037451886656,-9.706003599157967,-9.879687438243437,0.8088336332631639,0.8233072865202864,0.03793111927741423,0.06755074124498799,1.7262858148798585,0.4284004399803842,25.951496704214044,0.005379419281995542,0.000785138844993126,0.0006393000982227474,17,1.6185455322265625,33.043067932128906,57.110530853271484,91.7722806930542
169,160,2.579375691027969,1.237563722473284,-9.799593543931154,-9.879687438243437,0.8166327953275961,0.8233072865202864,0.04811791787610232,0.06755074124498799,1.7926073613848814,0.422073656707192,25.907585342086403,0.005291393190569145,0.000663523781981841,0.0007367900816947667,17,1.5361173152923584,27.315999031066895,60.1284339427948,88.98068475723267
170,161,2.5787881718967274,1.2391778399916575,-9.713762068604092,-9.879687438243437,0.8094801723836743,0.8233072865202864,0.04258647800039507,0.06755074124498799,1.6445176849075978,0.4151965359215745,25.865175947096382,0.005205028029865623,0.00042207346056739024,0.0004849001445163485,18,2.88541579246521,12.6267569065094,59.59013843536377,75.10241365432739
171,162,2.580090630869072,1.2318330596199019,-9.645178248210772,-9.879687438243437,0.8037648540175644,0.8233072865202864,0.0413473416747858,0.06755074124498799,1.808968671952698,0.43053061517276636,25.966947046314843,0.005405144035157505,0.0005205277805048349,0.0008346001370562338,17,0.9180862903594971,16.813557147979736,70.66906070709229,88.40086388587952
172,163,2.61708908492142,1.238285732963789,-9.803271747950156,-9.879687438243437,0.8169393123291796,0.8233072865202864,0.04808890910127364,0.06755074124498799,1.591916570034087,0.42568477681036226,25.93293787179875,0.005336336068422514,0.0008365378422112502,0.0010030347431794647,16,2.641993999481201,29.761605978012085,56.628583908081055,89.03231930732727
173,164,2.618783373411366,1.2382204904603884,-9.756188245508381,-9.879687438243437,0.8130156871256985,0.8233072865202864,0.04275009084117469,0.06755074124498799,1.698941242274671,0.4160563496460677,25.87115981365403,0.005210503315464145,0.0008000125018198973,0.0007154871770346928,16,1.4155747890472412,20.375693798065186,69.47913384437561,91.27053785324097
174,165,2.6197003371919347,1.238279600878876,-9.799085670636426,-9.879687438243437,0.8165904725530355,0.8233072865202864,0.04504215920763975,0.06755074124498799,1.509037334302917,0.4066722570275077,25.824047893179337,0.005097089588644602,0.0009943971263040355,0.0010895732400647634,16,2.7951717376708984,15.402615547180176,50.23626089096069,68.43415522575378
175,166,2.621464785718064,1.2377480963414866,-9.778458340763873,-9.879687438243437,0.8148715283969894,0.8233072865202864,0.035973047665924546,0.06755074124498799,1.5551787619777997,0.39038539808375666,25.769838850417667,0.004908266071787319,0.0007993981820303554,0.0007391492653121508,20,0.92966628074646,21.326074838638306,55.745442152023315,78.00135087966919
176,167,2.564780598049718,2.7792665479771332,-9.641343033601414,-9.879687438243437,0.8034452528001178,0.8233072865202864,0.05045937574026417,0.06755074124498799,2.3478205304023447,0.43150786694519955,25.97009838970996,0.005360020342901505,0.0009515296127523458,0.000628468906148085,29,5.5025715827941895,29.15761089324951,90.79694366455078,125.45729041099548
177,168,2.619964963342358,1.237663601991515,-9.766098299822476,-9.879687438243437,0.8138415249852063,0.8233072865202864,0.05519474443052514,0.06755074124498799,1.9833063357804974,0.42368770570706327,25.91386655110168,0.005254981071245992,0.0009220368013696983,0.0008524636441387595,16,2.0578413009643555,31.427980661392212,66.21877789497375,99.70477175712585
178,169,2.6205863565545857,1.237628273290413,-9.76260283821244,-9.879687438243437,0.8135502365177033,0.8233072865202864,0.05272154842489847,0.06755074124498799,1.758183400009699,0.4141471905378324,25.8556934572522,0.005134896741704132,0.0006481963491215689,0.0007031147772486397,16,1.9738335609436035,23.182235956192017,54.84686613082886,80.00321793556213
179,170,2.6212315372388852,1.2376428090236757,-9.796957624579758,-9.879687438243437,0.8164131353816465,0.8233072865202864,0.04163656936542947,0.06755074124498799,1.571370922489237,0.4038668192164638,25.807295556766856,0.005015716546102407,0.0006291492662471801,0.0006210041473055978,16,1.4820425510406494,15.289311408996582,54.709378719329834,71.4808988571167
180,171,2.926804597169022,1.2066882863108581,-9.084620591127779,-9.879687438243437,0.7570517159273149,0.8233072865202864,0.013844518115235599,0.06755074124498799,2.1804078716388062,0.439082546505289,26.077198334073735,0.005280911597839416,0.0004231723680204801,0.0015031343227525243,17,4.56987452507019,20.17418622970581,49.34346127510071,74.08765864372253
181,172,2.62033295068887,1.237428923211994,-9.762499015595068,-9.879687438243437,0.8135415846329224,0.8233072865202864,0.037926955208842664,0.06755074124498799,1.5366324079187592,0.43168707091448094,26.018242408231153,0.005183372632652921,0.0003677072066490797,0.00043608487092259413,22,2.8460965156555176,21.57446551322937,43.06184124946594,67.48253679275513
182,173,2.140580724129182,2.9703508450660756,-8.512563247687826,-9.879687438243437,0.7093802706406521,0.8233072865202864,0.016636816142675332,0.06755074124498799,3.9422297128870127,0.4387159396567367,25.162980106409943,0.005270112148611229,0.0006610410764911771,0.0023117195890808157,19,0.783658504486084,10.30739450454712,72.02717685699463,83.11841940879822
183,174,2.619936179602469,1.2375548994934296,-9.758312386838771,-9.879687438243437,0.8131926989032309,0.8233072865202864,0.051173939133164294,0.06755074124498799,1.6014577181007326,0.4327976376194377,25.12531462359071,0.005184348692735617,0.0007860625912071965,0.0007685027543928219,19,2.6502628326416016,20.579395294189453,59.7020001411438,82.93181848526001
184,175,2.6202473400869355,1.2376488424364314,-9.796891360332806,-9.879687438243437,0.8164076133610672,0.8233072865202864,0.05254821037231259,0.06755074124498799,1.5989009553337468,0.42681912287492985,25.091426149125546,0.005105804999812175,0.00048050801713896656,0.00048748912999559417,22,2.3883185386657715,13.191657543182373,45.03491139411926,60.615018129348755
185,176,2.6212038985946085,1.2372222865065718,-9.739754925642721,-9.879687438243437,0.8116462438035601,0.8233072865202864,0.04990827063901461,0.06755074124498799,1.69484082019288,0.42040066096726236,25.059955721766784,0.00502057171302101,0.0006844259260336089,0.0006722446941956723,24,3.678828239440918,18.966063976287842,52.23424553871155,74.8792655467987
186,177,2.620925129032122,1.2378723245481302,-9.562584604104968,-9.879687438243437,0.7968820503420807,0.8233072865202864,0.033774402133995254,0.06755074124498799,1.8776527563892387,0.45674555607391115,25.30138795211737,0.005547658796303798,0.0006306776124042317,0.0004124875718294005,20,1.7855219841003418,23.827544689178467,59.516533851623535,85.12972593307495
187,178,2.586099944225844,1.2393660117087726,-9.760929926538434,-9.879687438243437,0.8134108272115362,0.8233072865202864,0.03757508808594889,0.06755074124498799,1.5619952273325026,0.4533032266055788,25.27217192077806,0.005483409177373612,0.00045721896805461386,0.000861868767794119,24,2.9683916568756104,26.60849142074585,87.72488784790039,117.30190372467041
188,179,2.9070996220027805,1.0005777981916044,-8.42185974490863,-9.879687438243437,0.7018216454090526,0.8233072865202864,0.014961485249125621,0.06755074124498799,3.2465189943325896,0.4633543935307927,24.815775055566967,0.005561227934105831,0.0009258164528455084,0.0033459885043525916,18,4.463561534881592,21.206719875335693,52.19000482559204,77.8604097366333
189,180,1.458336048011461,1.3302408774286025,-7.5797543723361915,-9.879687438243437,0.6316461976946827,0.8233072865202864,0.013969226779997257,0.06755074124498799,5.809768248359511,0.4666689003333156,24.579437798347783,0.005588875790198867,0.0005320164655530902,0.0022099866097985772,14,2.604802131652832,19.155842065811157,36.863410234451294,58.62419104576111
190,181,2.5686783816604453,2.783246610524037,-9.776589312486285,-9.879687438243437,0.8147157760405238,0.8233072865202864,0.04896353782858619,0.06755074124498799,1.867290302021999,0.4639587560067429,24.550959846430864,0.005532489174689309,0.000965887689604299,0.001061997501169653,22,2.530010938644409,6.712671279907227,43.408886671066284,52.651700496673584
191,182,2.5689804802807727,2.783367143629588,-9.715869108531733,-9.879687438243437,0.8096557590443111,0.8233072865202864,0.044530953347845306,0.06755074124498799,1.9642552664673332,0.46311777975308405,24.541856856163434,0.005501400848287943,0.0009490971543035057,0.0009974830135664667,18,2.032703161239624,20.28329300880432,76.89943647384644,99.21556568145752
192,183,2.5865769988202536,1.2390998884115159,-9.778060497389845,-9.879687438243437,0.8148383747824871,0.8233072865202864,0.04702627299254132,0.06755074124498799,1.7018619553947332,0.46072663235195854,24.51740485840895,0.005448987037888359,0.0008413479186378724,0.001135864292689667,22,3.5732738971710205,39.37749004364014,78.54351258277893,121.49444556236267
193,184,2.5873853599647987,1.2405226215448684,-9.824077112650603,-9.879687438243437,0.8186730927208835,0.8233072865202864,0.05007671353705079,0.06755074124498799,1.6604955032409805,0.46088771563811115,24.518553908922467,0.005440674438098002,0.0007191845232855678,0.001182827557280976,24,6.629683494567871,28.269083261489868,65.45668959617615,100.35559892654419
194,185,2.589318280016993,1.2435626980245114,-9.828146539960368,-9.879687438243437,0.819012211663364,0.8233072865202864,0.05190501381511206,0.06755074124498799,1.6243398433512226,0.46096640576667214,24.518791810225053,0.005433885231485101,0.0007576111819402647,0.0006440488298059704,26,3.828129291534424,21.631657600402832,44.24758744239807,69.70747923851013
195,186,2.590590641245049,1.2457982394276743,-9.781587245746975,-9.879687438243437,0.8151322704789146,0.8233072865202864,0.04045436690004491,0.06755074124498799,1.4939319544257756,0.4585035735809843,24.49415817300744,0.005382271986404145,0.0008168729359739084,0.0004919829829123962,25,4.089195251464844,14.342090129852295,79.41989755630493,97.85131001472473
196,187,2.5580754792763214,2.7808945607200313,-9.746864698179381,-9.879687438243437,0.8122387248482817,0.8233072865202864,0.055155802596800294,0.06755074124498799,1.9825855027465025,0.45597615695904115,24.469539551492964,0.0053293304522616675,0.0008542021003578396,0.000831884604251501,24,2.965860366821289,39.44251036643982,60.67006015777588,103.07854914665222
197,188,2.559403526907645,2.7814616208597776,-9.681410149092562,-9.879687438243437,0.8067841790910468,0.8233072865202864,0.057299712004051526,0.06755074124498799,2.1320041217000067,0.4578905291619324,24.48731591696527,0.005342669106267084,0.00033924962005937604,0.0007072749908525307,25,1.8452479839324951,25.67855215072632,61.076414346694946,88.60035109519958
198,189,2.5855723230361756,2.7890408224719985,-9.801407525712579,-9.879687438243437,0.8167839604760482,0.8233072865202864,0.04157522818753967,0.06755074124498799,1.6260896758069379,0.4568752522883347,24.477305765519844,0.005317197356129312,0.0005804502277558631,0.0006610164267899598,24,3.9199860095977783,22.330024242401123,63.570162773132324,89.8202977180481
199,190,2.5897887015102015,2.790544792521544,-9.784263358712716,-9.879687438243437,0.8153552798927263,0.8233072865202864,0.05050454427523386,0.06755074124498799,1.6374801035525763,0.4545332827580988,24.45500725323964,0.005271303995579089,0.0002886969251949107,0.00032045284390619345,25,3.3939104080200195,16.100236892700195,60.74206066131592,80.23634028434753
200,191,2.591074020473188,2.791055551334363,-9.776437264226661,-9.879687438243437,0.8147031053522218,0.8233072865202864,0.03701940876288255,0.06755074124498799,1.6267867880248303,0.4517300342139104,24.42904823222189,0.005219378962400175,0.000722765667619107,0.0006187844619048887,24,5.044371128082275,20.79690718650818,94.56246995925903,120.40389561653137
201,192,2.5914055388493167,2.791224087742469,-9.727262623095816,-9.879687438243437,0.8106052185913181,0.8233072865202864,0.044835760624050085,0.06755074124498799,1.7348934564970193,0.45062267294158725,24.418726387311466,0.0051846497028200786,0.0005689966904800472,0.0005349586654721098,27,4.590496778488159,26.415120124816895,89.58711910247803,120.59288287162781
202,193,2.590834278683191,1.2466346967940076,-9.75282227858519,-9.879687438243437,0.8127351898820993,0.8233072865202864,0.03761295235297072,0.06755074124498799,1.5344295079871983,0.44762567920345825,24.39242109318578,0.005131267658155565,0.0008046632665765181,0.0005739187448711574,24,3.718818426132202,13.821581602096558,89.60089540481567,107.14145398139954
203,194,2.5866131840428044,2.789572658531705,-9.699416348019726,-9.879687438243437,0.8082846956683105,0.8233072865202864,0.044282560044131954,0.06755074124498799,1.7730348168073817,0.44764674672013327,24.39249577790916,0.0051187734225996194,0.00017178559011510008,0.000306269085391966,24,5.057201862335205,24.745256423950195,89.11198830604553,118.91455912590027
204,195,2.578774354848326,2.7869695144751456,-9.746281005678481,-9.879687438243437,0.8121900838065401,0.8233072865202864,0.0456257768209924,0.06755074124498799,1.8142812165335869,0.4442574447952061,24.36364982439769,0.00506311560346806,0.00024143065896600356,0.00040919039765888795,23,1.2941193580627441,22.685027599334717,80.45758199691772,104.43695974349976
205,196,2.5777533555805694,2.7867844029389124,-9.665695539548,-9.879687438243437,0.8054746282956667,0.8233072865202864,0.031197153547246288,0.06755074124498799,1.6172556476309978,0.44651063222662307,24.38251262063437,0.005092349935195378,0.0008371558621685165,0.0009112049744651825,23,2.194143056869507,12.975838422775269,50.150336265563965,65.32047700881958
206,197,2.5461612390568584,2.7792945933958713,-9.676313252809619,-9.879687438243437,0.8063594377341349,0.8233072865202864,0.04649314528323415,0.06755074124498799,2.1673624622005008,0.4492831535895328,24.40592888848362,0.005107607253250475,0.0007071157897815342,0.0004693386217393693,21,1.180298089981079,18.658198595046997,127.1794364452362,147.01809334754944
207,198,2.5904538535328063,1.2461015417716985,-9.745449972034248,-9.879687438243437,0.8121208310028539,0.8233072865202864,0.046093731117952695,0.06755074124498799,1.7392116690889026,0.4463657021719105,24.380730319252606,0.005058077528641058,0.0007432892436108482,0.0005101169705644951,24,2.6059741973876953,32.158376932144165,83.52680778503418,118.29129886627197
208,199,2.6037995299342427,2.795405953397437,-9.863358228766923,-9.879687438243437,0.8219465190639103,0.8233072865202864,0.05801025599340097,0.06755074124498799,1.8272489262712952,0.4476116369582497,24.392386639630075,0.005112376463699465,0.0006212642619345941,0.0012180611585612643,22,3.458533763885498,17.75354242324829,70.3690915107727,91.58128833770752
209,200,2.6122762089409473,2.7986938197241162,-9.618304943121984,-9.879687438243437,0.801525411926832,0.8233072865202864,0.03045045059120429,0.06755074124498799,1.6192754876877018,0.4604209837978971,24.509824662685933,0.00526595574399788,0.000747521900183584,0.0004937069620956774,23,5.001664638519287,29.853033781051636,116.2703161239624,151.1251630783081
210,40,2.576416950375343,1.238518192608292,-9.879687438243437,-9.879687438243437,0.8233072865202864,0.8233072865202864,0.05951700336591821,0.05951700336591821,1.66049371294298,0.4531014413516506,28.132675649092285,0.017674202175697467,0.0007876458077525051,0.001740430234555516,15,1.5753734111785889,25.77463984489441,19.319480180740356,46.66962027549744
