,iter ,BETA_0,GAMMA_0,energy,best_energy,approx_ratio,best_approx_ratio,fidelity,best_fidelity,variance
0,0,0.4990879462208466,0.5270670071094874,-4.321771309802038,-4.321771309802038,0.36014760915016986,0.36014760915016986,0.0001644852944287421,0.0001644852944287421,5.041658825392858
1,1,2.0505025733763413,2.0788644518342703,-5.5042411601126435,-5.5042411601126435,0.4586867633427203,0.4586867633427203,0.00016753852915292635,0.00016753852915292635,6.626879368413391
2,2,1.3271235458160797,2.8760653871468684,-7.7856709268757625,-7.7856709268757625,0.6488059105729802,0.6488059105729802,0.018007309062219756,0.018007309062219756,5.645094476662003
3,3,3.099563720638889,0.9196833834146573,-7.6511294675797545,-7.7856709268757625,0.6375941222983129,0.6488059105729802,0.004753844682839698,0.018007309062219756,3.645573505109091
4,4,0.7211451251733862,1.6091202398294717,-7.064836702874038,-7.7856709268757625,0.5887363919061698,0.6488059105729802,0.0021309189357211888,0.018007309062219756,3.939363237370074
5,5,3.019055817641828,0.7711728508656793,-7.360413163124767,-7.7856709268757625,0.6133677635937306,0.6488059105729802,0.004010439342789267,0.018007309062219756,4.06169756227699
6,6,0.8160464074962446,2.525030116950822,-7.772766483068009,-7.7856709268757625,0.6477305402556675,0.6488059105729802,0.0352052575766889,0.0352052575766889,5.555291465379618
7,7,1.204372023754101,1.316201726457894,-8.105603937962229,-8.105603937962229,0.6754669948301858,0.6754669948301858,0.020980803144449445,0.0352052575766889,5.230221994088765
8,8,1.0928359239120247,2.280889829740968,-6.103659951539694,-8.105603937962229,0.5086383292949744,0.6754669948301858,0.002750038729627085,0.0352052575766889,6.796396491744638
9,9,1.796467590042083,2.9590598564166513,-7.70773403574725,-8.105603937962229,0.6423111696456042,0.6754669948301858,0.011776724133461754,0.0352052575766889,5.404042328909583
10,10,2.556248846093911,0.13785213924286066,-5.897520126938211,-8.105603937962229,0.4914600105781843,0.6754669948301858,0.00023545359107833027,0.0352052575766889,4.305770866090434
11,11,2.764143299299894,1.5258627846819681,-7.92134689689365,-8.105603937962229,0.6601122414078041,0.6754669948301858,0.006344044375691542,0.0352052575766889,3.401498787618486
12,12,2.9315280776208414,2.6354387631344247,-8.665028025120646,-8.665028025120646,0.7220856687600539,0.7220856687600539,0.015916238208101303,0.0352052575766889,2.841093656804915
13,13,0.239447917313659,2.3987722454869758,-7.468320194392397,-8.665028025120646,0.6223600161993664,0.7220856687600539,0.007035475647179811,0.0352052575766889,4.487328468033091
14,14,0.16642378503598576,1.2035558074188477,-8.630142285552358,-8.665028025120646,0.7191785237960299,0.7220856687600539,0.013318356851777947,0.0352052575766889,2.645021809253194
15,15,2.3373956628661245,1.1242346137459207,-9.130344152383762,-9.130344152383762,0.7608620126986468,0.7608620126986468,0.05898620741156492,0.05898620741156492,3.6693236071012194
16,16,1.6706469321226636,1.4297637889223425,-7.5350769439005125,-9.130344152383762,0.627923078658376,0.7608620126986468,0.008361964525884093,0.05898620741156492,5.282839429793128
17,17,1.5554642732652872,1.9543314665768643,-7.497559332179184,-9.130344152383762,0.624796611014932,0.7608620126986468,0.004536036172280877,0.05898620741156492,3.048465724509917
18,18,2.238822618254888,0.3323807424618732,-4.7663389427608465,-9.130344152383762,0.3971949118967372,0.7608620126986468,0.00017749131813124975,0.05898620741156492,4.939919224614343
19,19,2.444866696208623,0.29816192327770863,-4.4106880840583536,-9.130344152383762,0.36755734033819615,0.7608620126986468,8.879917045023981e-06,0.05898620741156492,4.322734179710409
20,20,2.118495857516793,2.4281131201862682,-6.831181578034863,-9.130344152383762,0.5692651315029053,0.7608620126986468,0.01196227254739685,0.05898620741156492,6.002310647594335
21,21,1.6896254763687324,0.7002579350851307,-7.384289617839803,-9.130344152383762,0.6153574681533169,0.7608620126986468,0.005451934181330065,0.05898620741156492,5.101659163588202
22,22,0.34081214047303443,2.187171972806623,-5.576614806521391,-9.130344152383762,0.46471790054344925,0.7608620126986468,0.0009580471098487303,0.05898620741156492,5.343530008071969
23,23,1.8938509311298684,2.822614963428504,-7.992974645442716,-9.130344152383762,0.6660812204535597,0.7608620126986468,0.024473562465116543,0.05898620741156492,5.399833177502693
24,24,0.07614427191517525,0.9643184186312529,-7.841891852363321,-9.130344152383762,0.6534909876969434,0.7608620126986468,0.006079823721019813,0.05898620741156492,3.5134441724239522
25,25,0.5323442543258623,0.5853980265731128,-4.499262049793033,-9.130344152383762,0.37493850414941937,0.7608620126986468,0.0005251760528511222,0.05898620741156492,5.554718732069933
26,26,1.0061120613139574,0.08816495791791423,-6.835568484720305,-9.130344152383762,0.5696307070600254,0.7608620126986468,0.001353296153886904,0.05898620741156492,3.7135472156732163
27,27,2.705372826188266,1.711571751524422,-6.042473279476775,-9.130344152383762,0.5035394399563979,0.7608620126986468,0.0003583507759075178,0.05898620741156492,4.3548385170166455
28,28,0.940894530947823,3.1314496087395356,-7.584741707511935,-9.130344152383762,0.632061808959328,0.7608620126986468,0.004413026687302114,0.05898620741156492,3.746393217142014
29,29,1.4349161177839798,1.8710722488219549,-7.338341649321197,-9.130344152383762,0.6115284707767664,0.7608620126986468,0.004266988772485361,0.05898620741156492,2.7404151415126776
30,30,1.0128371324226269,1.1242346137459207,-8.507715177858877,-9.130344152383762,0.708976264821573,0.7608620126986468,0.04393018453977216,0.05898620741156492,4.48271375879834
31,31,1.8394633648844658,2.0788644518342703,-6.759808059871049,-9.130344152383762,0.5633173383225875,0.7608620126986468,0.0006337138050956737,0.05898620741156492,5.51437414104813
32,32,1.7602456705545786,0.8992043992471187,-7.420062859098916,-9.130344152383762,0.6183385715915763,0.7608620126986468,0.02271823279874545,0.05898620741156492,4.760109974771119
33,33,2.667983331915014,2.3357542502788124,-6.291880098126594,-9.130344152383762,0.5243233415105495,0.7608620126986468,0.0068310280273489845,0.05898620741156492,6.248353660663426
34,34,2.3682231588725906,1.1783055365882786,-9.43363475418348,-9.43363475418348,0.7861362295152899,0.7861362295152899,0.05862862639015389,0.05898620741156492,3.0594852527026433
35,35,2.4974524226957753,1.1047774175481662,-9.365045715305373,-9.43363475418348,0.7804204762754477,0.7861362295152899,0.05851742760644467,0.05898620741156492,3.158133170170828
36,36,1.4539451574380717,0.5397241609168304,-7.353226872567044,-9.43363475418348,0.6127689060472536,0.7861362295152899,0.00033188604955086595,0.05898620741156492,4.691857751509396
37,37,1.8174820908825289,0.6155449544693143,-6.928414061520716,-9.43363475418348,0.5773678384600597,0.7861362295152899,0.0005192359795169598,0.05898620741156492,5.826257293617971
38,38,2.746935732175472,1.4861234843996152,-8.295001688823087,-9.43363475418348,0.6912501407352573,0.7861362295152899,0.009379448562735712,0.05898620741156492,3.036951280998423
39,39,1.8242076490668604,1.8425156500842828,-7.001550645565517,-9.43363475418348,0.5834625537971264,0.7861362295152899,0.00295331327418438,0.05898620741156492,3.173656992534646
40,40,1.75222134618422,2.298528416029467,-7.258622626175751,-9.43363475418348,0.6048852188479793,0.7861362295152899,0.007274176427851912,0.05898620741156492,5.312511368183031
41,41,2.0497883588925943,2.5189792097639003,-7.455827294689996,-9.43363475418348,0.6213189412241663,0.7861362295152899,0.02054127782961446,0.05898620741156492,5.17840930283927
42,42,2.8949031992397414,0.1610678030582251,-6.431866254889525,-9.43363475418348,0.535988854574127,0.7861362295152899,0.0008209985205194451,0.05898620741156492,4.323529558428184
43,43,2.3296957217833105,1.387288612295543,-9.033544055013117,-9.43363475418348,0.7527953379177598,0.7861362295152899,0.02463846912435536,0.05898620741156492,3.0280371219303532
44,44,0.5466329805100039,0.6968580454667592,-5.366829832252406,-9.43363475418348,0.4472358193543671,0.7861362295152899,0.003165480539540371,0.05898620741156492,6.386970286736311
45,45,1.8972191333879564,0.1088242322516022,-7.16618232058578,-9.43363475418348,0.597181860048815,0.7861362295152899,0.0021264299189252362,0.05898620741156492,3.1335829679731404
46,46,1.5437765740368117,2.7135198430249194,-7.502920846275673,-9.43363475418348,0.6252434038563061,0.7861362295152899,0.026249465975287583,0.05898620741156492,5.433868851008235
47,47,2.578391945748069,1.0185059465523714,-8.823366646825455,-9.43363475418348,0.7352805539021213,0.7861362295152899,0.0451211530734055,0.05898620741156492,4.11036751772896
48,48,1.9570718848613256,0.3323807424618732,-6.264427072717546,-9.43363475418348,0.5220355893931289,0.7861362295152899,0.0016802221430872258,0.05898620741156492,4.525348455805677
49,49,1.283367056856293,2.820230810935535,-7.89533282592935,-9.43363475418348,0.6579444021607791,0.7861362295152899,0.023261089185795933,0.05898620741156492,5.505714632594831
50,50,0.18594534187326128,2.7793477507792437,-8.742253589746,-9.43363475418348,0.7285211324788333,0.7861362295152899,0.014863133424430661,0.05898620741156492,2.5154097976668766
51,51,0.42766281574072185,0.40751549999256076,-4.476413520075882,-9.43363475418348,0.3730344600063235,0.7861362295152899,5.878049684384935e-06,0.05898620741156492,4.438660365190021
52,52,0.023802948460716067,0.4477349010562195,-7.323832088575139,-9.43363475418348,0.6103193407145949,0.7861362295152899,0.003152687707833173,0.05898620741156492,3.886564493661581
53,53,0.7964717510248802,1.0576294524623466,-8.725931833802285,-9.43363475418348,0.7271609861501904,0.7861362295152899,0.05419238530702338,0.05898620741156492,4.337696762817004
54,54,2.7879576894169675,2.972154061809311,-8.863333614709147,-9.43363475418348,0.7386111345590956,0.7861362295152899,0.016079605754891754,0.05898620741156492,2.352225215716672
55,55,0.5323442543258623,1.5201548518986814,-8.056817298528888,-9.43363475418348,0.671401441544074,0.7861362295152899,0.007436694608061076,0.05898620741156492,3.323359943581707
56,56,2.291669726262512,2.1006489869908553,-4.28341104035355,-9.43363475418348,0.3569509200294625,0.7861362295152899,9.58123397391759e-05,0.05898620741156492,6.182895403929024
57,57,2.637511918208873,2.909301829434317,-9.509600093073484,-9.509600093073484,0.7924666744227903,0.7924666744227903,0.030496562320002654,0.05898620741156492,1.6996115602844242
58,58,0.25790289774397435,2.269958476957897,-6.541067724045407,-9.509600093073484,0.5450889770037839,0.7924666744227903,0.0026299017982582776,0.05898620741156492,5.033421859951616
59,59,1.200710661154027,1.8710722488219549,-6.429187344132416,-9.509600093073484,0.5357656120110347,0.7924666744227903,0.001816236400523139,0.05898620741156492,4.104438433287356
60,60,1.9643660336464186,2.909301829434317,-8.164970584633581,-9.509600093073484,0.6804142153861318,0.7924666744227903,0.0198276813424301,0.05898620741156492,5.071560917724142
61,61,0.497784216030037,0.9358387507535162,-8.101760434647018,-9.509600093073484,0.6751467028872514,0.7924666744227903,0.028209048994757895,0.05898620741156492,5.055662293383776
62,62,2.9836897969573317,2.9913036641557884,-8.137862077478523,-9.509600093073484,0.6781551731232103,0.7924666744227903,0.007907186997580817,0.05898620741156492,3.1552241878822684
63,63,2.1829694208717036,2.0942798728528684,-4.749173948749464,-9.509600093073484,0.395764495729122,0.7924666744227903,6.145015202732312e-05,0.05898620741156492,6.605498972687151
64,64,0.0338488622729185,2.7432847459696657,-7.7499545094726265,-9.509600093073484,0.6458295424560522,0.7924666744227903,0.005235531184302623,0.05898620741156492,3.539815976254623
65,65,2.4974524226957753,2.504275954686438,-7.842116932359634,-9.509600093073484,0.6535097443633028,0.7924666744227903,0.033227745637042505,0.05898620741156492,5.646144568405056
66,66,0.8160464074962446,2.6558087819700287,-8.869606009611594,-9.509600093073484,0.7391338341342996,0.7924666744227903,0.05630129670558524,0.05898620741156492,4.0980649355206396
67,67,2.0559151481032947,1.316201726457894,-8.485490134759269,-9.509600093073484,0.7071241778966058,0.7924666744227903,0.026009310631763087,0.05898620741156492,4.6628153689774905
68,68,2.4505771998323804,1.1305663982180374,-9.426933929896538,-9.509600093073484,0.7855778274913782,0.7924666744227903,0.06055953603341265,0.06055953603341265,3.0588722857778947
69,69,0.10095732648230848,2.0403558658633214,-6.747574998621135,-9.509600093073484,0.5622979165517613,0.7924666744227903,0.0015068325239937942,0.06055953603341265,4.274336621256445
70,70,2.6882681514872844,1.788263763481265,-5.306066826356212,-9.509600093073484,0.4421722355296844,0.7924666744227903,4.172701385860643e-05,0.06055953603341265,4.354579404339447
71,71,1.8886613637850413,2.618150844252786,-7.706407714906479,-9.509600093073484,0.6422006429088732,0.7924666744227903,0.02625640153639653,0.06055953603341265,4.84803294107239
72,72,1.314164823894033,1.950438696012319,-6.861875319880165,-9.509600093073484,0.5718229433233472,0.7924666744227903,0.0028565464721621026,0.06055953603341265,4.18728942839838
73,73,0.6240531376100938,2.3427666138687253,-5.996876308634524,-9.509600093073484,0.4997396923862103,0.7924666744227903,0.008331611738999035,0.06055953603341265,6.758311575543445
74,74,2.1379490606187788,3.0628716178280735,-8.035156062232572,-9.509600093073484,0.6695963385193809,0.7924666744227903,0.00869194694663277,0.06055953603341265,3.8916559865935056
75,75,2.5339272727632665,2.5146696552512333,-8.0192293323499,-9.509600093073484,0.6682691110291583,0.7924666744227903,0.034396698043291714,0.06055953603341265,5.404035616255072
76,76,3.1230224124124906,1.935007592599503,-7.360765618169192,-9.509600093073484,0.6133971348474326,0.7924666744227903,0.003296288999565822,0.06055953603341265,3.8577698011725374
77,77,1.7889855633526783,1.0185059465523714,-7.561705032753166,-9.509600093073484,0.6301420860627639,0.7924666744227903,0.026707403127774382,0.06055953603341265,4.7990362376459785
78,78,2.37735075327393,2.5813302516021794,-8.405886786493575,-9.509600093073484,0.7004905655411312,0.7924666744227903,0.04791774998472337,0.06055953603341265,4.846769481243172
79,79,2.0048057400778934,2.6558087819700287,-8.025271607931373,-9.509600093073484,0.6687726339942811,0.7924666744227903,0.03224289289656383,0.06055953603341265,4.796421689570423
80,80,3.0461641194711797,2.82662824177685,-8.155450384868532,-9.509600093073484,0.679620865405711,0.7924666744227903,0.008115447999657539,0.06055953603341265,3.1440372505636276
81,81,1.585062550885122,2.355473289603111,-7.4987747802642595,-9.509600093073484,0.6248978983553549,0.7924666744227903,0.015515907466855165,0.06055953603341265,4.753891555047559
82,82,2.4459923119435985,2.016112677785945,-3.852289364386975,-9.509600093073484,0.3210241136989146,0.7924666744227903,4.382351190831461e-05,0.06055953603341265,4.826919427754682
83,83,2.9015693613674394,2.73778101078321,-9.013451544924127,-9.509600093073484,0.7511209620770106,0.7924666744227903,0.020182989831116476,0.06055953603341265,2.2728793402361873
84,84,2.361566967829525,2.862807706500242,-9.473815957625899,-9.509600093073484,0.7894846631354916,0.7924666744227903,0.04277854099319135,0.06055953603341265,2.680100063196761
85,85,0.9514984172746164,2.1887477217436695,-5.026858580620873,-9.509600093073484,0.41890488171840606,0.7924666744227903,0.0005250332075296447,0.06055953603341265,7.012557765863033
86,86,0.645478247177809,2.914451387891921,-9.503651033031302,-9.509600093073484,0.7919709194192751,0.7924666744227903,0.03361370650790603,0.06055953603341265,2.0501395038567978
87,87,2.3682231588725906,2.7477391742383612,-9.429521396636057,-9.509600093073484,0.7857934497196714,0.7924666744227903,0.05872252131197846,0.06055953603341265,3.0692979698653744
88,88,0.5669042509094577,3.1314496087395356,-7.615746067327559,-9.509600093073484,0.6346455056106299,0.7924666744227903,0.004505594625446441,0.06055953603341265,3.6737285109853772
89,89,3.1118890753619737,1.8710722488219549,-7.290799537182592,-9.509600093073484,0.6075666280985493,0.7924666744227903,0.003017563320624598,0.06055953603341265,3.908265993553208
90,90,2.32032483334694,0.26933035271162886,-4.863044745713616,-9.509600093073484,0.405253728809468,0.7924666744227903,5.330779091480557e-05,0.06055953603341265,4.467299044689717
91,91,3.126406039155622,2.181794084884652,-7.425630903513606,-9.509600093073484,0.6188025752928005,0.7924666744227903,0.0035778120363104352,0.06055953603341265,3.81073624173856
92,92,2.1157874209470275,2.4237824829848167,-6.802604648990522,-9.509600093073484,0.5668837207492102,0.7924666744227903,0.01149048433241861,0.06055953603341265,6.027876809400567
93,93,2.2390570290530016,1.5375860299926671,-7.793101453039641,-9.509600093073484,0.6494251210866367,0.7924666744227903,0.005841488256762515,0.06055953603341265,3.7038077779284393
94,94,2.864876120953386,2.3861693555255994,-7.313879329221759,-9.509600093073484,0.6094899441018132,0.7924666744227903,0.0071641860374937515,0.06055953603341265,4.802589858136095
95,95,2.4974524226957753,2.679269390874305,-9.386860751876519,-9.509600093073484,0.7822383959897099,0.7924666744227903,0.05868965219728557,0.06055953603341265,3.109526501168844
96,96,2.536701232727871,2.9522207832763643,-9.303322763093337,-9.509600093073484,0.7752768969244448,0.7924666744227903,0.02631073167466193,0.06055953603341265,2.1410278197511445
97,97,1.2821145959242943,2.0149093656347445,-6.660509927777488,-9.509600093073484,0.5550424939814573,0.7924666744227903,0.0016850270513673947,0.06055953603341265,5.1016708786750655
98,98,2.894054282543365,2.419275216527518,-7.598012856209851,-9.509600093073484,0.6331677380174876,0.7924666744227903,0.008202691022890122,0.06055953603341265,4.418048138915815
99,99,1.2397470178405299,2.9590598564166513,-7.927525747260976,-9.509600093073484,0.6606271456050813,0.7924666744227903,0.013631482778332892,0.06055953603341265,5.122781172899025
100,100,1.1409557183933186,2.298528416029467,-6.3797021559512075,-9.509600093073484,0.5316418463292673,0.7924666744227903,0.0037880727684853916,0.06055953603341265,6.537410093484247
101,101,1.4802998785261916,2.994846818781124,-7.5297193901164245,-9.509600093073484,0.6274766158430354,0.7924666744227903,0.008592932114220577,0.06055953603341265,5.338306925989237
102,102,1.5826640779479026,2.432532370989704,-7.499492164106627,-9.509600093073484,0.6249576803422189,0.7924666744227903,0.024529373248401935,0.06055953603341265,4.613222261752327
103,103,2.6905349854501415,2.8785653225872334,-9.566976131668419,-9.566976131668419,0.7972480109723682,0.7972480109723682,0.03187857231171875,0.06055953603341265,1.5601304277915347
104,104,0.16642378503598576,1.7333390862710605,-6.752235422181546,-9.566976131668419,0.5626862851817955,0.7972480109723682,0.0014100741766848715,0.06055953603341265,4.2133650360106
105,105,1.187377354143379,2.5146696552512333,-7.424511597881356,-9.566976131668419,0.6187092998234464,0.7972480109723682,0.019049476776495707,0.06055953603341265,5.006388139631746
106,106,1.9639735974628096,1.7390021007618017,-6.7843991280479745,-9.566976131668419,0.5653665940039979,0.7972480109723682,0.0014394382111577446,0.06055953603341265,3.3512265471939173
107,107,2.9607836713100095,3.0719342067502593,-7.855331181144124,-9.566976131668419,0.6546109317620104,0.7972480109723682,0.005867882449382938,0.06055953603341265,3.4416419322251386
108,108,2.7990084025963595,1.475931731768371,-8.306562284436106,-9.566976131668419,0.6922135237030088,0.7972480109723682,0.009444435073550547,0.06055953603341265,3.006276920156864
109,109,2.1094799085520384,2.364609818380736,-6.393865705764358,-9.566976131668419,0.5328221421470298,0.7972480109723682,0.006653874023327459,0.06055953603341265,6.452386840849513
110,110,3.123740045675503,2.7675733989051285,-7.632586932636729,-9.566976131668419,0.6360489110530607,0.7972480109723682,0.004569730032654779,0.06055953603341265,3.640801070304768
111,111,2.5914902109678275,2.355473289603111,-6.300158610770756,-9.566976131668419,0.5250132175642297,0.7972480109723682,0.009208212280779792,0.06055953603341265,6.539324396745236
112,112,0.6100723276245077,2.875249815768404,-9.68437974410939,-9.68437974410939,0.8070316453424492,0.8070316453424492,0.04005533297318415,0.06055953603341265,1.784210553807128
113,113,1.455465696321379,2.9384755017456547,-7.559381887083301,-9.68437974410939,0.6299484905902751,0.8070316453424492,0.011783970259025266,0.06055953603341265,5.691859654967736
114,114,2.361566967829525,1.6307723489791308,-6.845126528097094,-9.68437974410939,0.5704272106747578,0.8070316453424492,0.0014902577120195905,0.06055953603341265,3.977349623891911
115,115,1.1201814872981337,3.020666224525231,-8.042649288106961,-9.68437974410939,0.6702207740089134,0.8070316453424492,0.010773796194874518,0.06055953603341265,4.3893917566241925
116,116,0.8642788013012479,2.914451387891921,-9.114313871715629,-9.68437974410939,0.7595261559763024,0.8070316453424492,0.031007108272837217,0.06055953603341265,3.257813241544227
117,117,3.023707208287992,1.9226597049032272,-6.607417133032835,-9.68437974410939,0.5506180944194029,0.8070316453424492,0.0011643141822679408,0.06055953603341265,4.304522450018915
118,118,0.1642297369886465,3.1314496087395356,-7.548342048949247,-9.68437974410939,0.6290285040791039,0.8070316453424492,0.004138549149851275,0.06055953603341265,3.7113172310693727
119,119,0.3949265407635638,2.0858694119709806,-4.77404377120861,-9.68437974410939,0.3978369809340508,0.8070316453424492,0.00014904045383114044,0.06055953603341265,4.938883906607014
120,120,1.852241838181627,2.61228445507512,-7.650310767152081,-9.68437974410939,0.6375258972626734,0.8070316453424492,0.02608404148571416,0.06055953603341265,4.846676661246747
121,121,2.1797842824894795,3.0685819715306355,-8.051597349881025,-9.68437974410939,0.6709664458234187,0.8070316453424492,0.008552926372506747,0.06055953603341265,3.7848933138173635
122,122,2.3963346590138648,2.847908364462711,-9.576696105546104,-9.68437974410939,0.7980580087955086,0.8070316453424492,0.046062148625480685,0.06055953603341265,2.4654568428449863
123,123,1.7956899594400626,3.1001088354879136,-7.558107612431382,-9.68437974410939,0.6298423010359485,0.8070316453424492,0.004973983164000018,0.06055953603341265,4.174125919783037
124,124,0.4604672301682595,2.319703503699746,-6.165212637628794,-9.68437974410939,0.5137677198023994,0.8070316453424492,0.0056217241062035215,0.06055953603341265,6.194059868294623
125,125,2.0411360278658996,2.9301474650798176,-8.362822475209958,-9.68437974410939,0.6969018729341632,0.8070316453424492,0.02027002338654213,0.06055953603341265,4.657475104888377
126,126,0.12202972870352258,1.54443096044279,-7.594435685402197,-9.68437974410939,0.6328696404501831,0.8070316453424492,0.0043688817482350345,0.06055953603341265,3.6729468128876377
127,127,1.594502259519621,2.441020040757931,-7.498128891313842,-9.68437974410939,0.6248440742761535,0.8070316453424492,0.025302473139557562,0.06055953603341265,4.605972644065474
128,128,0.6328049370089687,1.1305663982180374,-9.520966389599721,-9.68437974410939,0.7934138657999767,0.8070316453424492,0.05878925488132967,0.06055953603341265,2.7815164679317945
129,129,0.8098337065010681,2.2291025029946194,-4.840925525534939,-9.68437974410939,0.4034104604612449,0.8070316453424492,0.0014569560317149858,0.06055953603341265,6.786732547671917
130,130,0.26525583376199924,2.772340835793188,-9.148971050813367,-9.68437974410939,0.7624142542344473,0.8070316453424492,0.02236772572154317,0.06055953603341265,2.065636871970881
131,131,0.9005033283253239,2.058652015361141,-4.419153166049456,-9.68437974410939,0.36826276383745465,0.8070316453424492,7.364164041521678e-05,0.06055953603341265,6.122649152452734
132,132,2.9315280776208414,2.770138067528023,-8.876339347545576,-9.68437974410939,0.739694945628798,0.8070316453424492,0.01707192330670348,0.06055953603341265,2.3724478466657644
133,133,2.637511918208873,3.1001088354879136,-7.951388757231201,-9.68437974410939,0.6626157297692667,0.8070316453424492,0.00661143628998182,0.06055953603341265,3.4041755319981064
134,134,1.673999723892471,0.5764953689278604,-7.388644603510717,-9.68437974410939,0.6157203836258931,0.8070316453424492,8.962116689920439e-06,0.06055953603341265,4.833068559606232
135,135,1.302344397340235,2.4693977663116295,-7.34993134676333,-9.68437974410939,0.6124942788969442,0.8070316453424492,0.019066911825176818,0.06055953603341265,4.924832523334231
136,136,0.4604672301682595,0.41373887393528297,-4.319431896101076,-9.68437974410939,0.35995265800842297,0.8070316453424492,5.471136916537162e-06,0.06055953603341265,4.417718138252496
137,137,1.52948339916571,2.842520362558105,-7.508656684693095,-9.68437974410939,0.6257213903910913,0.8070316453424492,0.01747057121972019,0.06055953603341265,5.926676982657554
138,138,0.6328049370089687,2.5813302516021794,-8.654101232593993,-9.68437974410939,0.721175102716166,0.8070316453424492,0.047333405603439724,0.06055953603341265,4.502827038354084
139,139,0.3777870535453369,1.7212996225503747,-6.084498736022195,-9.68437974410939,0.507041561335183,0.8070316453424492,0.0004018122926635996,0.06055953603341265,4.368819501203298
140,140,0.5088847420782434,2.923698339564651,-9.439231978009989,-9.68437974410939,0.7866026648341657,0.8070316453424492,0.028495978708503726,0.06055953603341265,1.7902385596195955
141,141,0.7641563431479738,2.1397138337543122,-4.205948073640988,-9.68437974410939,0.35049567280341565,0.8070316453424492,0.0002947399738768373,0.06055953603341265,6.065574278211173
142,142,1.818151498355797,0.12372326759860353,-7.272682711438993,-9.68437974410939,0.606056892619916,0.8070316453424492,0.002473611347876818,0.06055953603341265,2.8771860380506595
143,143,2.8004726678383234,2.690101735176081,-9.299269834466779,-9.68437974410939,0.7749391528722316,0.8070316453424492,0.03091789284859002,0.06055953603341265,2.2322281837050895
144,144,1.435983672417955,1.2635877476497015,-7.591111728148397,-9.68437974410939,0.6325926440123665,0.8070316453424492,0.01877853951443848,0.06055953603341265,5.839760053890544
145,145,0.5028812560812976,3.0194335719142256,-8.740059377829718,-9.68437974410939,0.7283382814858098,0.8070316453424492,0.014719928174816732,0.06055953603341265,2.6170266639354907
146,146,0.4401069881830839,2.1242820944353427,-4.694225700957732,-9.68437974410939,0.391185475079811,0.8070316453424492,0.0002938918717000273,0.06055953603341265,5.19890458552381
147,147,1.747204151994699,2.6330507830247605,-7.573848073802384,-9.68437974410939,0.6311540061501987,0.8070316453424492,0.028011291109434486,0.06055953603341265,4.951209739529951
148,148,1.9730685655167155,1.7911711504457248,-6.541949378179377,-9.68437974410939,0.5451624481816147,0.8070316453424492,0.001354496202673844,0.06055953603341265,3.618448572319153
149,149,1.4349161177839798,2.8829610421199954,-7.590786081757096,-9.68437974410939,0.6325655068130913,0.8070316453424492,0.015527242295551599,0.06055953603341265,5.841772634153251
150,150,0.3580652471768344,2.875249815768404,-9.350634432573184,-9.68437974410939,0.7792195360477653,0.8070316453424492,0.025523275981034987,0.06055953603341265,1.7427598512903586
151,151,0.21670646988771436,2.454947361319137,-7.837496027479423,-9.68437974410939,0.6531246689566186,0.8070316453424492,0.008976809113207944,0.06055953603341265,4.027405540090008
152,152,2.499205547773614,1.6274713023199516,-6.8349021006910915,-9.68437974410939,0.5695751750575909,0.8070316453424492,0.0015167320508158492,0.06055953603341265,4.062606569825483
153,153,2.2390570290530016,2.8872771372471284,-9.086052574665414,-9.68437974410939,0.7571710478887845,0.8070316453424492,0.03436913063923158,0.06055953603341265,3.5079804322666632
154,154,2.2848709500163946,2.9772631298755416,-8.832214442897385,-9.68437974410939,0.7360178702414487,0.8070316453424492,0.020701145364643816,0.06055953603341265,3.3105380266034388
155,155,0.5810262466533986,2.679269390874305,-9.460435530862268,-9.68437974410939,0.7883696275718557,0.8070316453424492,0.055234691359465696,0.06055953603341265,2.836663038304266
156,156,2.3440227135971097,1.2036085924430413,-9.431582623323221,-9.68437974410939,0.7859652186102685,0.8070316453424492,0.05570540074944548,0.06055953603341265,3.0495879338943013
157,157,0.10301280701569482,2.5596819907881874,-8.001821178152987,-9.68437974410939,0.6668184315127489,0.8070316453424492,0.007436637946961724,0.06055953603341265,3.3990420261496297
158,158,1.345822243427494,1.1305663982180374,-7.688601606427477,-9.68437974410939,0.6407168005356231,0.8070316453424492,0.026660934702315467,0.06055953603341265,5.2194854543094
159,159,1.2397470178405299,1.4722190487324638,-7.76612102914841,-9.68437974410939,0.6471767524290342,0.8070316453424492,0.007901149511748296,0.06055953603341265,4.560832481739183
160,160,1.4606755001417528,2.2269734928513554,-7.388593157652116,-9.68437974410939,0.6157160964710097,0.8070316453424492,0.002266227395358405,0.06055953603341265,5.0784193399967705
161,161,0.893563958241867,1.5258627846819681,-7.898769524465889,-9.68437974410939,0.6582307937054908,0.8070316453424492,0.006695899305504455,0.06055953603341265,3.6761806900086
162,162,0.8057736145199181,3.0686261476617407,-8.214995685776259,-9.68437974410939,0.6845829738146882,0.8070316453424492,0.0095048397087011,0.06055953603341265,3.445181366848118
163,163,1.1676046313686548,1.312081961712875,-8.221884428914512,-9.68437974410939,0.685157035742876,0.8070316453424492,0.022830445246584688,0.06055953603341265,5.079196116882073
164,164,0.4158104140672316,0.9805900557978909,-8.583732751023986,-9.68437974410939,0.7153110625853322,0.8070316453424492,0.028683520479140898,0.06055953603341265,4.024670859249113
165,165,0.27244204709828357,2.5146696552512333,-8.24493760851798,-9.68437974410939,0.687078134043165,0.8070316453424492,0.014877891997584929,0.06055953603341265,3.811000203617212
166,166,1.2035308745007236,2.942497615886751,-8.043802513159038,-9.68437974410939,0.6703168760965865,0.8070316453424492,0.015882881336760073,0.06055953603341265,5.0712849194912195
167,167,2.5338145418497104,1.4957903779853134,-8.323557020933695,-9.68437974410939,0.6936297517444746,0.8070316453424492,0.009992003388555402,0.06055953603341265,3.1357978395934083
168,168,1.1402547629123294,1.1248660979495522,-8.137661036977637,-9.68437974410939,0.6781384197481364,0.8070316453424492,0.03386460320650913,0.06055953603341265,4.829164803894514
169,169,2.3440227135971097,2.6558087819700287,-8.916747187736357,-9.68437974410939,0.7430622656446965,0.8070316453424492,0.05709943047496992,0.06055953603341265,4.035174380632284
170,170,0.5205213555189354,2.9957057020544755,-8.954431705508178,-9.68437974410939,0.7462026421256814,0.8070316453424492,0.018111111921983853,0.06055953603341265,2.3902237752045465
171,171,1.718034598346526,3.033081336652869,-7.561292031183957,-9.68437974410939,0.6301076692653297,0.8070316453424492,0.007128513528691027,0.06055953603341265,4.938605121815499
172,172,2.6905349854501415,1.7823137748217457,-5.361763007728215,-9.68437974410939,0.44681358397735127,0.8070316453424492,5.1303109337608906e-05,0.06055953603341265,4.36039947709774
173,173,2.583495476512729,3.0744207852455947,-8.236959057234037,-9.68437974410939,0.6864132547695031,0.8070316453424492,0.00903616739197683,0.06055953603341265,3.1764048869101487
174,174,1.9746862436970143,2.876671871687524,-8.228886841277841,-9.68437974410939,0.6857405701064868,0.8070316453424492,0.02347636722074812,0.06055953603341265,5.083820542890379
175,175,1.1275070786122678,3.0194335719142256,-8.032378223804006,-9.68437974410939,0.6693648519836671,0.8070316453424492,0.010767451972376581,0.06055953603341265,4.419540238716976
176,176,0.3593452659046956,1.3839455295318064,-8.984414716396635,-9.68437974410939,0.7487012263663863,0.8070316453424492,0.01799314228301057,0.06055953603341265,2.2014651818114856
177,177,0.7334608139327354,1.1904650847719187,-9.562080355033482,-9.68437974410939,0.7968400295861234,0.8070316453424492,0.05826812536611335,0.06055953603341265,2.737313758422573
178,178,0.5669042509094577,2.952669102049998,-9.297978577797025,-9.68437974410939,0.7748315481497521,0.8070316453424492,0.025568747401132828,0.06055953603341265,2.064539300542478
179,179,2.075512417158492,2.7014732537376123,-8.368724041628937,-9.68437974410939,0.6973936701357447,0.8070316453424492,0.03958784740716716,0.06055953603341265,4.63464398045987
180,180,0.263491598258776,2.875249815768404,-8.995368227595282,-9.68437974410939,0.7496140189662736,0.8070316453424492,0.01827225980125193,0.06055953603341265,2.160617378903723
181,181,1.5056924657757293,2.825557836569332,-7.521371925860404,-9.68437974410939,0.6267809938217003,0.8070316453424492,0.018744745936240537,0.06055953603341265,5.888846532813361
182,182,1.753795289231101,2.847908364462711,-7.666319263185282,-9.68437974410939,0.6388599385987735,0.8070316453424492,0.01863504786566504,0.06055953603341265,5.780541948103469
183,183,2.2390570290530016,2.805742292620544,-9.152310873487638,-9.68437974410939,0.7626925727906365,0.8070316453424492,0.047000571146696785,0.06055953603341265,3.6166381310140565
184,184,1.7749362083449538,1.3313597545757234,-7.696663575519082,-9.68437974410939,0.6413886312932569,0.8070316453424492,0.015286336986560126,0.06055953603341265,5.689230681588747
185,185,0.5810262466533986,1.8190565122973799,-4.8038510620636465,-9.68437974410939,0.4003209218386372,0.8070316453424492,9.84527310311638e-07,0.06055953603341265,4.255230051664547
186,186,0.8660203518995083,2.5428090753892914,-7.861275295928596,-9.68437974410939,0.6551062746607164,0.8070316453424492,0.036252172494715657,0.06055953603341265,5.343839819878589
187,187,0.7589591498353807,2.9131500636385654,-9.360258186760099,-9.68437974410939,0.7800215155633415,0.8070316453424492,0.03366576496632552,0.06055953603341265,2.6036709383640897
188,188,2.028452672343914,2.6719422121059635,-8.137652951866315,-9.68437974410939,0.6781377459888596,0.8070316453424492,0.034730721708222424,0.06055953603341265,4.759751534955612
189,189,1.2721973857688984,2.9484840674097454,-7.8656269990856185,-9.68437974410939,0.6554689165904682,0.8070316453424492,0.013786337471015455,0.06055953603341265,5.275843710567436
190,190,0.7547563260886587,2.7609797356560715,-9.512252473637133,-9.68437974410939,0.7926877061364278,0.8070316453424492,0.05805797919408656,0.06055953603341265,2.8660766923126033
191,191,0.6100723276245077,1.9796445641384586,-3.915320666576833,-9.68437974410939,0.3262767222147361,0.8070316453424492,1.5913704470703345e-05,0.06055953603341265,4.410771895037641
192,192,1.8924333008184624,2.7106821934840655,-7.891845647742892,-9.68437974410939,0.6576538039785743,0.8070316453424492,0.028560883269288004,0.06055953603341265,5.099967317328641
193,193,2.637511918208873,2.6603325042683164,-9.382227268801442,-9.68437974410939,0.7818522724001201,0.8070316453424492,0.047780397524041465,0.06055953603341265,2.8056833626457944
194,194,1.4449530955080463,1.3955527496478568,-7.564631065072291,-9.68437974410939,0.6303859220893576,0.8070316453424492,0.01026492141396097,0.06055953603341265,5.5189997297131015
195,195,0.46538832916035666,2.0658157909101855,-4.359561244205383,-9.68437974410939,0.3632967703504486,0.8070316453424492,7.938880118580283e-05,0.06055953603341265,4.812008892130731
196,196,0.5921412063077528,2.7542645173393097,-9.751742317464089,-9.751742317464089,0.8126451931220074,0.8126451931220074,0.05506229765217584,0.06055953603341265,2.0657216705473616
197,197,0.6925289812929688,2.7584100471416306,-9.6375778895754,-9.751742317464089,0.80313149079795,0.8126451931220074,0.058384949980633115,0.06055953603341265,2.523506342183879
198,198,0.6328049370089687,1.2691334860287846,-9.755753743930445,-9.755753743930445,0.8129794786608704,0.8129794786608704,0.0466561271259551,0.06055953603341265,1.8547774960037628
199,199,1.1081228698568752,1.4010522897103834,-8.233528555509887,-9.755753743930445,0.6861273796258239,0.8129794786608704,0.015483685385769733,0.06055953603341265,4.56093964851415
200,200,0.6328049370089687,0.37264153585748927,-3.997508009646557,-9.755753743930445,0.33312566747054645,0.8129794786608704,1.0578443216705339e-05,0.06055953603341265,4.3294966546255225
201,201,1.883917996516132,1.3002115138741437,-7.961107064612402,-9.755753743930445,0.6634255887177002,0.8129794786608704,0.020445507175544535,0.06055953603341265,5.446533359209319
202,202,2.6905349854501415,1.4654210693626524,-8.543013266231748,-9.755753743930445,0.711917772185979,0.8129794786608704,0.01205936702711952,0.06055953603341265,2.796289145907693
203,203,1.9947644300433307,2.690101735176081,-8.104977628204466,-9.755753743930445,0.6754148023503722,0.8129794786608704,0.033271763454999145,0.06055953603341265,4.837706073582638
204,204,2.361566967829525,2.258184427948243,-5.038569992425213,-9.755753743930445,0.4198808327021011,0.8129794786608704,0.0024321128857979894,0.06055953603341265,6.832667963888433
205,205,1.953730711840787,2.487418524659625,-7.314508215099173,-9.755753743930445,0.6095423512582644,0.8129794786608704,0.01681874898326443,0.06055953603341265,5.124495435860247
206,206,1.811349467717798,2.193848234264231,-6.961471237912124,-9.755753743930445,0.5801226031593437,0.8129794786608704,0.0007055555520245418,0.06055953603341265,5.792458605079318
207,207,0.7334608139327354,2.271366429487329,-5.136227508352888,-9.755753743930445,0.4280189590294073,0.8129794786608704,0.0031442534232914007,0.06055953603341265,6.79892179562469
208,208,0.7944742601193698,0.2954511008803311,-4.603814679490113,-9.755753743930445,0.3836512232908427,0.8129794786608704,4.189650559108162e-05,0.06055953603341265,4.508259176178171
209,209,0.6368960379994182,1.3181337089100489,-9.620833289916026,-9.755753743930445,0.8017361074930022,0.8129794786608704,0.03820193066862167,0.06055953603341265,1.9219711711270264
210,210,0.7032843569056187,1.3110746504188793,-9.5721394988915,-9.755753743930445,0.7976782915742917,0.8129794786608704,0.04006478413710973,0.06055953603341265,2.224304483623129
211,211,0.45770240223029957,1.2765194071582917,-9.672416662697378,-9.755753743930445,0.8060347218914482,0.8129794786608704,0.03615134139807309,0.06055953603341265,1.4756797686394236
212,212,0.35412608684870284,1.2690965258631381,-9.433745626787982,-9.755753743930445,0.7861454688989985,0.8129794786608704,0.028085213354097235,0.06055953603341265,1.6640193129859853
213,213,2.2423748737552613,2.3201395017669575,-5.75708903920013,-9.755753743930445,0.47975741993334414,0.8129794786608704,0.004736903639705622,0.06055953603341265,6.923298954174761
214,214,1.8310025971625794,1.3202777573250906,-7.818652361413472,-9.755753743930445,0.6515543634511226,0.8129794786608704,0.01730855310550707,0.06055953603341265,5.5804542188855635
215,215,0.6944104831074035,2.679269390874305,-9.299972791783873,-9.755753743930445,0.774997732648656,0.8129794786608704,0.060026240131010426,0.06055953603341265,3.337235188185943
216,216,0.9269741010151447,0.4779433356144278,-4.54041412676471,-9.755753743930445,0.3783678438970592,0.8129794786608704,9.516449821164127e-05,0.06055953603341265,6.161942261590465
217,217,1.7611631964913377,2.9131500636385654,-7.668472050251425,-9.755753743930445,0.6390393375209521,0.8129794786608704,0.014293931629469491,0.06055953603341265,5.6846027110818795
218,218,2.1410891737542856,1.1305663982180374,-8.570281857076468,-9.755753743930445,0.7141901547563724,0.8129794786608704,0.045195951980887286,0.06055953603341265,4.425337971957063
219,219,0.8389878837018739,1.5758214596362303,-7.449774499013182,-9.755753743930445,0.6208145415844318,0.8129794786608704,0.0036457762802944464,0.06055953603341265,3.7651370455562443
220,220,0.5965494080642187,2.353538012128011,-6.173395321375105,-9.755753743930445,0.5144496101145921,0.8129794786608704,0.00930738599270765,0.06055953603341265,6.68390339665617
221,221,1.7578965399506357,1.5258627846819681,-7.543966336437107,-9.755753743930445,0.6286638613697589,0.8129794786608704,0.004996937447756005,0.06055953603341265,4.235193500785947
222,222,2.428645974587276,0.09617241439896951,-6.392974402326404,-9.755753743930445,0.5327478668605337,0.8129794786608704,0.0006785595982110932,0.06055953603341265,4.147348829983095
223,223,0.5260699881675688,2.909301829434317,-9.529193165119924,-9.755753743930445,0.7940994304266603,0.8129794786608704,0.03142762451333843,0.06055953603341265,1.7175665308556347
224,224,0.25899001663598153,2.549406491372512,-8.437593786519304,-9.755753743930445,0.7031328155432753,0.8129794786608704,0.01613135775664674,0.06055953603341265,3.461403363181631
225,225,2.333347660863905,1.094576340743673,-8.950758730373996,-9.755753743930445,0.7458965608644997,0.8129794786608704,0.05741890873838277,0.06055953603341265,3.973232514049002
226,226,1.5998092620075497,0.06533121409627562,-7.498284440139665,-9.755753743930445,0.6248570366783054,0.8129794786608704,0.0032555993062534996,0.06055953603341265,3.01824914239873
227,227,2.619428789535453,1.208265909112801,-9.796572423711316,-9.796572423711316,0.8163810353092763,0.8163810353092763,0.04827412141468761,0.06055953603341265,1.6708757198509545
228,228,1.3137818910386987,2.2954788280679344,-7.0299711260837165,-9.796572423711316,0.585830927173643,0.8163810353092763,0.005903534638435513,0.06055953603341265,5.706854977686859
229,229,2.619428789535453,1.1112409934879923,-9.501483980460717,-9.796572423711316,0.7917903317050597,0.8163810353092763,0.05057392936146256,0.06055953603341265,2.5783992262121416
230,230,1.8508533012871247,2.923698339564651,-7.84602772550693,-9.796572423711316,0.6538356437922442,0.8163810353092763,0.015291258614763504,0.06055953603341265,5.435216616314889
231,231,1.883917996516132,0.0864121486136451,-7.255383930814446,-9.796572423711316,0.6046153275678705,0.8163810353092763,0.002385690143721489,0.06055953603341265,3.183307758345755
232,232,2.6905349854501415,1.0199409653453864,-8.900893259297817,-9.796572423711316,0.7417411049414847,0.8163810353092763,0.03631584491085827,0.06055953603341265,3.616692398703236
233,233,1.1324588597172431,1.2601535042369334,-8.357799145236157,-9.796572423711316,0.6964832621030131,0.8163810353092763,0.029590385648333474,0.06055953603341265,4.941946084340017
234,234,2.5180994383784356,2.862807706500242,-9.71427975738734,-9.796572423711316,0.8095233131156117,0.8163810353092763,0.04257347770522396,0.06055953603341265,1.8160121219091394
235,235,0.5028812560812976,1.071040075115088,-9.2673332718735,-9.796572423711316,0.7722777726561251,0.8163810353092763,0.04632274696193734,0.06055953603341265,3.0621645002646574
236,236,2.1785294774799917,2.914451387891921,-8.829291431111931,-9.796572423711316,0.7357742859259943,0.8163810353092763,0.02752152717301639,0.06055953603341265,3.894927032152083
237,237,0.7334608139327354,2.4020287560946083,-6.533695289651163,-9.796572423711316,0.5444746074709302,0.8163810353092763,0.014973475232802881,0.06055953603341265,6.6945896302376795
238,238,1.3391022660337761,2.952669102049998,-7.723170923938544,-9.796572423711316,0.6435975769948786,0.8163810353092763,0.012287052941611837,0.06055953603341265,5.426993556664257
239,239,0.6368960379994182,2.2310983558722173,-4.829487101432886,-9.796572423711316,0.40245725845274055,0.8163810353092763,0.001844593349785182,0.06055953603341265,6.380371512552273
240,240,1.0361161296496335,2.640117707508668,-8.199715885681524,-9.796572423711316,0.683309657140127,0.8163810353092763,0.03821986138049417,0.06055953603341265,4.690054248649133
241,241,1.9368650659408742,1.2765194071582917,-8.122060668287883,-9.796572423711316,0.6768383890239903,0.8163810353092763,0.024480265024464178,0.06055953603341265,5.260518710462776
242,242,1.7667467764838978,2.847908364462711,-7.690076723130083,-9.796572423711316,0.6408397269275069,0.8163810353092763,0.018890075511553778,0.06055953603341265,5.756527503196374
243,243,2.0342835806141526,2.805742292620544,-8.434759525648177,-9.796572423711316,0.7028966271373481,0.8163810353092763,0.03327621966151766,0.06055953603341265,4.813861503760251
244,244,2.2768051324900496,1.0790472040732457,-8.702846666155017,-9.796572423711316,0.7252372221795848,0.8163810353092763,0.05297688138530988,0.06055953603341265,4.30256445521384
245,245,1.0353785816751344,2.5966711166499756,-7.969292717373718,-9.796572423711316,0.6641077264478098,0.8163810353092763,0.033323585997205904,0.06055953603341265,4.857166916001134
246,246,1.0865973639859647,1.4102615067001603,-8.260020825845645,-9.796572423711316,0.6883350688204705,0.8163810353092763,0.015039963027154782,0.06055953603341265,4.433143953034815
247,247,2.5697729791944175,1.4161120663319473,-9.049497707554368,-9.796572423711316,0.7541248089628639,0.8163810353092763,0.020206127808476707,0.06055953603341265,2.3566865328784417
248,248,0.6328049370089687,1.0292903168906185,-8.823302233901114,-9.796572423711316,0.7352751861584261,0.8163810353092763,0.05029773494672142,0.06055953603341265,4.213961707131091
249,249,0.9450535943885396,1.058833236900109,-8.36598859220473,-9.796572423711316,0.6971657160170608,0.8163810353092763,0.04468582198401358,0.06055953603341265,4.622294308967128
250,250,1.4421989815279594,2.4543157363092374,-7.453423979516972,-9.796572423711316,0.6211186649597477,0.8163810353092763,0.024091315393312267,0.06055953603341265,4.6878416672846654
251,251,2.1358539679895,1.278535378344419,-8.797918966903127,-9.796572423711316,0.7331599139085939,0.8163810353092763,0.03503377203057269,0.06055953603341265,4.226461879878343
252,252,2.8826140239438196,1.27419227983535,-9.048865969922202,-9.796572423711316,0.7540721641601835,0.8163810353092763,0.0193965784102397,0.06055953603341265,2.1069053451030015
253,253,2.55592428243515,0.9875487617569688,-8.50634681706722,-9.796572423711316,0.7088622347556016,0.8163810353092763,0.04146709755477354,0.06055953603341265,4.685291026939623
254,254,2.5484331365572848,1.2427975824506192,-9.806873597389396,-9.806873597389396,0.8172394664491164,0.8172394664491164,0.049098010644368285,0.06055953603341265,1.7411962323388934
255,255,2.474214190211408,2.5221447089040447,-7.996982140146808,-9.806873597389396,0.6664151783455673,0.8172394664491164,0.03706529399359307,0.06055953603341265,5.464176721716441
256,256,1.113983238543859,1.1492262065834633,-8.276567469981577,-9.806873597389396,0.6897139558317981,0.8172394664491164,0.03613084689348546,0.06055953603341265,4.780166001705368
257,257,2.2256959900601436,1.3795973596469502,-8.832943050685373,-9.806873597389396,0.7360785875571144,0.8172394664491164,0.023493299377235488,0.06055953603341265,3.5991945808252552
258,258,2.3455170877142444,2.8088631070706196,-9.475945128971272,-9.806873597389396,0.7896620940809393,0.8172394664491164,0.05138833321883633,0.06055953603341265,2.889433931444543
259,259,2.2995895607689274,1.1112409934879923,-8.957111762733408,-9.806873597389396,0.7464259802277841,0.8172394664491164,0.05670466338162128,0.06055953603341265,3.9464569175492272
260,260,2.5321438783146344,2.5267155896869493,-8.14572109968974,-9.806873597389396,0.6788100916408116,0.8172394664491164,0.03671700981370634,0.06055953603341265,5.241410329621033
261,261,2.8032645940407375,1.231057177245678,-9.433324722575843,-9.806873597389396,0.786110393547987,0.8172394664491164,0.028922693492913692,0.06055953603341265,1.7107251490781294
262,262,2.6905349854501415,2.7886321737199857,-9.72607935520312,-9.806873597389396,0.8105066129335934,0.8172394664491164,0.04118382295068502,0.06055953603341265,1.5434774237426296
263,263,2.527480922664815,1.3414547683393585,-9.53119353488829,-9.806873597389396,0.7942661279073575,0.8172394664491164,0.033542159527599785,0.06055953603341265,1.9275400944887622
264,264,2.473206632582097,1.3958897683742226,-9.176773489531447,-9.806873597389396,0.7647311241276206,0.8172394664491164,0.02431278982144531,0.06055953603341265,2.4305888996147758
265,265,2.326275495548679,1.3898222227238626,-9.0124376857502,-9.806873597389396,0.7510364738125167,0.8172394664491164,0.024148653693062377,0.06055953603341265,3.0536762683969556
266,266,0.645478247177809,1.290861588156404,-9.700290118821293,-9.806873597389396,0.8083575099017745,0.8172394664491164,0.04326525171772548,0.06055953603341265,1.9100175342707786
267,267,2.3540923302068,1.108872055686263,-9.090237003328454,-9.806873597389396,0.7575197502773712,0.8172394664491164,0.059073062264518826,0.06055953603341265,3.7448880211315867
268,268,0.5771997647788651,1.3648368205549175,-9.407685834178695,-9.806873597389396,0.7839738195148912,0.8172394664491164,0.028651425227292523,0.06055953603341265,1.9623315282432117
269,269,2.238255192774747,1.426356063793624,-8.617543936513822,-9.806873597389396,0.7181286613761518,0.8172394664491164,0.0169788832252998,0.06055953603341265,3.5672645160129264
270,270,0.6334033012734989,1.148054798115604,-9.598526948194026,-9.806873597389396,0.7998772456828355,0.8172394664491164,0.05873073841224924,0.06055953603341265,2.5856554100399904
271,271,1.4749877802083535,0.3417086333903725,-7.411404140627767,-9.806873597389396,0.6176170117189806,0.8172394664491164,0.004610642213140822,0.06055953603341265,2.8791498215043063
272,272,1.639824855270552,2.222760514817195,-7.455457941796769,-9.806873597389396,0.6212881618163973,0.8172394664491164,0.002086488545120896,0.06055953603341265,4.936551717087589
273,273,2.417880870448999,2.805742292620544,-9.644802851062881,-9.806873597389396,0.8037335709219068,0.8172394664491164,0.053078713876375486,0.06055953603341265,2.434340756887721
274,274,2.417342936010934,1.327820470986943,-9.480244235761443,-9.806873597389396,0.7900203529801203,0.8172394664491164,0.03680023299543099,0.06055953603341265,2.3719535356681405
275,275,0.9618634849944498,0.27252243860723424,-5.360321515044851,-9.806873597389396,0.4466934595870709,0.8172394664491164,0.0002895693641005538,0.06055953603341265,4.5678231049409455
276,276,2.350541913942564,1.2209710448453666,-9.47584747091167,-9.806873597389396,0.7896539559093059,0.8172394664491164,0.0538786541212755,0.06055953603341265,2.9229349782311687
277,277,1.512140428463622,1.2826414805678612,-7.517410878003945,-9.806873597389396,0.6264509065003288,0.8172394664491164,0.01680589192671649,0.06055953603341265,5.927048310636231
278,278,2.613483958669339,2.1727443537718356,-4.621306983655529,-9.806873597389396,0.38510891530462743,0.8172394664491164,0.0007087842019262544,0.06055953603341265,5.68692293337379
279,279,2.6543386654395196,2.256403408039379,-5.447842127455727,-9.806873597389396,0.45398684395464395,0.8172394664491164,0.002614460936516844,0.06055953603341265,6.152688286457895
280,280,2.500599126352415,2.19325302725551,-4.515264055361932,-9.806873597389396,0.37627200461349436,0.8172394664491164,0.0009829556458817836,0.06055953603341265,6.097250549815346
281,281,1.467723040273637,0.24982238960922176,-7.419146511616182,-9.806873597389396,0.6182622093013485,0.8172394664491164,0.004100509089707266,0.06055953603341265,2.375400067341758
282,282,2.8826140239438196,1.1238547493980184,-9.029229568349551,-9.806873597389396,0.7524357973624626,0.8172394664491164,0.021891562085658012,0.06055953603341265,2.373667842457138
283,283,1.2354620874800817,2.0912215337949687,-6.399594372630947,-9.806873597389396,0.5332995310525789,0.8172394664491164,0.00030813978022668385,0.06055953603341265,6.081188815779264
284,284,2.461052848882471,2.096227030118703,-3.960890309667575,-9.806873597389396,0.3300741924722979,0.8172394664491164,0.00015051780544210008,0.06055953603341265,5.367326099980428
285,285,2.622909476260645,1.3563509551603947,-9.428817743549853,-9.806873597389396,0.7857348119624877,0.8172394664491164,0.028328676678489217,0.06055953603341265,1.8196960690061843
286,286,1.3042574052714202,1.18519310771222,-7.813554631246849,-9.806873597389396,0.6511295526039041,0.8172394664491164,0.025873047325815527,0.06055953603341265,5.3810722188726885
287,287,2.2403151240419032,1.341521761096454,-9.01969664160851,-9.806873597389396,0.7516413868007091,0.8172394664491164,0.03015882781834016,0.06055953603341265,3.4974007961114495
288,288,1.4653417445736203,1.1477065848216532,-7.545168656823009,-9.806873597389396,0.6287640547352508,0.8172394664491164,0.02580228460057872,0.06055953603341265,5.427397287883188
289,289,2.5740880135176347,1.1112409934879923,-9.48550010840176,-9.806873597389396,0.7904583423668133,0.8172394664491164,0.054370869469294134,0.06055953603341265,2.745467445559399
290,290,0.5221444348296835,0.4373631960171771,-4.074376303487036,-9.806873597389396,0.3395313586239197,0.8172394664491164,1.7195275711281775e-05,0.06055953603341265,4.473976498963943
291,291,1.525171475050144,0.282534079418743,-7.482332422155477,-9.806873597389396,0.6235277018462898,0.8172394664491164,0.004667131589849805,0.06055953603341265,2.3685813290991717
292,292,2.6905349854501415,1.2553092401994628,-9.701430769136017,-9.806873597389396,0.8084525640946681,0.8172394664491164,0.03791775273514217,0.06055953603341265,1.4686021913124137
293,293,2.589193444178989,2.1487132241429054,-4.393062520265632,-9.806873597389396,0.3660885433554693,0.8172394664491164,0.00045574360654932226,0.06055953603341265,5.521810683113014
294,294,0.10092170022375324,0.32751065398797863,-6.7549538679792756,-9.806873597389396,0.5629128223316063,0.8172394664491164,0.0014476357857831873,0.06055953603341265,4.231512952851524
295,295,2.6183395078634666,1.071040075115088,-9.262579309868075,-9.806873597389396,0.7718816091556729,0.8172394664491164,0.04817826413738181,0.06055953603341265,3.1379400773512742
296,296,1.5599046026553742,0.32751065398797863,-7.498876342939595,-9.806873597389396,0.624906361911633,0.8172394664491164,0.004939824779933781,0.06055953603341265,2.596456236524908
297,297,2.4253672545036644,1.275795268675809,-9.634863699947315,-9.806873597389396,0.8029053083289429,0.8172394664491164,0.046512257650152114,0.06055953603341265,2.2883061598733434
298,298,0.5771997647788651,2.0604801681458054,-3.9750003815246684,-9.806873597389396,0.33125003179372237,0.8172394664491164,7.554566183975121e-05,0.06055953603341265,4.825158280672479
299,299,2.5076728289355805,1.3181337089100489,-9.622878327901104,-9.806873597389396,0.8019065273250919,0.8172394664491164,0.038149779258496344,0.06055953603341265,1.9099474667297045
300,300,0.41168411162982554,1.1640152874923713,-9.590436352813356,-9.806873597389396,0.799203029401113,0.8172394664491164,0.03935587998665818,0.06055953603341265,1.8423079184019997
301,301,2.6990092767744787,1.350722973241942,-9.358927286260315,-9.806873597389396,0.7799106071883596,0.8172394664491164,0.025824621840989954,0.06055953603341265,1.7943234781552775
302,302,2.3533901092312934,2.646617607064093,-8.87765224918621,-9.806873597389396,0.7398043540988509,0.8172394664491164,0.056582726295820056,0.06055953603341265,4.105181153052271
303,303,0.9987247298284129,0.02287973010011135,-7.328492799888583,-9.806873597389396,0.6107077333240486,0.8172394664491164,0.0029996415810278837,0.06055953603341265,3.726741489150932
304,304,2.4810520613523614,1.3158005333425533,-9.609361721200218,-9.806873597389396,0.8007801434333515,0.8172394664491164,0.03896238897076527,0.06055953603341265,2.018445153506619
305,305,2.642607440387991,1.257497983648616,-9.764490398472029,-9.806873597389396,0.8137075332060024,0.8172394664491164,0.041480276968504634,0.06055953603341265,1.482841308718605
306,306,2.6159021441825834,2.8541197929507014,-9.735815186776014,-9.806873597389396,0.8113179322313345,0.8172394664491164,0.039845359060457074,0.06055953603341265,1.5252035501675891
307,307,2.641456052191966,2.076354523840587,-4.244940349080436,-9.806873597389396,0.35374502909003636,0.8172394664491164,0.00010150457475606365,0.06055953603341265,4.8836839346086975
308,308,2.4450006524621024,2.7294544630459083,-9.539542117391965,-9.806873597389396,0.7949618431159972,0.8172394664491164,0.06020375682361834,0.06055953603341265,2.793817783616902
309,309,2.9908267415985748,1.8816160147211247,-6.412604354959334,-9.806873597389396,0.5343836962466112,0.8172394664491164,0.0008333120000047798,0.06055953603341265,4.3671587337435795
310,310,2.500406776725528,1.359694604165993,-9.4223286821338,-9.806873597389396,0.7851940568444834,0.8172394664491164,0.03061618987690662,0.06055953603341265,2.1137120987219333
311,311,2.1769432571537313,1.0869803243571905,-8.47706601190781,-9.806873597389396,0.7064221676589842,0.8172394664491164,0.04591908581613667,0.06055953603341265,4.493923283554139
312,312,2.8826140239438196,1.0822176442038711,-8.911712056326197,-9.806873597389396,0.7426426713605164,0.8172394664491164,0.020934966643777246,0.06055953603341265,2.6290517294342948
313,313,2.6542153595825146,3.0232939840855826,-8.693186967409073,-9.806873597389396,0.7244322472840894,0.8172394664491164,0.014026301434365515,0.06055953603341265,2.6555699963933534
314,314,2.978869274077817,1.208265909112801,-8.607110484406643,-9.806873597389396,0.7172592070338869,0.8172394664491164,0.012989038372335221,0.06055953603341265,2.667735658664853
315,315,2.795220731768553,1.2323879460837037,-9.4598011760352,-9.806873597389396,0.7883167646696,0.8172394664491164,0.02967752982999205,0.06055953603341265,1.6820212705207354
316,316,0.7094873715340245,1.2279292847041674,-9.66896359209093,-9.806873597389396,0.8057469660075776,0.8172394664491164,0.054066166417307535,0.06055953603341265,2.378071483014736
317,317,2.097196116102774,1.2443795026664277,-8.661942255564465,-9.806873597389396,0.7218285212970388,0.8172394664491164,0.03663087696986392,0.06055953603341265,4.484093588758327
318,318,0.7225833718090262,1.071523961526537,-8.99747102985795,-9.806873597389396,0.7497892524881625,0.8172394664491164,0.05740192308841981,0.06055953603341265,3.9291814551816486
319,319,2.25113590830661,2.2218823142304727,-4.985613311905275,-9.806873597389396,0.4154677759921062,0.8172394664491164,0.0011162982495057183,0.06055953603341265,6.956305070013997
320,320,2.8081592383894742,2.923698339564651,-9.075172656264904,-9.806873597389396,0.7562643880220753,0.8172394664491164,0.019547915188355625,0.06055953603341265,2.0712881807134806
321,321,2.584993587373304,2.769471916950853,-9.79272954967196,-9.806873597389396,0.8160607958059968,0.8172394664491164,0.051650932011050435,0.06055953603341265,1.8232047806738336
322,322,2.6905349854501415,3.0245571252662815,-8.645229030564911,-9.806873597389396,0.7204357525470759,0.8172394664491164,0.013302525301886043,0.06055953603341265,2.6808756796994118
323,323,2.9081567836026734,1.3414547683393585,-8.74424136166469,-9.806873597389396,0.7286867801387241,0.8172394664491164,0.014355433895198192,0.06055953603341265,2.462655961072386
324,324,2.5180994383784356,2.6991307141057113,-9.521845935958549,-9.806873597389396,0.7934871613298791,0.8172394664491164,0.058324402741496334,0.06055953603341265,2.7659767594626032
325,325,0.7422513028002331,1.2344170167676545,-9.60556447273907,-9.806873597389396,0.8004637060615892,0.8172394664491164,0.05302225878882526,0.06055953603341265,2.5517192452860797
326,326,2.739944055179606,1.1761557841067578,-9.592404987389884,-9.806873597389396,0.7993670822824903,0.8172394664491164,0.03797380756512739,0.06055953603341265,1.765497755622448
327,327,0.7244781494647308,1.1967438959280057,-9.595743952997115,-9.806873597389396,0.7996453294164262,0.8172394664491164,0.05772343090391597,0.06055953603341265,2.641497894004516
328,328,0.5771997647788651,1.291153778824889,-9.73186766937395,-9.806873597389396,0.8109889724478291,0.8172394664491164,0.04118234934049979,0.06055953603341265,1.6524395788237456
329,329,0.6730540226108628,1.2200199765260848,-9.72460006448654,-9.806873597389396,0.8103833387072116,0.8172394664491164,0.054710732261165754,0.06055953603341265,2.2087744336909765
330,330,0.9212823409548369,1.2427975824506192,-9.094152933562963,-9.806873597389396,0.7578460777969136,0.8172394664491164,0.044875760736309306,0.06055953603341265,3.723562062995171
331,331,0.45770240223029957,1.293862260389827,-9.62531970382065,-9.806873597389396,0.8021099753183876,0.8172394664491164,0.03407013637675057,0.06055953603341265,1.5105354582666592
332,332,0.7378176934060643,0.7960077242756274,-6.131399981350782,-9.806873597389396,0.5109499984458985,0.8172394664491164,0.010423597961991285,0.06055953603341265,6.846169811601037
333,333,2.417880870448999,1.1041377344329022,-9.213581233522287,-9.806873597389396,0.7677984361268573,0.8172394664491164,0.059984558935798966,0.06055953603341265,3.521506821022129
334,334,2.7067079998778425,1.1769935512433771,-9.658997245427264,-9.806873597389396,0.8049164371189387,0.8172394664491164,0.04163425466922108,0.06055953603341265,1.7531640482843756
335,335,2.642607440387991,1.2867649185476457,-9.703203657598646,-9.806873597389396,0.8086003047998872,0.8172394664491164,0.037747299821515944,0.06055953603341265,1.4992792000782487
336,336,2.34708030614176,1.228791950858384,-9.474355481092251,-9.806873597389396,0.7895296234243543,0.8172394664491164,0.052743699485946975,0.06055953603341265,2.9130201254744605
337,337,2.7067079998778425,1.1769935512433771,-9.658997245427264,-9.806873597389396,0.8049164371189387,0.8172394664491164,0.04163425466922108,0.06055953603341265,1.7531640482843756
338,338,0.9476993001436175,1.2532358541028672,-9.006810444510432,-9.806873597389396,0.750567537042536,0.8172394664491164,0.041897113662462224,0.06055953603341265,3.880100190826326
339,339,0.22664127672846424,1.1844248616304074,-8.959497275888554,-9.806873597389396,0.7466247729907128,0.8172394664491164,0.01876876476732116,0.06055953603341265,2.299613990794498
340,340,0.8960819824826035,1.2113555165678744,-9.146014430086726,-9.806873597389396,0.7621678691738939,0.8172394664491164,0.050117419281560965,0.06055953603341265,3.643038646069485
341,341,2.4444706467569124,2.630889989874098,-8.963557658179745,-9.806873597389396,0.7469631381816454,0.8172394664491164,0.056031896562380966,0.06055953603341265,3.991589654205754
342,342,2.8826140239438196,1.2647369787238092,-9.066629918170781,-9.806873597389396,0.7555524931808985,0.8172394664491164,0.019802198646853952,0.06055953603341265,2.0910399643148736
343,343,2.6176297211371837,0.07833924549821791,-6.605439602618595,-9.806873597389396,0.5504533002182163,0.8172394664491164,0.0010616718127618916,0.06055953603341265,4.19320330863372
344,344,2.674367568667051,2.6795141282970727,-9.471685489539057,-9.806873597389396,0.7893071241282548,0.8172394664491164,0.044995319501187125,0.06055953603341265,2.4489056526779507
345,345,2.6505450915589304,2.2353109976158207,-5.24336785143945,-9.806873597389396,0.4369473209532875,0.8172394664491164,0.0019384937391661741,0.06055953603341265,6.054618634071431
346,346,1.9474475750736664,1.092105403088,-7.918941520700904,-9.806873597389396,0.659911793391742,0.8172394664491164,0.029706895931086663,0.06055953603341265,4.879635867855306
347,347,0.26271322964130817,1.2803127823539364,-9.053004600912242,-9.806873597389396,0.7544170500760202,0.8172394664491164,0.019427135228964585,0.06055953603341265,2.0987412532463594
348,348,2.4606073318935957,2.5484041846107512,-8.24816117873296,-9.806873597389396,0.6873467648944134,0.8172394664491164,0.04237986192787824,0.06055953603341265,5.131783492105697
349,349,2.938319674075318,1.1112409934879923,-8.752470705548177,-9.806873597389396,0.7293725587956814,0.8172394664491164,0.016292569396403674,0.06055953603341265,2.6397590275962273
350,350,0.5088847420782434,1.114022568754122,-9.514910952027606,-9.806873597389396,0.7929092460023005,0.8172394664491164,0.04942431790395272,0.06055953603341265,2.5000309956826783
351,351,2.535898057320053,0.015325052128554617,-7.3219688221297705,-9.806873597389396,0.6101640685108142,0.8172394664491164,0.0031000388522328666,0.06055953603341265,3.8528254021825887
352,352,2.6505450915589304,1.4725503428254942,-8.51364468264887,-9.806873597389396,0.7094703902207392,0.8172394664491164,0.0118027898257223,0.06055953603341265,2.8561100062619715
353,353,0.7342806480744153,1.2736251471093516,-9.603985946123045,-9.806873597389396,0.8003321621769204,0.8172394664491164,0.046790735959417865,0.06055953603341265,2.400625065823178
354,354,0.3532806739793948,2.568749002957015,-8.691728651213307,-9.806873597389396,0.7243107209344423,0.8172394664491164,0.02510821808283419,0.06055953603341265,3.5393183268506476
355,355,2.7307573187875156,2.4494557893456887,-7.640832206669006,-9.806873597389396,0.6367360172224171,0.8172394664491164,0.016291411621897255,0.06055953603341265,5.232709904829221
356,356,0.4677883187065992,1.249032058846875,-9.736606178240583,-9.806873597389396,0.8113838481867153,0.8172394664491164,0.039964731271276394,0.06055953603341265,1.471488784826306
357,357,0.9168378981627031,1.2365631060543636,-9.105624512700802,-9.806873597389396,0.7588020427250668,0.8172394664491164,0.04594481002957315,0.06055953603341265,3.7074242563410422
358,358,0.5771997647788651,1.2488707164711916,-9.80748329469093,-9.80748329469093,0.8172902745575775,0.8172902745575775,0.04750011908828958,0.06055953603341265,1.6688099180551887
359,359,0.1341391686974489,2.758449315919406,-8.43368659026308,-9.80748329469093,0.7028072158552567,0.8172902745575775,0.010967220921127528,0.06055953603341265,2.868141589785452
360,360,1.6654366511282352,1.203563239919697,-7.542479178235831,-9.80748329469093,0.6285399315196526,0.8172902745575775,0.02238092687095623,0.06055953603341265,5.706884357758163
361,361,1.84714425119946,2.0317910664657717,-6.720299560820625,-9.80748329469093,0.5600249634017188,0.8172902745575775,0.0014689260217202868,0.06055953603341265,5.173003346597717
362,362,0.5015192600598992,1.3086424771978675,-9.635636693640784,-9.80748329469093,0.8029697244700653,0.8172902745575775,0.03481948009903969,0.06055953603341265,1.5598060629205577
363,363,0.5315462387476404,1.2144772326698476,-9.805307526292179,-9.80748329469093,0.8171089605243482,0.8172902745575775,0.048474783403476135,0.06055953603341265,1.6608832090176833
364,364,3.0288292042886122,1.2237824518542633,-8.28868588945125,-9.80748329469093,0.6907238241209375,0.8172902745575775,0.009358450758168449,0.06055953603341265,3.009601146578362
365,365,0.586188928138779,2.187935450664539,-4.569871704711518,-9.80748329469093,0.3808226420592931,0.8172902745575775,0.0009194735423063301,0.06055953603341265,5.927287564147626
366,366,0.5414384265170407,0.39480392867279956,-4.071363634824374,-9.80748329469093,0.3392803029020312,0.8172902745575775,4.915987392125793e-06,0.06055953603341265,4.3097446501771515
367,367,0.44811147607915647,1.2543157314179152,-9.697646353219703,-9.80748329469093,0.8081371961016419,0.8172902745575775,0.03776572890273769,0.06055953603341265,1.4703267849890693
368,368,0.3400013898907157,2.0912888529460973,-5.119562285046104,-9.80748329469093,0.4266301904205087,0.8172902745575775,0.00021809080828301237,0.06055953603341265,4.941539884831805
369,369,1.6004664506794748,1.1844248616304074,-7.504024324270118,-9.80748329469093,0.6253353603558431,0.8172902745575775,0.0235003938715622,0.06055953603341265,5.652764663240511
370,370,0.5467141118560024,0.3804259987311589,-4.095505075354392,-9.80748329469093,0.341292089612866,0.8172902745575775,3.272407494097631e-06,0.06055953603341265,4.272359511300817
371,371,2.4444706467569124,1.228204572154243,-9.69159201747465,-9.80748329469093,0.8076326681228875,0.8172902745575775,0.05396644456707472,0.06055953603341265,2.304332501082314
372,372,0.8427329560543267,1.2955291078467588,-9.30532204612435,-9.80748329469093,0.7754435038436959,0.8172902745575775,0.04033170070538388,0.06055953603341265,3.103986468286365
373,373,0.4613543593090734,1.212312587328274,-9.740393223516365,-9.80748329469093,0.8116994352930305,0.8172902745575775,0.042568313826344746,0.06055953603341265,1.5678062691463452
374,374,1.7149713336819454,1.2292639599591155,-7.601693490131918,-9.80748329469093,0.6334744575109932,0.8172902745575775,0.021154561117190405,0.06055953603341265,5.749495227316103
375,375,1.7306776794174545,1.1800085252979624,-7.614116255985047,-9.80748329469093,0.6345096879987538,0.8172902745575775,0.024229409839429002,0.06055953603341265,5.5374137952725135
376,376,0.5279395914278295,2.875249815768404,-9.673827118724907,-9.80748329469093,0.8061522598937422,0.8172902745575775,0.036839640280302975,0.06055953603341265,1.5738869899021921
377,377,0.5721829962381431,1.2691334860287846,-9.78188579832684,-9.80748329469093,0.81515714986057,0.8172902745575775,0.04438089412670047,0.06055953603341265,1.6260715904423222
378,378,0.9849042396567392,0.39411483343671594,-4.948978727375875,-9.80748329469093,0.41241489394798964,0.8172902745575775,0.00034919688586028776,0.06055953603341265,5.613871656109886
379,379,2.404642020695023,0.46685480794536893,-3.896626417950711,-9.80748329469093,0.32471886816255924,0.8172902745575775,5.842656206481464e-05,0.06055953603341265,5.143018783299851
380,380,0.6010799583657158,1.2668610695217,-9.779269584346803,-9.80748329469093,0.8149391320289002,0.8172902745575775,0.04597475413882062,0.06055953603341265,1.7256475490937788
381,381,1.5314378615254491,1.2535439678909763,-7.507819557518527,-9.80748329469093,0.6256516297932105,0.8172902745575775,0.018716381954290588,0.06055953603341265,5.898522629410948
382,382,2.6905349854501415,2.0889891522509747,-4.494650144086801,-9.80748329469093,0.3745541786739001,0.8172902745575775,0.00013885032842789977,0.06055953603341265,4.96343679343385
383,383,1.2117509655465284,1.3353236338531886,-8.067408434916569,-9.80748329469093,0.6722840362430474,0.8172902745575775,0.018960448192605485,0.06055953603341265,5.221177571448578
384,384,1.020699626617788,0.39411483343671594,-5.153566216389108,-9.80748329469093,0.429463851365759,0.8172902745575775,0.0004701950080140682,0.06055953603341265,5.6468373755608745
385,385,0.7422513028002331,2.084022811077074,-3.970964396127981,-9.80748329469093,0.33091369967733175,0.8172902745575775,0.00010634079275143545,0.06055953603341265,5.5197055734450515
386,386,0.5204184273173,0.42941842500835725,-4.082911720530264,-9.80748329469093,0.340242643377522,0.8172902745575775,1.3190899379478485e-05,0.06055953603341265,4.437972323242402
387,387,1.150958527924842,1.2704408432298306,-8.295570532705728,-9.80748329469093,0.691297544392144,0.8172902745575775,0.027639132609631238,0.06055953603341265,5.029654712439708
388,388,2.5484331365572848,1.230893873084865,-9.808985463895205,-9.808985463895205,0.8174154553246004,0.8174154553246004,0.05061528965423676,0.06055953603341265,1.7822808225174072
389,389,2.5837244514516233,1.2200199765260848,-9.813478635746891,-9.813478635746891,0.8177898863122409,0.8177898863122409,0.049802680456540516,0.06055953603341265,1.7069409564487472
390,390,0.8076590924231448,1.43817240640058,-8.707257615089533,-9.813478635746891,0.7256048012574611,0.8177898863122409,0.01672470550942437,0.06055953603341265,3.192218505061362
391,391,0.9040500268259526,1.2353379213741227,-9.147567587874569,-9.813478635746891,0.7622972989895475,0.8177898863122409,0.0468620566524174,0.06055953603341265,3.6257259061772658
392,392,0.47528688435376876,1.2429622026369351,-9.753286947696445,-9.813478635746891,0.8127739123080371,0.8177898863122409,0.041206150200310744,0.06055953603341265,1.482609363954083
393,393,0.5315462387476404,2.5365290940872924,-8.362696935828188,-9.813478635746891,0.6968914113190157,0.8177898863122409,0.03489360053515293,0.06055953603341265,4.790765399876008
394,394,2.7048084614397534,2.5473580894538816,-8.54450484348344,-9.813478635746891,0.7120420702902867,0.8177898863122409,0.029875278993615303,0.06055953603341265,4.180483834683656
395,395,0.8592916483289526,1.1349339816308768,-9.026160604180545,-9.813478635746891,0.7521800503483788,0.8177898863122409,0.05631331739667049,0.06055953603341265,3.8348919612814143
396,396,2.6159021441825834,0.5268796016760819,-4.225866799186132,-9.813478635746891,0.35215556659884434,0.8177898863122409,0.00016407775941862005,0.06055953603341265,5.057896574814734
397,397,2.4765370365884674,1.1996559161065634,-9.708643077535687,-9.813478635746891,0.8090535897946406,0.8177898863122409,0.05678910352744393,0.06055953603341265,2.287724509754341
398,398,2.7252319025443663,1.2693068052236955,-9.606133278627958,-9.813478635746891,0.8005111065523298,0.8177898863122409,0.03357040398196173,0.06055953603341265,1.5082895954950288
399,399,2.5943798959553694,2.520793590251272,-8.18046381154487,-9.813478635746891,0.6817053176287392,0.8177898863122409,0.03310111313863362,0.06055953603341265,5.088703311194138
400,400,0.7547563260886587,1.2224861556462336,-9.568435601414219,-9.813478635746891,0.797369633451185,0.8177898863122409,0.054496636429489057,0.06055953603341265,2.6820555253203793
401,401,2.4444706467569124,0.7391665005155306,-5.538226226362013,-9.813478635746891,0.46151885219683436,0.8177898863122409,0.005500681985619866,0.06055953603341265,6.852641138171787
402,402,2.4904957093047226,1.2201574552568752,-9.75482525613987,-9.813478635746891,0.8129021046783226,0.8177898863122409,0.05418392171384882,0.06055953603341265,2.0925502671152287
403,403,2.804411259663804,1.212312587328274,-9.43647700995621,-9.813478635746891,0.7863730841630175,0.8177898863122409,0.029634715563250282,0.06055953603341265,1.74533770471092
404,404,2.494770463340829,1.202891688409966,-9.739020010412618,-9.813478635746891,0.8115850008677182,0.8177898863122409,0.055956306085703754,0.06055953603341265,2.1721528244836463
405,405,2.6670614657038767,1.2126170650284185,-9.75828552978723,-9.813478635746891,0.8131904608156025,0.8177898863122409,0.043790562789960456,0.06055953603341265,1.5750812754682357
406,406,2.6072453995104423,2.619710979691873,-9.09858439648754,-9.813478635746891,0.7582153663739617,0.8177898863122409,0.046935499849543795,0.06055953603341265,3.5150275497365158
407,407,2.478860858135438,1.258280147484973,-9.738164877248222,-9.813478635746891,0.8115137397706852,0.8177898863122409,0.04907261954398685,0.06055953603341265,2.0157883944498565
408,408,2.767957460066813,1.1832403102133842,-9.532999004003514,-9.813478635746891,0.7944165836669596,0.8177898863122409,0.03462490057606325,0.06055953603341265,1.7592531705895595
409,409,2.576107802182803,2.4874262441793675,-7.790347701849594,-9.813478635746891,0.6491956418207995,0.8177898863122409,0.028067484764569925,0.06055953603341265,5.611326870041374
410,410,2.822959190231696,1.2550429071796367,-9.334286782692203,-9.813478635746891,0.777857231891017,0.8177898863122409,0.02570413413396253,0.06055953603341265,1.784557330007516
411,411,2.4330754365833522,1.1872885807348983,-9.606495926125419,-9.813478635746891,0.8005413271771182,0.8177898863122409,0.05855518879055677,0.06055953603341265,2.615728549510038
412,412,2.613066450834676,2.7886321737199857,-9.805909533358939,-9.813478635746891,0.8171591277799116,0.8177898863122409,0.04793742884921867,0.06055953603341265,1.637680602248011
413,413,2.673878557764525,1.2736251471093516,-9.695071485457234,-9.813478635746891,0.8079226237881029,0.8177898863122409,0.03724626370853237,0.06055953603341265,1.4700357244371531
414,414,2.9240606932519606,1.1638085415132742,-8.899901641856445,-9.813478635746891,0.7416584701547038,0.8177898863122409,0.017990207460176277,0.06055953603341265,2.3954077772583986
415,415,0.7422513028002331,1.1642184257172026,-9.463297826771383,-9.813478635746891,0.7886081522309486,0.8177898863122409,0.06000162792808941,0.06055953603341265,2.9918379244182915
416,416,2.8869143895245895,1.1545251234278164,-9.066600926002135,-9.813478635746891,0.7555500771668445,0.8177898863122409,0.021689302489352153,0.06055953603341265,2.248626907773769
417,417,2.393528668246653,1.275795268675809,-9.572732887598496,-9.813478635746891,0.7977277406332081,0.8177898863122409,0.046260011183092864,0.06055953603341265,2.4847061061974784
418,418,2.506349405147507,2.6490877345069075,-9.206259023060975,-9.813478635746891,0.7671882519217479,0.8177898863122409,0.056311563875849444,0.06055953603341265,3.4869392954209673
419,419,2.5484331365572848,0.6255921330120862,-4.618698971932473,-9.813478635746891,0.38489158099437276,0.8177898863122409,0.0010610778224681892,0.06055953603341265,6.013355848889621
420,420,2.6684060406245407,1.268875250631054,-9.713187578012988,-9.813478635746891,0.809432298167749,0.8177898863122409,0.03821643164453284,0.06055953603341265,1.4666335899747907
421,421,2.384676655319982,1.2765194071582917,-9.552657800379878,-9.813478635746891,0.7960548166983231,0.8177898863122409,0.04600513428074453,0.06055953603341265,2.540605774306613
422,422,2.5561635644450584,1.2429622026369351,-9.809470011338279,-9.813478635746891,0.8174558342781899,0.8177898863122409,0.04870204455554727,0.06055953603341265,1.7122966779833888
423,423,2.5091070057350064,1.2201300103149757,-9.775702104645626,-9.813478635746891,0.8146418420538022,0.8177898863122409,0.053594081737278955,0.06055953603341265,2.0012216742903775
424,424,2.4251417965453106,1.196574422164837,-9.612043292237203,-9.813478635746891,0.8010036076864336,0.8177898863122409,0.057744780367972384,0.06055953603341265,2.5955290687725636
425,425,0.9056066047657484,1.200207284196951,-9.094186561124172,-9.813478635746891,0.757848880093681,0.8177898863122409,0.05057056608384924,0.06055953603341265,3.7400594295682623
426,426,2.6159021441825834,3.0817993506788257,-8.15098593599932,-9.813478635746891,0.6792488279999432,0.8177898863122409,0.008215299050029051,0.06055953603341265,3.236529176076857
427,427,2.940490097364261,1.2180461218715277,-8.82338589740754,-9.813478635746891,0.735282158117295,0.8177898863122409,0.01602733843416683,0.06055953603341265,2.4150105023912687
428,428,0.6971868688429996,1.1915307306954388,-9.638375309887394,-9.813478635746891,0.8031979424906162,0.8177898863122409,0.05810266846131589,0.06055953603341265,2.52046744067799
429,429,1.0963896267536204,2.9995180845204645,-8.171429783616892,-9.813478635746891,0.6809524819680743,0.8177898863122409,0.013013283300713305,0.06055953603341265,4.402013128134527
430,430,2.7158266754561873,1.2084516755043508,-9.677269457989343,-9.813478635746891,0.8064391214991119,0.8177898863122409,0.03926095142389166,0.06055953603341265,1.585646574765633
431,431,2.5765701465548743,2.4104923938344545,-6.904680429371541,-9.813478635746891,0.5753900357809617,0.8177898863122409,0.015833437554467256,0.06055953603341265,6.35625195168992
432,432,2.497309824549081,1.2201574552568752,-9.76297857559367,-9.813478635746891,0.8135815479661392,0.8177898863122409,0.05398383215228547,0.06055953603341265,2.0583371754455158
433,433,2.586547070979889,1.1438847581787037,-9.64420776811418,-9.813478635746891,0.8036839806761816,0.8177898863122409,0.05391637666819726,0.06055953603341265,2.3028334313411136
434,434,2.619428789535453,1.2659799693667715,-9.770714420446728,-9.813478635746891,0.814226201703894,0.8177898863122409,0.042013262008901625,0.06055953603341265,1.5101095791220587
435,435,2.6670614657038767,1.1462739790594512,-9.631032144962331,-9.813478635746891,0.8025860120801943,0.8177898863122409,0.04643102736898887,0.06055953603341265,2.0514936771295567
436,436,0.6100723276245077,1.24324036358533,-9.797981473400734,-9.813478635746891,0.8164984561167278,0.8177898863122409,0.04977823335472968,0.06055953603341265,1.807025847846262
437,437,2.4910053172543476,1.1907599634227823,-9.710977342103215,-9.813478635746891,0.8092481118419346,0.8177898863122409,0.05718537175717656,0.06055953603341265,2.2767462509417555
438,438,2.4859841512930956,1.3071933952222181,-9.643668129147212,-9.813478635746891,0.8036390107622676,0.8177898863122409,0.04049099788118657,0.06055953603341265,1.9774890547239181
439,439,0.9694696074172355,1.1112409934879923,-8.58362770815359,-9.813478635746891,0.7153023090127992,0.8177898863122409,0.04715745527348409,0.06055953603341265,4.392818503608339
440,440,2.5809018319233576,2.6149670841963006,-9.0407182220152,-9.813478635746891,0.7533931851679333,0.8177898863122409,0.04837767408192106,0.06055953603341265,3.69637218350195
441,441,1.2264035750289992,1.2261887360935826,-8.044821782172205,-9.813478635746891,0.670401815181017,0.8177898863122409,0.027027562593250926,0.06055953603341265,5.287219763547867
442,442,2.613066450834676,1.2194403981400241,-9.80659021682401,-9.813478635746891,0.8172158514020008,0.8177898863122409,0.04778694840989301,0.06055953603341265,1.6304207722839124
443,443,1.0270130560696535,1.2318825068857353,-8.715872492475565,-9.813478635746891,0.7263227077062971,0.8177898863122409,0.039059651013751265,0.06055953603341265,4.3936743291454405
444,444,2.5319939152616247,1.2291869890297682,-9.799497705666601,-9.813478635746891,0.8166248088055501,0.8177898863122409,0.05159093326740074,0.06055953603341265,1.85587058590896
445,445,2.564298740299658,1.0877361681621411,-9.339047093359499,-9.813478635746891,0.7782539244466249,0.8177898863122409,0.0537935773951418,0.06055953603341265,3.1084296458572283
446,446,0.4677883187065992,1.2248426489590174,-9.751668303353652,-9.813478635746891,0.812639025279471,0.8177898863122409,0.042210494771564425,0.06055953603341265,1.5240243219330836
447,447,0.809964555351453,1.275795268675809,-9.424697687434888,-9.813478635746891,0.7853914739529073,0.8177898863122409,0.04489357858127553,0.06055953603341265,2.8958730810400084
448,448,2.5065705195820605,1.2198712947642352,-9.772909821003097,-9.813478635746891,0.8144091517502581,0.8177898863122409,0.05371409373117221,0.06055953603341265,2.014642300405427
449,449,2.1409465618989807,1.2194403981400241,-8.7968994630107,-9.813478635746891,0.7330749552508916,0.8177898863122409,0.04211099635027764,0.06055953603341265,4.256161301464459
450,450,2.5609628184616513,1.287017548788952,-9.742722970527934,-9.813478635746891,0.8118935808773279,0.8177898863122409,0.04198758414845091,0.06055953603341265,1.657585577974615
451,451,1.202900289454879,2.2837575519109694,-6.57974165703503,-9.813478635746891,0.5483118047529192,0.8177898863122409,0.003733277270357812,0.06055953603341265,6.347386978631668
452,452,2.6084793357048754,1.2429622026369351,-9.805243670927261,-9.813478635746891,0.8171036392439385,0.8177898863122409,0.04561344582342186,0.06055953603341265,1.5604953142599953
453,453,0.5315462387476404,1.1843610005244336,-9.765576433826958,-9.813478635746891,0.8137980361522464,0.8177898863122409,0.05069529644074141,0.06055953603341265,1.8495743043549169
454,454,1.2220090757923425,1.1769935512433771,-8.01240073424741,-9.813478635746891,0.6677000611872842,0.8177898863122409,0.029250897870387635,0.06055953603341265,5.152643360891773
455,455,0.9271785133702752,1.257497983648616,-9.077020618657722,-9.813478635746891,0.7564183848881435,0.8177898863122409,0.04252694199155176,0.06055953603341265,3.736427158763348
456,456,2.4993362130692685,2.324132802433656,-5.756869588865155,-9.813478635746891,0.4797391324054296,0.8177898863122409,0.006704095463843854,0.06055953603341265,6.78871075616096
457,457,2.5669669116094664,1.2104692094005718,-9.804325917069239,-9.813478635746891,0.8170271597557699,0.8177898863122409,0.05181285122512287,0.06055953603341265,1.8121630914118754
458,458,1.202900289454879,2.2837575519109694,-6.57974165703503,-9.813478635746891,0.5483118047529192,0.8177898863122409,0.003733277270357812,0.06055953603341265,6.347386978631668
459,459,2.5329593683693035,1.2540252472108393,-9.79155536992913,-9.813478635746891,0.8159629474940941,0.8177898863122409,0.04819345585254474,0.06055953603341265,1.7739019818162234
460,460,0.24656241662277023,1.251348361699369,-9.028597880879472,-9.813478635746891,0.752383156739956,0.8177898863122409,0.019219694415229527,0.06055953603341265,2.1463115933688783
461,461,2.669049704047231,1.228204572154243,-9.757638481438606,-9.813478635746891,0.8131365401198839,0.8177898863122409,0.0423523838935058,0.06055953603341265,1.5160602899363766
462,462,1.3276478758407944,1.2201574552568752,-7.7796084706556,-9.813478635746891,0.6483007058879667,0.8177898863122409,0.02359514708203345,0.06055953603341265,5.55033890122121
463,463,2.5437790459545706,2.2683166743937972,-5.24808512748773,-9.813478635746891,0.4373404272906442,0.8177898863122409,0.003237607091153353,0.06055953603341265,6.520366906125464
464,464,2.9365319419545717,1.2000168966122395,-8.849460030674434,-9.813478635746891,0.7374550025562029,0.8177898863122409,0.01661357164943287,0.06055953603341265,2.4019520771854843
465,465,0.03771415087999874,1.1795229986852627,-7.778147757651099,-9.813478635746891,0.6481789798042582,0.8177898863122409,0.005405579989020926,0.06055953603341265,3.514577232361198
466,466,2.5459728004628173,1.1074341916273138,-9.441402882407974,-9.813478635746891,0.7867835735339979,0.8177898863122409,0.05615329774284445,0.06055953603341265,2.9113097450043313
467,467,0.5721829962381431,1.319016565282252,-9.63679421314649,-9.813478635746891,0.8030661844288742,0.8177898863122409,0.03636696809106762,0.06055953603341265,1.710623678667119
468,468,2.525548369599697,2.7542645173393097,-9.733217046889594,-9.813478635746891,0.8111014205741328,0.8177898863122409,0.056349813022670524,0.06055953603341265,2.168594893241007
469,469,1.2442947419973927,1.2289194356017474,-7.994743618546864,-9.813478635746891,0.6662286348789054,0.8177898863122409,0.026058971807386103,0.06055953603341265,5.350553684822785
470,470,0.6010799583657158,1.2440759533709767,-9.802689595354115,-9.813478635746891,0.8168907996128429,0.8177898863122409,0.04928538657400117,0.06055953603341265,1.7680821718849273
471,471,2.6944236562181345,1.196092797070187,-9.70661711737398,-9.813478635746891,0.808884759781165,0.8177898863122409,0.0421450045320187,0.06055953603341265,1.6407146136360353
472,472,2.5476475729045935,0.16931552673877714,-5.551087112983272,-9.813478635746891,0.46259059274860603,0.8177898863122409,8.361699652317606e-05,0.06055953603341265,4.314875316525306
473,473,2.490747461097077,1.2736251471093516,-9.731506369840426,-9.813478635746891,0.8109588641533688,0.8177898863122409,0.04633706508206207,0.06055953603341265,1.9351978082168841
474,474,2.5319939152616247,1.2099987947203261,-9.786065199563637,-9.813478635746891,0.8155054332969698,0.8177898863122409,0.05375913793982809,0.06055953603341265,1.9532139568132578
475,475,2.5601460057548815,1.2502186787675853,-9.805591614759148,-9.813478635746891,0.8171326345632624,0.8177898863122409,0.04753156374489846,0.06055953603341265,1.6801640247694536
476,476,1.0874669769473755,1.222825659426549,-8.493778982937242,-9.813478635746891,0.7078149152447701,0.8177898863122409,0.03554086999247349,0.06055953603341265,4.714177233427705
477,477,2.6098340729848033,1.275795268675809,-9.757430301923998,-9.813478635746891,0.8131191918269999,0.8177898863122409,0.04126466611164028,0.06055953603341265,1.5285759164465134
478,478,1.0758573821174138,1.1973790574144003,-8.500819575260323,-9.813478635746891,0.7084016312716935,0.8177898863122409,0.03796657818087695,0.06055953603341265,4.655084246766592
479,479,1.0904557994170323,1.230893873084865,-8.490440875619296,-9.813478635746891,0.7075367396349413,0.8177898863122409,0.03471981791116236,0.06055953603341265,4.730479691097642
480,480,2.5837244514516233,1.2200199765260848,-9.813478635746891,-9.813478635746891,0.8177898863122409,0.8177898863122409,0.049802680456540516,0.06055953603341265,1.7069409564487472
481,481,2.5837244614516233,1.2200199765260848,-9.813478635621399,-9.813478635746891,0.8177898863017833,0.8177898863122409,0.04980267980232517,0.06055953603341265,1.706940925665407
482,482,2.5837244514516233,1.2200199865260848,-9.813478640533486,-9.813478640533486,0.8177898867111238,0.8177898867111238,0.04980267943206171,0.06055953603341265,1.7069409095916228
483,483,2.5711752008477284,1.6986794026438063,-6.016259573822937,-9.813478640533486,0.5013549644852447,0.8177898867111238,0.00031852648998851284,0.06055953603341265,4.301113107068879
484,484,2.5711752108477284,1.6986794026438063,-6.0162595791484526,-9.813478640533486,0.5013549649290377,0.8177898867111238,0.0003185264955052395,0.06055953603341265,4.301113111392773
485,485,2.5711752008477284,1.6986794126438063,-6.016259461618846,-9.813478640533486,0.5013549551349038,0.8177898867111238,0.0003185264048423302,0.06055953603341265,4.301113120456918
486,486,2.5834999199937156,1.2285841611280022,-9.815874816574928,-9.815874816574928,0.8179895680479107,0.8179895680479107,0.04890195186997415,0.06055953603341265,1.6707961690307656
487,487,2.5834999299937156,1.2285841611280022,-9.815874816147014,-9.815874816574928,0.8179895680122512,0.8179895680479107,0.04890195123742857,0.06055953603341265,1.6707961389457182
488,488,2.5834999199937156,1.2285841711280021,-9.815874817368902,-9.815874817368902,0.8179895681140752,0.8179895681140752,0.04890195075812679,0.06055953603341265,1.6707961298884726
489,489,2.5824108560670855,1.230393795522914,-9.815987493129148,-9.815987493129148,0.8179989577607624,0.8179989577607624,0.048767332110824985,0.06055953603341265,1.6671355249715702
490,490,2.5824108660670855,1.230393795522914,-9.815987492789708,-9.815987493129148,0.8179989577324757,0.8179989577607624,0.04876733148668095,0.06055953603341265,1.667135494765276
491,491,2.5824108560670855,1.230393805522914,-9.8159874931185,-9.815987493129148,0.8179989577598751,0.8179989577607624,0.048767330978599796,0.06055953603341265,1.6671354873719366
492,492,2.5813019728933693,1.2307073561829667,-9.816014935394143,-9.816014935394143,0.8180012446161786,0.8180012446161786,0.048800686615128167,0.06055953603341265,1.6693234174884708
493,493,2.581301982893369,1.2307073561829667,-9.816014935202984,-9.816014935394143,0.8180012446002487,0.8180012446161786,0.04880068599572084,0.06055953603341265,1.6693233870221462
494,494,2.5813019728933693,1.2307073661829666,-9.816014935279,-9.816014935394143,0.8180012446065833,0.8180012446161786,0.04880068547709049,0.06055953603341265,1.669323380072683
495,495,2.580032245500654,1.2305886119012144,-9.816028051584919,-9.816028051584919,0.8180023376320765,0.8180023376320765,0.048892590575666445,0.06055953603341265,1.673658970428562
496,496,2.580032255500654,1.2305886119012144,-9.81602805158132,-9.816028051584919,0.8180023376317767,0.8180023376320765,0.04889258996050525,0.06055953603341265,1.6736589396221717
497,497,2.580032245500654,1.2305886219012143,-9.816028051573348,-9.816028051584919,0.8180023376311123,0.8180023376320765,0.048892589435616265,0.06055953603341265,1.6736589327946518
498,498,2.5800128015978183,1.2305664367463374,-9.816028068401685,-9.816028068401685,0.8180023390334737,0.8180023390334737,0.04889631456793138,0.06055953603341265,1.6738023534807382
499,499,2.5800128115978183,1.2305664367463374,-9.816028068401653,-9.816028068401685,0.8180023390334711,0.8180023390334737,0.04889631395278568,0.06055953603341265,1.6738023226680525
500,500,2.5800128015978183,1.2305664467463373,-9.816028068401216,-9.816028068401685,0.8180023390334347,0.8180023390334737,0.048896313428047816,0.06055953603341265,1.6738023158249007
