,iter ,BETA_0,GAMMA_0,energy,best_energy,approx_ratio,best_approx_ratio,fidelity,best_fidelity,variance,corr_length,const_kernel,noise_kernel,std_energies,average_distances,nit,time_opt_bayes,time_qaoa,time_opt_kernel,time_step
0,0,1.160242663501367,1.5797807011882392,-7.460382774063813,-7.460382774063813,0.6216985645053178,0.6216985645053178,0.003624295198542613,0.003624295198542613,3.6994636718582896,100.00000000000004,48.16870292272701,2.4565615617651777,0.0,0.0,0,0.0,0.0,0.0,0.0
1,1,0.2233520133169106,0.07621785991797413,-7.019174023460924,-7.460382774063813,0.5849311686217437,0.6216985645053178,0.0020860538867488064,0.003624295198542613,4.072123772538447,100.00000000000004,48.16870292272701,2.4565615617651777,0.0,0.0,0,0.0,0.0,0.0,0.0
2,2,1.303380174253771,3.0191208228809208,-7.715356984189316,-7.715356984189316,0.6429464153491097,0.6429464153491097,0.00864215722768159,0.00864215722768159,4.8858536693276164,100.00000000000004,48.16870292272701,2.4565615617651777,0.0,0.0,0,0.0,0.0,0.0,0.0
3,3,2.378147357170685,0.5195887580631314,-4.020976350938679,-7.715356984189316,0.33508136257822324,0.6429464153491097,0.0001122076739248272,0.00864215722768159,5.669965916073881,100.00000000000004,48.16870292272701,2.4565615617651777,0.0,0.0,0,0.0,0.0,0.0,0.0
4,4,0.602825021019044,1.112644591677991,-9.463808181975013,-9.463808181975013,0.7886506818312511,0.7886506818312511,0.056803885494373,0.056803885494373,2.8714604350577417,100.00000000000004,48.16870292272701,2.4565615617651777,0.0,0.0,0,0.0,0.0,0.0,0.0
5,5,3.06601099314226,1.495268909668073,-7.668571821137831,-9.463808181975013,0.6390476517614859,0.7886506818312511,0.004770778124386122,0.056803885494373,3.6103850196074205,100.00000000000004,48.16870292272701,2.4565615617651777,0.0,0.0,0,0.0,0.0,0.0,0.0
6,6,2.7705829896039282,2.1414043777988314,-5.143454303987623,-9.463808181975013,0.4286211919989686,0.7886506818312511,0.0004515738321609617,0.056803885494373,5.221904100040383,100.00000000000004,48.16870292272701,2.4565615617651777,0.0,0.0,0,0.0,0.0,0.0,0.0
7,7,1.9472571821982991,2.6959719706131033,-7.997664467001244,-9.463808181975013,0.6664720389167703,0.7886506818312511,0.030772803616071445,0.056803885494373,4.947269873600241,100.00000000000004,48.16870292272701,2.4565615617651777,0.0,0.0,0,0.0,0.0,0.0,0.0
8,8,0.8693339186912891,2.3302274199144524,-5.798127917341764,-9.463808181975013,0.48317732644514705,0.7886506818312511,0.005650873921649754,0.056803885494373,6.91127676995432,100.00000000000004,48.16870292272701,2.4565615617651777,0.0,0.0,0,0.0,0.0,0.0,0.0
9,9,1.6997221238434264,0.7469082115312109,-7.383809515380732,-9.463808181975013,0.615317459615061,0.7886506818312511,0.009925427742423283,0.056803885494373,5.050673192322435,100.00000000000004,48.16870292272701,2.4565615617651777,0.0,0.0,0,0.0,0.0,0.0,0.0
10,1,1.9706386725621547,1.4443548154875092,-7.957341015692594,-9.463808181975013,0.6631117513077162,0.7886506818312511,0.01045942430787453,0.056803885494373,4.582368555498121,100.00000000000004,49.4222093686596,2.3002783175487296,5.766761314415627e-07,0.008392830504309834,12,0.13104867935180664,1.8286364078521729,0.19747447967529297,2.157200813293457
11,2,1.870090083801032,1.4786742062943352,-7.708626301276479,-9.463808181975013,0.6423855251063733,0.7886506818312511,0.007311132326684049,0.056803885494373,4.568153674689228,100.00000000000004,50.209448656666765,2.1264664621879916,5.221342218708761e-07,0.007524076552645133,12,0.12897038459777832,1.8205409049987793,0.295926570892334,2.2454802989959717
12,3,1.7864762783184314,1.5077565139934528,-7.579483234363056,-9.463808181975013,0.631623602863588,0.7886506818312511,0.005653485349145481,0.056803885494373,4.405262319738405,100.00000000000004,50.75400909911068,1.9659428205227987,7.951657507026547e-07,0.00786070028711803,13,0.1399853229522705,1.7786548137664795,0.24764680862426758,2.1663222312927246
13,4,1.706411774777227,1.5360572828751198,-7.518420300258293,-9.463808181975013,0.6265350250215244,0.7886506818312511,0.0046432946238903865,0.056803885494373,4.145880106178147,0.6943218538690924,29.817105967228795,9.999999999999997e-06,1.2458353764640936e-06,0.008905093800190356,11,0.12089967727661133,1.9264097213745117,0.26001524925231934,2.3073642253875732
14,5,0.6081071008073022,0.9430674644458329,-8.008900688138592,-9.463808181975013,0.667408390678216,0.7886506818312511,0.03423226111879692,0.056803885494373,5.417156310784932,65.27060202158638,52.088706300471316,1.737002673317456,0.0005841127523619194,0.004237242817142163,14,0.15555572509765625,1.812927007675171,0.32278871536254883,2.291311025619507
15,6,1.329080536145221,1.5671783373765762,-7.506020490016439,-9.463808181975013,0.6255017075013699,0.7886506818312511,0.003987654318958351,0.056803885494373,3.785033055598632,0.5693940522733062,31.926105025969292,9.999999999999997e-06,4.123477276462917e-06,0.008127483416671806,12,0.1480259895324707,1.9548592567443848,0.3595120906829834,2.462454080581665
16,7,0.45362731808562634,1.3203667187130037,-9.522619697506437,-9.522619697506437,0.7935516414588698,0.7935516414588698,0.030431121345132477,0.056803885494373,1.6115415137171851,0.5481012216830929,28.825759894746707,9.999999999999997e-06,0.0005453580442535912,0.0033135635692478817,15,0.1852583885192871,2.039987564086914,0.3546295166015625,2.5799243450164795
17,8,0.6490287573657145,1.27345909371694,-9.733421349300116,-9.733421349300116,0.8111184457750097,0.8111184457750097,0.04634046493780798,0.056803885494373,1.9285616433802346,0.5641335753637545,28.88787782158471,9.999999999999997e-06,0.0008522540709892855,0.00252849465045017,13,0.16321587562561035,1.982004165649414,0.372905969619751,2.518167495727539
18,9,0.5475760986721971,1.2269805957219388,-9.814357057990811,-9.814357057990811,0.8178630881659009,0.8178630881659009,0.04835550278829232,0.056803885494373,1.646757489547113,0.5763926746660183,28.81512358626254,9.999999999999997e-06,0.0007672133954809545,0.002588068853632629,17,0.18781638145446777,2.103318929672241,0.4389793872833252,2.7301573753356934
19,10,0.6008885511561303,1.2238995605512428,-9.803186793851188,-9.814357057990811,0.8169322328209323,0.8178630881659009,0.051857026653982216,0.056803885494373,1.8441909276078832,0.5919137539725796,29.10170176498036,9.999999999999997e-06,0.0005269836386195835,0.00282126416875691,26,0.27609682083129883,1.8466815948486328,0.4386105537414551,2.5614402294158936
20,11,0.5707325821559132,1.2520421198793712,-9.80498626849267,-9.814357057990811,0.8170821890410558,0.8178630881659009,0.04670302574809376,0.056803885494373,1.6410533807748635,0.6075564392988284,29.48189290784456,9.999999999999997e-06,0.0009709963072521504,0.003216859898764726,17,0.18706107139587402,1.8229632377624512,0.3952150344848633,2.405280351638794
21,12,0.5685509219801832,1.2159935094904188,-9.810414782139098,-9.814357057990811,0.8175345651782582,0.8178630881659009,0.05089211957025469,0.056803885494373,1.761297344792311,0.6215946813354504,29.784253281562208,9.999999999999997e-06,0.00031653673511319695,0.0021648987932348486,26,0.291149377822876,1.8222672939300537,0.3781094551086426,2.4915692806243896
22,13,0.5634330089768531,1.22205403770044,-9.814164986451619,-9.814357057990811,0.8178470822043016,0.8178630881659009,0.04993061296566343,0.056803885494373,1.7152949415880983,0.6298455262223104,29.969093116292637,9.999999999999997e-06,0.0008212260167484109,0.0029471077733997605,21,0.23029136657714844,2.1177308559417725,0.5045475959777832,2.8526151180267334
23,14,0.5730046098858038,1.2327565646373777,-9.81484473023622,-9.81484473023622,0.8179037275196851,0.8179037275196851,0.04929705616950133,0.056803885494373,1.702565602431946,0.640650917514981,30.227667458810252,9.999999999999997e-06,0.0009796398545811253,0.0012663558289061731,16,0.23905324935913086,2.0271737575531006,0.49192333221435547,2.7581963539123535
24,15,0.5602335275716109,1.2370174846572337,-9.815125419085136,-9.815125419085136,0.8179271182570947,0.8179271182570947,0.048044854945729874,0.056803885494373,1.6470318127290255,0.6501712734262584,30.453107770516393,9.999999999999997e-06,0.0007467869897942849,0.002956607136610374,26,0.30608248710632324,1.9312477111816406,0.3463857173919678,2.583759307861328
25,16,0.5531855270852677,1.2343428783439854,-9.81442517200657,-9.815125419085136,0.8178687643338809,0.8179271182570947,0.04788334021266478,0.056803885494373,1.6351714441563843,0.6545381883044724,30.57048631453732,9.999999999999997e-06,0.0007392785759511421,0.0012155651876350284,21,0.2508432865142822,1.815640926361084,0.436978816986084,2.503528118133545
26,17,0.5537200071814444,1.2255880852369807,-9.814893966488413,-9.815125419085136,0.817907830540701,0.8179271182570947,0.0489030544534652,0.056803885494373,1.6692838513613424,0.6582979161710024,30.66361173531534,9.999999999999997e-06,0.0005904503881935448,0.0026711504169035115,21,0.2507667541503906,2.026188850402832,0.46129393577575684,2.7382965087890625
27,18,0.5619571241123357,1.2245050221588034,-9.815437697954776,-9.815437697954776,0.8179531414962313,0.8179531414962313,0.04966275465210395,0.056803885494373,1.699525720362459,0.66034828303408,30.715886999391262,9.999999999999997e-06,0.0004302194163488095,0.001959298965525714,24,0.2830233573913574,2.1309540271759033,0.4642758369445801,2.8783011436462402
28,19,0.5695925297514769,1.2301094071938092,-9.81539726979039,-9.815437697954776,0.8179497724825325,0.8179531414962313,0.04942415308893827,0.056803885494373,1.7007466180385649,0.6624052498268471,30.768038890888555,9.999999999999997e-06,0.0007890134069644422,0.002493153971764769,20,0.24045491218566895,1.998892068862915,0.4380033016204834,2.67738938331604
29,20,0.567742862038047,1.233697728310736,-9.81557830341795,-9.81557830341795,0.8179648586181626,0.8179648586181626,0.04892174273433922,0.056803885494373,1.6825452361982656,0.6641830516104612,30.814863652051073,9.999999999999997e-06,0.00044963560722170276,0.0011080067594522538,22,0.23166465759277344,1.8545398712158203,0.5316066741943359,2.6178557872772217
30,21,0.5561452853985716,1.2269536698304901,-9.815230838914836,-9.81557830341795,0.817935903242903,0.8179648586181626,0.04893229152298667,0.056803885494373,1.6713748665461594,0.6657920929712317,30.856066544426177,9.999999999999997e-06,0.0008383481609775098,0.002097416464456588,23,0.2495739459991455,1.819929838180542,0.36185288429260254,2.431408166885376
31,22,0.5553284182847398,1.2300071676180566,-9.81582158052378,-9.81582158052378,0.817985131710315,0.817985131710315,0.048576489444084534,0.056803885494373,1.6576010054874217,0.6670414886894374,30.887658006467586,9.999999999999997e-06,0.0007089754077798075,0.0020709208733070863,20,0.21793150901794434,1.8814411163330078,0.43897414207458496,2.5383877754211426
32,23,0.5572198284175667,1.229242339481068,-9.81616425466923,-9.81616425466923,0.8180136878891026,0.8180136878891026,0.04880393355993284,0.056803885494373,1.6651560755492483,0.668023206124429,30.912885082591412,9.999999999999997e-06,0.0005508861563043753,0.0013076516737446312,20,0.21050453186035156,1.844144582748413,0.37085604667663574,2.425636053085327
33,24,0.5614156190793541,1.2303362435514038,-9.81622982254003,-9.81622982254003,0.8180191518783358,0.8180191518783358,0.04891757766752274,0.056803885494373,1.6741222536616078,0.6694721923325115,30.95077013475906,9.999999999999997e-06,0.0003051641723465789,0.0006682077490733905,20,0.22088336944580078,1.8351445198059082,0.4085831642150879,2.4646708965301514
34,25,0.5614562110802807,1.230349604947795,-9.816372299735969,-9.816372299735969,0.8180310249779974,0.8180310249779974,0.04895479104364381,0.056803885494373,1.6751951379685721,0.6703701586118758,30.97441450394556,9.999999999999997e-06,0.0009637448718861605,0.0007047164948679438,20,0.26898741722106934,2.021549940109253,0.45073938369750977,2.7413382530212402
35,26,0.5615168033073432,1.230373177533211,-9.815971572304107,-9.816372299735969,0.8179976310253423,0.8180310249779974,0.04888250486538508,0.056803885494373,1.6745854355555991,0.6710148273339871,30.99117447529977,9.999999999999997e-06,0.0006392947148164763,0.00048647451897012656,21,0.2502615451812744,2.13716983795166,0.3732736110687256,2.760756015777588
36,27,0.5614818144186071,1.230358703758485,-9.816634894330107,-9.816634894330107,0.8180529078608423,0.8180529078608423,0.04897311001167388,0.056803885494373,1.6743071681956536,0.6714385419599427,31.002395267069875,9.999999999999997e-06,0.0007001565269733782,0.00048638659849104015,21,0.22995924949645996,1.8153603076934814,0.3259267807006836,2.3712923526763916
37,28,0.5615787040959375,1.2303937220179075,-9.815841372182438,-9.816634894330107,0.8179867810152032,0.8180529078608423,0.048970886105994885,0.056803885494373,1.6757272385025317,0.671819152673445,31.012561869019173,9.999999999999997e-06,0.00014044422163906833,0.0002043816695153137,24,0.25541067123413086,1.944831371307373,0.4495556354522705,2.649852991104126
38,29,0.5615149489276952,1.2303721416355389,-9.816053528106794,-9.816634894330107,0.8180044606755662,0.8180529078608423,0.04889131039166138,0.056803885494373,1.675461858056991,0.6720964637736908,31.019635220290194,9.999999999999997e-06,0.0003106670175277971,0.0002789737596577965,24,0.2821972370147705,2.038761854171753,0.4837074279785156,2.80472731590271
39,30,0.5614941524086628,1.2303651715871855,-9.816166520872239,-9.816634894330107,0.8180138767393532,0.8180529078608423,0.04891766287580571,0.056803885494373,1.67409072152995,0.6723181146408509,31.025673251369312,9.999999999999997e-06,0.0003561114264949197,0.0002593100753476547,24,0.2881307601928711,2.006986379623413,0.4301872253417969,2.7253646850585938
40,31,0.5614900479475731,1.2303634048386778,-9.815878317375383,-9.816634894330107,0.8179898597812819,0.8180529078608423,0.04890548386094998,0.056803885494373,1.6748285103337963,0.6725074802582267,31.03040944205506,9.999999999999997e-06,0.00035674900021361635,0.00025930508227310997,24,0.28362298011779785,1.991744041442871,0.3740670680999756,2.64949107170105
41,32,0.5614559477400429,1.2303512288028282,-9.816223316124233,-9.816634894330107,0.8180186096770194,0.8180529078608423,0.04894669105915083,0.056803885494373,1.6742526381445657,0.6726583170664419,31.03442980015328,9.999999999999997e-06,0.0003631039968408437,0.000264218682225598,24,0.28275442123413086,2.017282485961914,0.3796072006225586,2.67969012260437
42,33,0.5614601009406078,1.2303535862757684,-9.816328318230434,-9.816634894330107,0.8180273598525362,0.8180529078608423,0.04896200379431248,0.056803885494373,1.6744849883017565,0.6727802657224483,31.037595823767578,9.999999999999997e-06,0.000362573678538617,0.0002642262918580234,24,0.2626688480377197,1.8219451904296875,0.4445340633392334,2.5291945934295654
43,34,0.5614727988072099,1.2303578006354405,-9.816085955153218,-9.816634894330107,0.8180071629294349,0.8180529078608423,0.04893520241714373,0.056803885494373,1.6741885112672321,0.672894362040435,31.04065031682602,9.999999999999997e-06,0.0003608685711690018,0.00026426527131145417,24,0.2535407543182373,1.8161344528198242,0.3708806037902832,2.4406073093414307
44,35,0.561464699627003,1.230354324933077,-9.815924422364727,-9.816634894330107,0.8179937018637272,0.8180529078608423,0.0488508391924035,0.056803885494373,1.6735536283261183,0.6729963372790959,31.043290378983514,9.999999999999997e-06,0.0003620241477786752,0.00026424368997806757,24,0.261765718460083,1.9283881187438965,0.39278459548950195,2.5830013751983643
45,36,0.5614436404766863,1.2303479834575366,-9.816256117639954,-9.816634894330107,0.8180213431366629,0.8180529078608423,0.048902512060912284,0.056803885494373,1.6733324948577462,0.6730784798037797,31.045469366114343,9.999999999999997e-06,0.0005078203944924662,0.000294273952751585,24,0.28368449211120605,2.0211548805236816,0.3920705318450928,2.6969692707061768
46,37,0.5614493562454449,1.2303500556686637,-9.816192148083575,-9.816634894330107,0.8180160123402979,0.8180529078608423,0.04891933127477038,0.056803885494373,1.6741657073763605,0.6731541982005202,31.047491034486946,9.999999999999997e-06,0.0005073664103690819,0.00029427100286592167,24,0.28391361236572266,2.030183792114258,0.40090274810791016,2.715059280395508
47,38,0.5614512558479439,1.2303505424324075,-9.81590927405732,-9.816634894330107,0.8179924395047767,0.8180529078608423,0.04887097520396087,0.056803885494373,1.674760091321076,0.6732239467198841,31.049303142247126,9.999999999999997e-06,0.0005072922565882491,0.00029427125954945227,24,0.298109769821167,1.8876192569732666,0.39852428436279297,2.5842998027801514
48,39,0.5614346918552704,1.2303448850334686,-9.816111554747657,-9.816634894330107,0.8180092962289714,0.8180529078608423,0.04891058705642025,0.056803885494373,1.6736483608541164,0.6732817463923584,31.050562974211182,9.999999999999997e-06,0.0005088202925846539,0.00029427986845496234,24,0.25830554962158203,1.8399097919464111,0.5020585060119629,2.600332260131836
49,40,0.5614327492032947,1.2303435758858587,-9.81632176607625,-9.816634894330107,0.8180268138396874,0.8180529078608423,0.048890995523267665,0.056803885494373,1.6736152755378413,0.6733344725244854,31.052197988754642,9.999999999999997e-06,0.0005157758737288185,0.00028691029809749035,24,0.29326319694519043,2.0938949584960938,0.3789858818054199,2.766205310821533
50,41,0.5614425403696622,1.2303415496359955,-9.81653412673739,-9.816634894330107,0.8180445105614491,0.8180529078608423,0.048966198286896745,0.056803885494373,1.6743760622382808,0.6733788362817716,31.053660556640384,9.999999999999997e-06,0.0005085557816539984,0.00029430568202254615,24,0.2883882522583008,2.033500909805298,0.48262906074523926,2.8045926094055176
51,42,0.5614570426051658,1.2303521161761712,-9.816041650017219,-9.816634894330107,0.8180034708347682,0.8180529078608423,0.048941419861509246,0.056803885494373,1.6751255487128276,0.6734247929320001,31.054690464006544,9.999999999999997e-06,0.00036238983216128917,0.0002642194030256301,24,0.27929043769836426,2.0137007236480713,0.4683971405029297,2.7614505290985107
52,43,0.5613978731095436,1.2303368422687024,-9.816290063414051,-9.816634894330107,0.8180241719511709,0.8180529078608423,0.0489249811972497,0.056803885494373,1.6740823700399972,0.6734630358627813,31.055694261377106,9.999999999999997e-06,0.0005077764451627367,0.0002943037038218483,24,0.3174126148223877,2.030776262283325,0.3246290683746338,2.6728625297546387
53,44,0.5614545447348329,1.230352190729881,-9.816107743637604,-9.816634894330107,0.8180089786364669,0.8180529078608423,0.04892827409264092,0.056803885494373,1.6740387315248029,0.6735034210805131,31.05667945527613,9.999999999999997e-06,0.0005015433930865987,0.00029307177579634616,24,0.252957820892334,1.9221141338348389,0.40684080123901367,2.581979990005493
54,45,0.5614501457703406,1.230350403854624,-9.816357516546548,-9.816634894330107,0.8180297930455457,0.8180529078608423,0.048926887965281746,0.056803885494373,1.6738626150991252,0.6735335547083923,31.05761501411471,9.999999999999997e-06,0.0005081180595364395,0.000294270369299086,24,0.27095890045166016,1.836380958557129,0.44269680976867676,2.5500850677490234
55,46,0.5614584553627423,1.2303529604692847,-9.816230933354843,-9.816634894330107,0.818019244446237,0.8180529078608423,0.048947764576527955,0.056803885494373,1.6740176326027267,0.6735637748331695,31.05829187089995,9.999999999999997e-06,0.0003618858569788459,0.00026422179493323873,24,0.2632272243499756,1.8496921062469482,0.38529181480407715,2.4982540607452393
56,47,0.5614600021245981,1.2303536974549203,-9.815643234439085,-9.816634894330107,0.8179702695365904,0.8180529078608423,0.048911998145605776,0.056803885494373,1.6746184937840525,0.6736021703685096,31.05931243421094,9.999999999999997e-06,0.00036158608367336663,0.000264225336940023,24,0.2605905532836914,1.9997494220733643,0.5012359619140625,2.761634588241577
57,48,0.5614343965144983,1.2303452943179138,-9.816115673519882,-9.816634894330107,0.8180096394599902,0.8180529078608423,0.0489330464602848,0.056803885494373,1.6742995723960234,0.6736307754350348,31.06009134891288,9.999999999999997e-06,0.0005100522344147825,0.0002942775085228139,24,0.2847409248352051,2.029365301132202,0.3707265853881836,2.6848788261413574
58,49,0.5614317995114316,1.2303442526006043,-9.815872590885558,-9.816634894330107,0.8179893825737965,0.8180529078608423,0.04889958680486413,0.056803885494373,1.6738295224923547,0.6736585487770441,31.060768386271636,9.999999999999997e-06,0.0005166103934799423,0.0002869065660187727,24,0.26261091232299805,1.8257155418395996,0.4371049404144287,2.525482416152954
59,50,0.5614232551947518,1.2303406778453316,-9.816252788842569,-9.816634894330107,0.8180210657368807,0.8180529078608423,0.048903783825382845,0.056803885494373,1.6738483385066587,0.6736811137385823,31.061374298394707,9.999999999999997e-06,0.00045686028611778556,0.00027105481121156885,24,0.272674560546875,1.8085169792175293,0.35511326789855957,2.4363491535186768
60,51,0.5614248980130621,1.2303416962479776,-9.816141821738707,-9.816634894330107,0.8180118184782256,0.8180529078608423,0.04892953296576637,0.056803885494373,1.6741171513490798,0.6737036863200362,31.061966202384937,9.999999999999997e-06,0.0005178963705954844,0.00028692126140626473,24,0.2821767330169678,1.9955260753631592,0.5476436614990234,2.825418710708618
61,52,0.5614261885433626,1.2303427111370833,-9.815513343870515,-9.816634894330107,0.8179594453225429,0.8180529078608423,0.04881444160496549,0.056803885494373,1.6730267800799936,0.6737309622449338,31.062697344409543,9.999999999999997e-06,0.0005179801888366356,0.00028691544376331245,24,0.28955864906311035,2.014953374862671,0.5734372138977051,2.878006935119629
62,53,0.5614065118433443,1.2303340940060479,-9.815657005940853,-9.816634894330107,0.8179714171617377,0.8180529078608423,0.048896651457665787,0.056803885494373,1.6748918243235806,0.6737535075852223,31.063245134718485,9.999999999999997e-06,0.0004565372934241549,0.0002710595907450489,24,0.2986891269683838,2.1003735065460205,0.5089824199676514,2.9081032276153564
63,54,0.561396647942798,1.2303303943243784,-9.816153715584278,-9.816634894330107,0.8180128096320232,0.8180529078608423,0.04893677412225284,0.056803885494373,1.6739789725401408,0.6737721022483005,31.063728696684752,9.999999999999997e-06,0.0004516328818845869,0.0002904181412487571,24,0.29563140869140625,2.150890588760376,0.48392200469970703,2.930513381958008
64,55,0.5613972326167813,1.2303293244399556,-9.816123718062421,-9.816634894330107,0.8180103098385351,0.8180529078608423,0.04891544462248189,0.056803885494373,1.6739767819712625,0.673788432339726,31.064105403788464,9.999999999999997e-06,0.00045177529077609376,0.0002904225051412677,24,0.37122082710266113,2.132152557373047,0.4876418113708496,2.9910776615142822
65,56,0.561363576534264,1.230333827857141,-9.81585080268708,-9.816634894330107,0.81798756689059,0.8180529078608423,0.048890694510271476,0.056803885494373,1.6735972642472348,0.673806712998554,31.064471256486495,9.999999999999997e-06,0.00045177775836354643,0.0002903528336576329,24,0.3395199775695801,2.153280019760132,0.4901885986328125,2.983053684234619
66,57,0.5614006887133829,1.230328387725852,-9.815683641184968,-9.816634894330107,0.817973636765414,0.8180529078608423,0.048869179454670515,0.056803885494373,1.6739585323708326,0.6738248876874494,31.065088109362648,9.999999999999997e-06,0.0009074590463059005,0.000317461969501402,23,0.2798459529876709,2.1517043113708496,0.5325775146484375,2.9641945362091064
67,58,0.5613937701639632,1.2303246095119231,-9.816167201569904,-9.816634894330107,0.8180139334641586,0.8180529078608423,0.04887044935562107,0.056803885494373,1.6737207119277144,0.6738385621652976,31.06526186775869,9.999999999999997e-06,0.0009155939013425543,0.0003174637238386051,23,0.3048367500305176,2.0947108268737793,0.5043702125549316,2.9039833545684814
68,59,0.5613942569781504,1.2303256298878924,-9.815785451902707,-9.816634894330107,0.8179821209918923,0.8180529078608423,0.04886201136016986,0.056803885494373,1.6734590108266616,0.6738554996454751,31.065919413506283,9.999999999999997e-06,0.000914582339789912,0.0003174606878940505,23,0.29027295112609863,2.082326650619507,0.555025577545166,2.927689790725708
69,60,0.5613894999959192,1.230324662336307,-9.815851750681894,-9.816634894330107,0.8179876458901578,0.8180529078608423,0.04893253048890268,0.056803885494373,1.6739408449728614,0.6738696503654028,31.066296481796794,9.999999999999997e-06,0.0009199138930829911,0.00031745680339671583,23,0.2956051826477051,2.024141311645508,0.5378143787384033,2.8576204776763916
70,61,0.5613898758629264,1.2303230053907657,-9.816368017175483,-9.816634894330107,0.8180306680979569,0.8180529078608423,0.048913011437502325,0.056803885494373,1.6734705573379358,0.6738812511236605,31.066529063421413,9.999999999999997e-06,0.0009237175671118668,0.00031746368054695395,23,0.27989673614501953,2.0543699264526367,0.6948859691619873,3.029217481613159
71,62,0.5613909621761304,1.2303253162643268,-9.816341549071037,-9.816634894330107,0.8180284624225864,0.8180529078608423,0.048929210853502936,0.056803885494373,1.6748142177093257,0.6738915905338271,31.06669374072833,9.999999999999997e-06,0.0009197297208254972,0.00031745655847273077,23,0.282243013381958,2.326637029647827,0.47828125953674316,3.0873286724090576
72,63,0.5613923959647209,1.230325241912503,-9.81643286985731,-9.816634894330107,0.8180360724881092,0.8180529078608423,0.048973762347943206,0.056803885494373,1.6748403898069029,0.6739025593386583,31.067003094341437,9.999999999999997e-06,0.0009160916598469672,0.0003174591006891783,23,0.31307315826416016,2.1240692138671875,0.5000593662261963,2.937283754348755
73,64,0.5613949930357482,1.2303264388340276,-9.816239279296141,-9.816634894330107,0.8180199399413451,0.8180529078608423,0.04894297196499111,0.056803885494373,1.6744913730801443,0.6739150984237625,31.067499886246914,9.999999999999997e-06,0.0009111374141089237,0.0003174588997090396,23,0.30532073974609375,2.266591787338257,0.7007861137390137,3.272794723510742
74,65,0.5613950492894078,1.230328042975744,-9.81629345912272,-9.816634894330107,0.8180244549268934,0.8180529078608423,0.04892316970668265,0.056803885494373,1.6746466135108022,0.6739260790573846,31.068067860002817,9.999999999999997e-06,0.0009091965124197972,0.00031745303609880926,23,0.28940558433532715,2.2904560565948486,0.5848054885864258,3.1647369861602783
75,66,0.5613976340978457,1.2303276495739728,-9.815725471103391,-9.816634894330107,0.8179771225919493,0.8180529078608423,0.04886831999873018,0.056803885494373,1.6741160388626355,0.6739367585745267,31.068100682408055,9.999999999999997e-06,0.0004511957172318989,0.00029042847897100296,24,0.32759928703308105,2.2766737937927246,0.5163929462432861,3.120724678039551
76,67,0.5613930314970612,1.2303261187759211,-9.81548148082776,-9.816634894330107,0.81795679006898,0.8180529078608423,0.04885600033231394,0.056803885494373,1.6743684284184752,0.6739477853021234,31.0683454302411,9.999999999999997e-06,0.0009124535497275311,0.00031745683144469893,23,0.30059218406677246,2.072047472000122,0.6218934059143066,2.994593381881714
77,68,0.56138911393745,1.2303234594999084,-9.816170508892807,-9.816634894330107,0.8180142090744006,0.8180529078608423,0.048951041357578454,0.056803885494373,1.6740595357934893,0.6739581946012904,31.06874748136131,9.999999999999997e-06,0.0009212209705657635,0.0003174608067050201,23,0.28737711906433105,2.1306633949279785,0.5135698318481445,2.9316773414611816
78,69,0.5613894396676758,1.2303236081216813,-9.816072989265423,-9.816634894330107,0.8180060824387853,0.8180529078608423,0.04887974479989279,0.056803885494373,1.673139411983911,0.6739696071670697,31.06909400537587,9.999999999999997e-06,0.0009203237010709252,0.0003174607232191749,23,0.2967350482940674,2.1805453300476074,0.6274259090423584,3.1047706604003906
79,70,0.5613890211537353,1.2303237928541453,-9.816054925479103,-9.816634894330107,0.8180045771232586,0.8180529078608423,0.04890570729822946,0.056803885494373,1.6737942023690948,0.6739754150776724,31.069109348315884,9.999999999999997e-06,0.0009206697417936253,0.00031745939741298514,23,0.28424835205078125,2.110665798187256,0.5333783626556396,2.9283525943756104
80,71,0.561390205549381,1.2303238727650072,-9.815973601634473,-9.816634894330107,0.8179978001362062,0.8180529078608423,0.048903431137300994,0.056803885494373,1.67405616150576,0.6739839655964471,31.06932887255623,9.999999999999997e-06,0.0009212184864199755,0.00031746086784280753,23,0.28362083435058594,2.157205104827881,0.5492253303527832,2.9901206493377686
81,72,0.5613882989582794,1.2303218627914794,-9.816061717598258,-9.816634894330107,0.8180051431331882,0.8180529078608423,0.048910976422597785,0.056803885494373,1.6740451771724736,0.6739921605401042,31.069484767968532,9.999999999999997e-06,0.0009227182082827441,0.00031746574360317357,23,0.27935361862182617,2.018944263458252,0.5454585552215576,2.843815803527832
82,73,0.5613892502806865,1.2303231752495054,-9.816173350842318,-9.816634894330107,0.8180144459035265,0.8180529078608423,0.04894154241610182,0.056803885494373,1.6742244998810634,0.6740016165304092,31.06992926364641,9.999999999999997e-06,0.0009231104407974418,0.000317462095348163,23,0.27712082862854004,2.075899362564087,0.5931284427642822,2.9462289810180664
83,74,0.5613877904774599,1.2303230915665386,-9.815888331123599,-9.816634894330107,0.8179906942602999,0.8180529078608423,0.0489086837809677,0.056803885494373,1.6738928308940189,0.6740079239073565,31.070045348318537,9.999999999999997e-06,0.0009222424861708629,0.00031746028851749005,23,0.29364943504333496,2.0648179054260254,0.5871260166168213,2.9456546306610107
84,75,0.5613872054180862,1.2303217677374259,-9.816091524721493,-9.816634894330107,0.8180076270601244,0.8180529078608423,0.048912619208633185,0.056803885494373,1.6738513842830258,0.6740146412271365,31.07012958436974,9.999999999999997e-06,0.0009245269449516679,0.00031746455059960535,23,0.30205225944519043,2.1200711727142334,0.556668758392334,2.9788670539855957
85,76,0.5613868526914848,1.2303215136077512,-9.816191894131535,-9.816634894330107,0.8180159911776279,0.8180529078608423,0.048923990429504544,0.056803885494373,1.6738256371205296,0.6740204649605317,31.070190057524815,9.999999999999997e-06,0.0009245523652172538,0.0003174650390017929,23,0.3257412910461426,2.0792906284332275,0.628889799118042,3.0339770317077637
86,77,0.5613880508704818,1.2303228686234096,-9.816240858851527,-9.816634894330107,0.8180200715709606,0.8180529078608423,0.04894900280246289,0.056803885494373,1.673942435517219,0.6740271453478,31.0703651159146,9.999999999999997e-06,0.0009235613808007421,0.0003174615167981598,23,0.29606151580810547,2.0353870391845703,0.5737447738647461,2.9052586555480957
87,78,0.5613891505441531,1.2303238021546405,-9.81608967876408,-9.816634894330107,0.81800747323034,0.8180529078608423,0.0489041905441153,0.056803885494373,1.6734233691555005,0.6740355841157308,31.07075316846184,9.999999999999997e-06,0.0009220534759191566,0.00031745955336873806,23,0.34033870697021484,2.0544397830963135,0.5592062473297119,2.954045295715332
88,79,0.5613861598507631,1.230322121215418,-9.815560885211838,-9.816634894330107,0.8179634071009865,0.8180529078608423,0.04886992834220967,0.056803885494373,1.675083871639231,0.6740409178873769,31.0707491108311,9.999999999999997e-06,0.0009221416056607375,0.0003174617354045759,23,0.31792354583740234,2.1614294052124023,0.5505955219268799,3.030010223388672
89,80,0.5613858078085927,1.2303216788328548,-9.815850550888456,-9.816634894330107,0.8179875459073713,0.8180529078608423,0.04892536902016886,0.056803885494373,1.674602495448795,0.6740476702594153,31.07099104943837,9.999999999999997e-06,0.0009273205625057435,0.00031746296385165763,23,0.3028140068054199,2.164777994155884,0.6374812126159668,3.105151891708374
90,81,0.5613849453620239,1.2303203829218001,-9.815954848282981,-9.816634894330107,0.8179962373569151,0.8180529078608423,0.04891394048280798,0.056803885494373,1.6739995941577916,0.6740535559078057,31.07114896700554,9.999999999999997e-06,0.0009294950813446182,0.0003174668390387866,23,0.29618167877197266,2.0914716720581055,0.5657503604888916,2.95346736907959
91,82,0.5613857366724528,1.2303206927413894,-9.816139831964895,-9.816634894330107,0.8180116526637412,0.8180529078608423,0.04890752946607523,0.056803885494373,1.673495450324964,0.6740592326551706,31.07130707702153,9.999999999999997e-06,0.0009306067905505815,0.0003174666909598724,23,0.32559657096862793,2.0488715171813965,0.6397883892059326,3.0143165588378906
92,83,0.561385872331231,1.2303216654784432,-9.816122608374794,-9.816634894330107,0.8180102173645661,0.8180529078608423,0.04892779934604302,0.056803885494373,1.674557415475391,0.674067886400912,31.07173607269723,9.999999999999997e-06,0.0009301268882858907,0.0003174631030323365,23,0.3526611328125,2.203068494796753,0.5850937366485596,3.140899658203125
93,84,0.561384624300284,1.2303204317914416,-9.81645325840017,-9.816634894330107,0.8180377715333474,0.8180529078608423,0.04899864133455129,0.056803885494373,1.6743712849543755,0.674069062790962,31.071535586931105,9.999999999999997e-06,0.0009297969531620719,0.0003174662259553281,23,0.3898758888244629,2.240654945373535,0.5893175601959229,3.2199292182922363
94,85,0.561388322069615,1.2303222073948974,-9.815690230503456,-9.816634894330107,0.817974185875288,0.8180529078608423,0.04886697479260141,0.056803885494373,1.6736375362604008,0.6740745808913746,31.071645976683538,9.999999999999997e-06,0.0009267544912085153,0.0003174644491295094,23,0.33910036087036133,2.0352818965911865,0.656965970993042,3.031428575515747
95,86,0.5614696792653666,1.230338478417484,-9.816007751924896,-9.816634894330107,0.8180006459937413,0.8180529078608423,0.048929327606895,0.056803885494373,1.674987653088749,0.6740813673331109,31.07196054931284,9.999999999999997e-06,0.0009301831300411025,0.0003176272353124887,23,0.3963651657104492,2.104729652404785,0.5660953521728516,3.0672478675842285
96,87,0.561376179372613,1.2303184320135523,-9.815836178596408,-9.816634894330107,0.8179863482163673,0.8180529078608423,0.04894990788998568,0.056803885494373,1.6747634749914226,0.6740897815349786,31.072385639099164,9.999999999999997e-06,0.0009314681176679625,0.0003174642991699075,23,0.32752180099487305,2.0494394302368164,0.6242380142211914,3.001286029815674
97,88,0.5613827454938988,1.23032014059576,-9.816307264497066,-9.816634894330107,0.8180256053747555,0.8180529078608423,0.048928826992369556,0.056803885494373,1.6736665907199324,0.674090572515606,31.072103730382935,9.999999999999997e-06,0.000933119870659961,0.0003174649634293086,23,0.33821821212768555,2.352332353591919,0.6156895160675049,3.3063066005706787
98,89,0.5613824904954209,1.2303203560701155,-9.815984041266667,-9.816634894330107,0.8179986701055556,0.8180529078608423,0.04889870328271651,0.056803885494373,1.6742388821954535,0.6740944955184892,31.07220269678291,9.999999999999997e-06,0.0009314610792043753,0.00031746380692077014,23,0.3515026569366455,2.125093936920166,0.6259140968322754,3.1025917530059814
99,90,0.5613811966308813,1.230320205142031,-9.815966234071446,-9.816634894330107,0.8179971861726205,0.8180529078608423,0.04888524717460972,0.056803885494373,1.6737252296203025,0.674099537328738,31.072364452826704,9.999999999999997e-06,0.0009321769840358256,0.0003174628307905356,23,0.34850335121154785,2.0292932987213135,0.6788475513458252,3.0567238330841064
100,91,0.5613812902187771,1.2303188694031169,-9.81626600508228,-9.816634894330107,0.81802216709019,0.8180529078608423,0.04893933503253696,0.056803885494373,1.674011261848321,0.674103966131087,31.072497262935443,9.999999999999997e-06,0.0009329836440639257,0.0003174681773545316,23,0.3990468978881836,2.0465035438537598,0.7037513256072998,3.149381637573242
101,92,0.5613793231175075,1.2303203129299085,-9.815952511635928,-9.816634894330107,0.8179960426363273,0.8180529078608423,0.04888029836585501,0.056803885494373,1.6738680886582102,0.6741074286854328,31.072470571731145,9.999999999999997e-06,0.0009317507138570015,0.000317460251550186,23,0.3907654285430908,2.1627063751220703,0.7170488834381104,3.270585536956787
102,93,0.5613823135665152,1.2303201567172821,-9.815722717933102,-9.816634894330107,0.8179768931610919,0.8180529078608423,0.04884991645423231,0.056803885494373,1.6733113055338151,0.6741127826328492,31.072901679884573,9.999999999999997e-06,0.000932631122463191,0.0003174643672943955,23,0.398331880569458,2.0415539741516113,0.7888953685760498,3.228863477706909
103,94,0.561380014334563,1.2303178675270856,-9.815674501075609,-9.816634894330107,0.8179728750896341,0.8180529078608423,0.048825597384243774,0.056803885494373,1.6733197511905757,0.6741184173537526,31.073095534506233,9.999999999999997e-06,0.0009350221308021467,0.00031747064420014357,23,0.3663773536682129,2.037327527999878,0.6846137046813965,3.088383674621582
104,95,0.5613823036684624,1.2303188781328076,-9.816278670821166,-9.816634894330107,0.8180232225684305,0.8180529078608423,0.048919595654093276,0.056803885494373,1.6737663238727691,0.6741199978596242,31.072887500538553,9.999999999999997e-06,0.000937348100322797,0.00031746936587379954,23,0.3801243305206299,2.0261101722717285,0.6417036056518555,3.0480198860168457
105,96,0.561383078872692,1.2303185736545705,-9.816040317462193,-9.816634894330107,0.818003359788516,0.8180529078608423,0.048882930468981775,0.056803885494373,1.6738970847414834,0.674124012530924,31.0729763947285,9.999999999999997e-06,0.0009360976985569032,0.0003174715245560193,23,0.37128257751464844,2.043790340423584,0.7037258148193359,3.118868827819824
106,97,0.5613824980146084,1.230319715575655,-9.81595024449688,-9.816634894330107,0.8179958537080734,0.8180529078608423,0.04891100856724664,0.056803885494373,1.673885321010431,0.6741277501824721,31.073101018166163,9.999999999999997e-06,0.0009362945828920955,0.0003174663188021952,23,0.40970683097839355,2.163027286529541,0.704364538192749,3.277157783508301
107,98,0.5613810213852231,1.2303178634318213,-9.816000857539908,-9.816634894330107,0.818000071461659,0.8180529078608423,0.0489347073741818,0.056803885494373,1.6753686935529544,0.6741336236876264,31.07317407210104,9.999999999999997e-06,0.0009370382579301568,0.00031747182831518917,23,0.39482617378234863,2.026134967803955,0.8786475658416748,3.299668073654175
108,99,0.5613806361064112,1.2303187032064506,-9.815837067136618,-9.816634894330107,0.8179864222613848,0.8180529078608423,0.04885680763381576,0.056803885494373,1.6737369209543402,0.6741348863629267,31.073293291573904,9.999999999999997e-06,0.000937426504551292,0.00031746806201264014,23,0.39579343795776367,2.036029100418091,0.833153247833252,3.2650580406188965
109,100,0.5613821304799533,1.23031782415007,-9.816266513517286,-9.816634894330107,0.8180222094597739,0.8180529078608423,0.04886624167532835,0.056803885494373,1.6727606219520084,0.6741387539325328,31.073289796432324,9.999999999999997e-06,0.0009387065178311024,0.00031747331211203,23,0.39690399169921875,2.034231185913086,0.7254786491394043,3.1566736698150635
110,101,0.5613821888722843,1.2303184811365988,-9.81622213848169,-9.816634894330107,0.8180185115401408,0.8180529078608423,0.048945279082589596,0.056803885494373,1.674355702523684,0.6741410294163924,31.073364751153765,9.999999999999997e-06,0.0009376544910052377,0.0003174707886976172,23,0.38678526878356934,2.142488956451416,0.8300507068634033,3.359468936920166
111,102,0.5613837774764533,1.2303189761154933,-9.81586556825543,-9.816634894330107,0.8179887973546193,0.8180529078608423,0.04890101902002402,0.056803885494373,1.6743902531555648,0.67414642593397,31.073784476192234,9.999999999999997e-06,0.000936823641020277,0.0003174708251966513,23,0.3937389850616455,2.0440285205841064,0.718280553817749,3.1561100482940674
112,103,0.5613802813852952,1.230318935086208,-9.816643318310604,-9.816643318310604,0.8180536098592169,0.8180536098592169,0.04898204019624326,0.056803885494373,1.6738280235724545,0.67414027381272,31.072604097803087,9.999999999999997e-06,0.0009379729339183065,0.00031746673846348765,23,0.3775031566619873,2.0199670791625977,0.7214705944061279,3.119009017944336
113,104,0.5613804292911174,1.2303188028053373,-9.816206337070705,-9.816643318310604,0.8180171947558921,0.8180536098592169,0.048936367502748816,0.056803885494373,1.6736343076611178,0.6741515789046196,31.073672369863097,9.999999999999997e-06,0.0009453403109624375,0.0003174674297561432,23,0.4025137424468994,2.0380256175994873,0.7184286117553711,3.1590282917022705
114,105,0.5613788475241531,1.2303185395806573,-9.815950686302616,-9.816643318310604,0.8179958905252179,0.8180536098592169,0.04893436908636437,0.056803885494373,1.6741678120237964,0.6741545314046616,31.073826784527295,9.999999999999997e-06,0.0009446596551724931,0.0003174666816044962,23,0.38943982124328613,2.031172275543213,0.7223961353302002,3.14306902885437
115,106,0.5613807440851002,1.230318503062233,-9.815914907388587,-9.816643318310604,0.8179929089490489,0.8180536098592169,0.048908190108472006,0.056803885494373,1.674585008457285,0.6741575287897991,31.07391327260084,9.999999999999997e-06,0.0009453002750401711,0.0003174689766555996,23,0.39080262184143066,2.1589195728302,0.8035883903503418,3.3533761501312256
116,107,0.5613788578809822,1.2303180827772873,-9.81619153320494,-9.816643318310604,0.8180159611004116,0.8180536098592169,0.04891030216488568,0.056803885494373,1.6733698502016097,0.67416056237626,31.073987290646112,9.999999999999997e-06,0.0009461115398874309,0.00031746849652449063,23,0.4005122184753418,2.040712356567383,0.8136916160583496,3.2549829483032227
117,108,0.5613832081038451,1.2303187455920175,-9.816417951683738,-9.816643318310604,0.8180348293069781,0.8180536098592169,0.04896679626268087,0.056803885494373,1.6748380066286188,0.6741640912312067,31.074139816590012,9.999999999999997e-06,0.0009455541850912782,0.00031747100982024634,23,0.4097921848297119,2.019482135772705,0.7623405456542969,3.1916749477386475
118,109,0.5613815881104209,1.230320298334847,-9.81584884462073,-9.816643318310604,0.8179874037183942,0.8180536098592169,0.04888065569060744,0.056803885494373,1.6735376453042505,0.6741657197581283,31.074098675362844,9.999999999999997e-06,0.0009437875049181692,0.0003174629341299124,23,0.3867168426513672,2.039733648300171,0.7015261650085449,3.128037691116333
119,110,0.5613852512217784,1.23031955535238,-9.81605754486276,-9.816643318310604,0.81800479540523,0.8180536098592169,0.04893725621545755,0.056803885494373,1.674398311331558,0.6741698866965854,31.074220028792226,9.999999999999997e-06,0.000945032150460451,0.0003174704769121405,23,0.4024200439453125,2.1238772869110107,0.7653355598449707,3.291691780090332
120,111,0.5613795912536691,1.2303178542009179,-9.815986071754844,-9.816643318310604,0.8179988393129037,0.8180536098592169,0.04893290322984169,0.056803885494373,1.6743381831076078,0.674171662227737,31.074085857433435,9.999999999999997e-06,0.0009451373909276583,0.00031747021714843707,23,0.3757772445678711,2.019793748855591,1.0591371059417725,3.4547698497772217
121,112,0.5613833477098421,1.2303185821353646,-9.815842540108891,-9.816643318310604,0.8179868783424076,0.8180536098592169,0.048926200180064106,0.056803885494373,1.6746265699306377,0.6741708461468223,31.074042865853407,9.999999999999997e-06,0.0009455533637396243,0.00031747182916986373,23,0.38843727111816406,2.0523555278778076,0.8694062232971191,3.310255527496338
122,113,0.561378723477411,1.2303171329663734,-9.815978762272112,-9.816643318310604,0.8179982301893426,0.8180536098592169,0.04894894200330934,0.056803885494373,1.6749406901442683,0.6741755495693058,31.07412783934169,9.999999999999997e-06,0.000946676550158408,0.0003174721138139103,23,0.4157557487487793,2.055063486099243,0.917107343673706,3.387990713119507
123,114,0.5613770896553636,1.2303168977640868,-9.815933131303902,-9.816643318310604,0.8179944276086585,0.8180536098592169,0.04890971989531953,0.056803885494373,1.6742077024042885,0.6741794576344347,31.074511598834622,9.999999999999997e-06,0.0009470734133715894,0.00031747130813472834,23,0.41016292572021484,2.1165459156036377,0.8249807357788086,3.3517489433288574
124,115,0.561382060800566,1.230319127740975,-9.816095930369276,-9.816643318310604,0.8180079941974396,0.8180536098592169,0.04887836123091348,0.056803885494373,1.6729132657023342,0.6741815596029004,31.074546476112076,9.999999999999997e-06,0.0009476222429301412,0.0003174680883446611,23,0.39867377281188965,2.056112289428711,0.8578472137451172,3.31270432472229
125,116,0.5613826957538968,1.2303189419920673,-9.816294523283785,-9.816643318310604,0.8180245436069821,0.8180536098592169,0.048917054799590395,0.056803885494373,1.6745513607856992,0.67417948027839,31.074089938487187,9.999999999999997e-06,0.0009475061036649379,0.00031746959782352323,23,0.3939361572265625,2.0232045650482178,0.7550675868988037,3.1722769737243652
126,117,0.5613789818443947,1.2303192509222272,-9.816261002899125,-9.816643318310604,0.8180217502415937,0.8180536098592169,0.048974421035562404,0.056803885494373,1.6745983993601072,0.6741874584329282,31.074830256482663,9.999999999999997e-06,0.0009464721360980259,0.00031746403044158946,23,0.3989903926849365,2.037201166152954,0.8047080039978027,3.2409555912017822
127,118,0.5613807722152945,1.2303181360264566,-9.815758287830247,-9.816643318310604,0.8179798573191873,0.8180536098592169,0.048913658562685744,0.056803885494373,1.6747215676373628,0.6741884652538926,31.074713274102272,9.999999999999997e-06,0.0009456262116085419,0.00031747045815186414,23,0.43886756896972656,2.1064839363098145,0.8703150749206543,3.415724754333496
128,119,0.5613825076239859,1.2303188770583973,-9.816431320176667,-9.816643318310604,0.8180359433480556,0.8180536098592169,0.04896837392591172,0.056803885494373,1.674182296671404,0.6741929024877198,31.075005293346926,9.999999999999997e-06,0.0009469873524346571,0.0003174696206765076,23,0.3160696029663086,2.0926525592803955,0.8501126766204834,3.2588951587677
129,120,0.5613817628447666,1.2303208674385766,-9.815809350969701,-9.816643318310604,0.8179841125808084,0.8180536098592169,0.04895567279847071,0.056803885494373,1.6742417196173136,0.6741923992869759,31.075142630147656,9.999999999999997e-06,0.0009453680396211727,0.00031746092722730897,23,0.3750898838043213,2.029651403427124,0.9546327590942383,3.35943341255188
130,121,0.5613855285318282,1.23031907364429,-9.815825816706827,-9.816643318310604,0.8179854847255689,0.8180536098592169,0.048889507482641606,0.056803885494373,1.6741541739000212,0.6741915659005879,31.074413649989438,9.999999999999997e-06,0.000946667944028992,0.0003174727355656928,23,0.3608670234680176,2.0260472297668457,1.0545680522918701,3.441544532775879
131,122,0.5613820157960452,1.2303194814862939,-9.816404853517634,-9.816643318310604,0.8180337377931362,0.8180536098592169,0.04895127304450728,0.056803885494373,1.6744617424485,0.6741963106224304,31.074878582331976,9.999999999999997e-06,0.000947801997404225,0.0003174666455589332,23,0.38582348823547363,2.0468642711639404,0.8515169620513916,3.2842633724212646
132,123,0.5613814397951237,1.230319124396278,-9.815572761491028,-9.816643318310604,0.817964396790919,0.8180536098592169,0.04890228403218302,0.056803885494373,1.67421837962155,0.6741993501909784,31.075016054679146,9.999999999999997e-06,0.0009463151737547228,0.00031746735305594807,23,0.40717458724975586,2.0790576934814453,0.8678662776947021,3.354156494140625
133,124,0.5613808990801719,1.2303181654948336,-9.816086623039935,-9.816643318310604,0.8180072185866613,0.8180536098592169,0.04893331252688564,0.056803885494373,1.6735992632919476,0.6742045181841405,31.075127594077756,9.999999999999997e-06,0.0009484586203144976,0.0003174704903440998,23,0.39920949935913086,2.0193533897399902,0.861365556716919,3.2799906730651855
134,125,0.5613843198912487,1.230319318328499,-9.816076502245245,-9.816643318310604,0.8180063751871037,0.8180536098592169,0.04892600629463852,0.056803885494373,1.6741297229353762,0.6742030691317713,31.075097517829207,9.999999999999997e-06,0.0009483939874243771,0.0003174701806979899,23,0.4205513000488281,2.042813539505005,1.007713794708252,3.4711368083953857
135,126,0.5613818966146309,1.230318324637185,-9.815782206165963,-9.816643318310604,0.8179818505138302,0.8180536098592169,0.04885294947277637,0.056803885494373,1.6739321009423236,0.6741966028471864,31.074268567486335,9.999999999999997e-06,0.0009483593450693568,0.0003174710508033431,23,0.39670324325561523,2.0635504722595215,0.9887580871582031,3.4490723609924316
136,127,0.5613825792159497,1.2303187285376933,-9.8162376207672,-9.816643318310604,0.8180198017306001,0.8180536098592169,0.048950366381229474,0.056803885494373,1.6744905302075637,0.6742060477137349,31.07527557071944,9.999999999999997e-06,0.0009494807398630351,0.0003174702933348824,23,0.3663313388824463,2.0838468074798584,0.8131794929504395,3.2634172439575195
137,128,0.5613823040937838,1.2303186893525215,-9.816394035183295,-9.816643318310604,0.8180328362652746,0.8180536098592169,0.04894161154941713,0.056803885494373,1.6741821000406247,0.6742093664437611,31.07532853998817,9.999999999999997e-06,0.0009487995178004266,0.0003174701092745067,23,0.40658140182495117,2.106243133544922,0.8257632255554199,3.3386518955230713
138,129,0.5613818181941488,1.2303176225372918,-9.81619219786784,-9.816643318310604,0.8180160164889867,0.8180536098592169,0.048897236722311534,0.056803885494373,1.67345578058422,0.6742107874397674,31.075288685687262,9.999999999999997e-06,0.0009475033780814719,0.0003174737318186524,23,0.3960394859313965,2.0249555110931396,1.0203285217285156,3.4413797855377197
139,130,0.5613790637760372,1.2303181927403086,-9.815595071567396,-9.816643318310604,0.8179662559639497,0.8180536098592169,0.04883789253982669,0.056803885494373,1.6731118276837122,0.6742067352519283,31.074807749814983,9.999999999999997e-06,0.0009470531970116095,0.00031746828924958306,23,0.4264869689941406,2.0261738300323486,1.0313191413879395,3.484039545059204
140,131,0.5613837315931186,1.2303180241163876,-9.815630153971384,-9.816643318310604,0.8179691794976153,0.8180536098592169,0.04888711605946452,0.056803885494373,1.6742438578989862,0.6742137234340856,31.075339172808224,9.999999999999997e-06,0.0009487918749349366,0.0003174745172237958,23,0.40369081497192383,2.0509610176086426,0.995042085647583,3.449763059616089
141,132,0.5613825192157643,1.2303179966536948,-9.81605621291295,-9.816643318310604,0.8180046844094124,0.8180536098592169,0.04892078702624875,0.056803885494373,1.6742575193498652,0.6742098198783038,31.074672509691073,9.999999999999997e-06,0.000950422771247113,0.00031747310603141854,23,0.4015195369720459,2.112053632736206,1.021153450012207,3.534789800643921
142,133,0.5613816558070751,1.2303195130881768,-9.816448725629293,-9.816643318310604,0.8180373938024411,0.8180536098592169,0.04895967357206794,0.056803885494373,1.6746630529700184,0.6742118520083457,31.074794791932003,9.999999999999997e-06,0.0009504512709003452,0.0003174660865903668,23,0.39407873153686523,2.033857583999634,0.9947977066040039,3.4227938652038574
143,134,0.5613842859990581,1.2303192270197774,-9.815618448413147,-9.816643318310604,0.8179682040344289,0.8180536098592169,0.048874060589326425,0.056803885494373,1.6741063638001492,0.6742197540671884,31.075268947974628,9.999999999999997e-06,0.000948957424389655,0.0003174704948295407,23,0.40902042388916016,2.0119590759277344,1.0633606910705566,3.4844002723693848
144,135,0.5613817063133578,1.2303185918698067,-9.816052671408542,-9.816643318310604,0.8180043892840452,0.8180536098592169,0.048927597206031195,0.056803885494373,1.6742479418476108,0.6742246125707959,31.07568708711841,9.999999999999997e-06,0.0009507190798319444,0.0003174697675683542,23,0.37027716636657715,2.062814950942993,0.9640810489654541,3.3972339630126953
145,136,0.5613810359785815,1.230317098061974,-9.815893616016114,-9.816643318310604,0.8179911346680094,0.8180536098592169,0.04894932232961384,0.056803885494373,1.675219033468764,0.6742226950384029,31.075604655183454,9.999999999999997e-06,0.0009507588171699042,0.0003174748802815419,23,0.40797948837280273,2.1090593338012695,0.946807861328125,3.463904857635498
146,137,0.5613826068696967,1.230318107577408,-9.815947390696222,-9.816643318310604,0.8179956158913518,0.8180536098592169,0.04895613940406204,0.056803885494373,1.6747170845620332,0.674229116774172,31.07620273491404,9.999999999999997e-06,0.0009512871242959961,0.00031747277587784544,23,0.39652204513549805,2.0325281620025635,0.9853665828704834,3.4144768714904785
147,138,0.5613810692518029,1.2303168065396985,-9.816213745548085,-9.816643318310604,0.818017812129007,0.8180536098592169,0.04895933190018484,0.056803885494373,1.6749665748266693,0.6742249014440084,31.07574230252105,9.999999999999997e-06,0.0009516770476046747,0.0003174760787974809,23,0.4015781879425049,2.108597755432129,1.0372710227966309,3.5475146770477295
148,139,0.5613803512381591,1.2303170970183093,-9.816312708526247,-9.816643318310604,0.818026059043854,0.8180536098592169,0.04891881162490248,0.056803885494373,1.6739303232274096,0.6742263137530912,31.075618860090522,9.999999999999997e-06,0.0009512197188743909,0.00031747408639920603,23,0.41645359992980957,2.0915629863739014,1.0658698081970215,3.5739550590515137
149,140,0.5613841367657333,1.2303179474935606,-9.816498328042028,-9.816643318310604,0.8180415273368357,0.8180536098592169,0.04901147391629642,0.056803885494373,1.6744771476217721,0.6742228753558661,31.07507473436245,9.999999999999997e-06,0.0009504642176911615,0.00031747533956424023,23,0.4060847759246826,2.018230676651001,1.0377473831176758,3.462202548980713
150,141,0.5613854991319169,1.2303200724370569,-9.815930765872372,-9.816643318310604,0.8179942304893643,0.8180536098592169,0.04888419222083179,0.056803885494373,1.6737709470436215,0.6742293850858377,31.075700527769147,9.999999999999997e-06,0.0009489638065329311,0.0003174687874008434,23,0.4040346145629883,2.1162667274475098,0.9930508136749268,3.513422727584839
151,142,0.5613828040309087,1.2303193767388287,-9.815733489435068,-9.816643318310604,0.8179777907862557,0.8180536098592169,0.04886495425089275,0.056803885494373,1.6735524455661732,0.6742320746939646,31.075852443602134,9.999999999999997e-06,0.0009495159953403925,0.0003174680252480948,23,0.4061098098754883,2.226240634918213,1.21026611328125,3.842679262161255
152,143,0.561383455328312,1.2303183841557543,-9.816229868304132,-9.816643318310604,0.818019155692011,0.8180536098592169,0.048856799379816455,0.056803885494373,1.67281991643965,0.6742337648818221,31.075933803760332,9.999999999999997e-06,0.0009507322687999959,0.00031747274534372436,23,0.4026608467102051,2.116834878921509,0.9917614459991455,3.511314630508423
153,144,0.5613832422759611,1.2303192640114424,-9.815796940799009,-9.816643318310604,0.8179830783999175,0.8180536098592169,0.0488508709390591,0.056803885494373,1.6736018012008742,0.6742381513521236,31.076043619719933,9.999999999999997e-06,0.0009501680034989982,0.00031746901582468295,23,0.40386199951171875,2.0186707973480225,0.9735748767852783,3.396167516708374
154,145,0.5613842435374945,1.2303177641025793,-9.815752565462068,-9.816643318310604,0.8179793804551724,0.8180536098592169,0.04890104578041766,0.056803885494373,1.6743039971133982,0.6742356447243181,31.07588464554219,9.999999999999997e-06,0.0009511289186266397,0.00031747620246478053,23,0.3957180976867676,2.130110502243042,1.1048321723937988,3.630720615386963
155,146,0.5613814200729274,1.2303173659138587,-9.81578635706426,-9.816643318310604,0.8179821964220216,0.8180536098592169,0.04882331465017859,0.056803885494373,1.6731225070622315,0.6742376580325405,31.076016992783686,9.999999999999997e-06,0.0009521183490350195,0.0003174742718264135,23,0.39814209938049316,2.1350834369659424,1.0178816318511963,3.5511739253997803
156,147,0.5613827866245192,1.2303170238318821,-9.815713900954856,-9.816643318310604,0.8179761584129047,0.8180536098592169,0.04890232030231265,0.056803885494373,1.674384062875248,0.6742404678143848,31.076391106859276,9.999999999999997e-06,0.0009529094752836184,0.0003174772917231312,23,0.4560878276824951,2.1992971897125244,0.9563961029052734,3.611845016479492
157,148,0.5613825438676724,1.2303194010788552,-9.816052791626985,-9.816643318310604,0.8180043993022488,0.8180536098592169,0.04893512870019428,0.056803885494373,1.6739551385313973,0.6742408653168515,31.07607886141089,9.999999999999997e-06,0.0009538731133115386,0.00031746760750428336,23,0.39777660369873047,2.0416650772094727,1.1774365901947021,3.616953134536743
158,149,0.5613851203556297,1.2303175167242903,-9.816366835532524,-9.816643318310604,0.8180305696277103,0.8180536098592169,0.04890296934032036,0.056803885494373,1.673013943869222,0.674238879702788,31.075319558231705,9.999999999999997e-06,0.000953886573782593,0.0003174783289602583,23,0.402477502822876,2.0342843532562256,1.16786527633667,3.6046841144561768
159,150,0.5613794670419815,1.2303152080148063,-9.815944080663886,-9.816643318310604,0.8179953400553238,0.8180536098592169,0.04891321227216901,0.056803885494373,1.6744262462896984,0.6742428912097919,31.076143881569298,9.999999999999997e-06,0.0009529634175708053,0.0003174806284075693,23,0.4108872413635254,2.14212703704834,1.1577730178833008,3.7108471393585205
160,151,0.5613833083167031,1.2303173226763087,-9.816128431892228,-9.816643318310604,0.8180107026576856,0.8180536098592169,0.048933684569073634,0.056803885494373,1.6744406417703175,0.6742445978295355,31.07623027594319,9.999999999999997e-06,0.0009532048099752195,0.0003174767573186976,23,0.4300224781036377,2.202563762664795,1.0421984195709229,3.674839496612549
161,152,0.561386423265299,1.2303182541574456,-9.816190458013875,-9.816643318310604,0.8180158715011562,0.8180536098592169,0.0489078259890315,0.056803885494373,1.6732106217498597,0.6742454967783766,31.076215430315926,9.999999999999997e-06,0.0009530057459592584,0.00031747717222385273,23,0.40117573738098145,2.005192995071411,1.1795680522918701,3.58599591255188
162,153,0.5613808589804524,1.2303166993961208,-9.815776093311246,-9.816643318310604,0.8179813411092706,0.8180536098592169,0.048867084463782656,0.056803885494373,1.6743026297940702,0.6742466543372201,31.076244170905802,9.999999999999997e-06,0.0009525838330023013,0.0003174762583256456,23,0.39162635803222656,2.0268306732177734,1.125178575515747,3.543694019317627
163,154,0.5613862477011899,1.230318586733627,-9.815722287021531,-9.816643318310604,0.8179768572517943,0.8180536098592169,0.048915170075727425,0.056803885494373,1.6751878375698226,0.6742476517552505,31.07626628706844,9.999999999999997e-06,0.0009532923964214957,0.0003174756223263606,23,0.4079861640930176,2.0829713344573975,1.2846457958221436,3.7756688594818115
164,155,0.5613811463012062,1.2303167616466237,-9.816051101316642,-9.816643318310604,0.8180042584430535,0.8180536098592169,0.04892763493366342,0.056803885494373,1.6741456023227386,0.6742488346207505,31.07626701192874,9.999999999999997e-06,0.0009543508899527385,0.00031747634840945474,23,0.4121286869049072,2.0347654819488525,1.1778602600097656,3.624814748764038
165,156,0.5613841946918713,1.2303177203663314,-9.81594348394669,-9.816643318310604,0.8179952903288908,0.8180536098592169,0.04885895968327375,0.056803885494373,1.6740109888343682,0.6742496885192718,31.07627217740953,9.999999999999997e-06,0.000954360117776819,0.00031747631235304823,23,0.4233865737915039,2.020420789718628,1.1284112930297852,3.572277784347534
166,157,0.5613811487372312,1.2303172607958435,-9.816147562849064,-9.816643318310604,0.8180122969040887,0.8180536098592169,0.048959268245579154,0.056803885494373,1.6748569375527325,0.6742503167915272,31.076266037759233,9.999999999999997e-06,0.0009546689598953525,0.0003174743669806771,23,0.41065216064453125,2.0347135066986084,1.089857578277588,3.535292148590088
167,158,0.5613842223446274,1.2303178883582968,-9.81583520794815,-9.816643318310604,0.8179862673290125,0.8180536098592169,0.048896313893828085,0.056803885494373,1.674778082424254,0.67425232768239,31.0763913047323,9.999999999999997e-06,0.0009544353351379922,0.00031747568376247655,23,0.4153733253479004,2.1211321353912354,1.2141077518463135,3.750673532485962
168,159,0.5613818571410764,1.2303174254820886,-9.815975468792292,-9.816643318310604,0.817997955732691,0.8180536098592169,0.04891104008564402,0.056803885494373,1.674046428954611,0.6742534425819602,31.076426367117552,9.999999999999997e-06,0.000955043833289483,0.00031747455983383304,23,0.4017477035522461,1.990788459777832,1.1802539825439453,3.572848320007324
169,160,0.5613811444325,1.2303184450044444,-9.815947967790423,-9.816643318310604,0.8179956639825353,0.8180536098592169,0.04891214565999949,0.056803885494373,1.6742820700283687,0.6742543045673768,31.07626994915974,9.999999999999997e-06,0.0009552376736840443,0.00031746967621699404,23,0.4114513397216797,2.0089528560638428,1.2604460716247559,3.6809115409851074
170,161,0.5613806945147195,1.2303157403169311,-9.81571867043916,-9.816643318310604,0.81797655586993,0.8180536098592169,0.04886649175215294,0.056803885494373,1.6741341136942367,0.6742552135296935,31.07645637478236,9.999999999999997e-06,0.0009555188278321338,0.0003174798960326799,23,0.4061887264251709,2.1770191192626953,1.4603610038757324,4.043647766113281
171,162,0.5613836022504016,1.230316214600874,-9.816059172661893,-9.816643318310604,0.8180049310551577,0.8180536098592169,0.04886710078433455,0.056803885494373,1.6735644193107362,0.6742564029543459,31.076503940812255,9.999999999999997e-06,0.000956170868243977,0.00031748153704214707,23,0.44323205947875977,2.1745920181274414,1.3352479934692383,3.9531564712524414
172,163,0.5613831155144487,1.2303184611031035,-9.815943956952706,-9.816643318310604,0.8179953297460588,0.8180536098592169,0.0489113751548266,0.056803885494373,1.6744586495494644,0.6742568160573257,31.076297414538665,9.999999999999997e-06,0.0009561495772897779,0.0003174720139408961,23,0.4479553699493408,2.226978302001953,1.2583110332489014,3.933307409286499
173,164,0.5613840638214446,1.2303180392167652,-9.816302634506538,-9.816643318310604,0.8180252195422115,0.8180536098592169,0.04891854344604448,0.056803885494373,1.6737873023588747,0.6742571532185593,31.076439565366698,9.999999999999997e-06,0.0009564337674276819,0.000317474883234059,23,0.463284969329834,2.1681835651397705,1.3925836086273193,4.024129390716553
174,165,0.5613801677208542,1.2303188678368149,-9.816181003005642,-9.816643318310604,0.8180150835838035,0.8180536098592169,0.04894306014227656,0.056803885494373,1.6747063376444515,0.6742598985794273,31.076603461994672,9.999999999999997e-06,0.0009557661399813435,0.0003174668723424991,23,0.47118139266967773,2.1265950202941895,1.2722160816192627,3.8700602054595947
175,166,0.5613817185781561,1.2303177017116185,-9.816343331304651,-9.816643318310604,0.8180286109420543,0.8180536098592169,0.04894941098725738,0.056803885494373,1.6745292965550789,0.6742601251351906,31.076555575944006,9.999999999999997e-06,0.0009554251823929345,0.0003174732982708049,23,0.45353078842163086,2.1476681232452393,1.4870712757110596,4.088334083557129
176,167,0.5613826181492285,1.2303170435467081,-9.815809876723161,-9.816643318310604,0.8179841563935968,0.8180536098592169,0.04888876282119006,0.056803885494373,1.6734452202216659,0.6742607549870417,31.076121987042615,9.999999999999997e-06,0.0009547152480770632,0.00031747700494745877,23,0.4620544910430908,2.251358985900879,1.260148525238037,3.973626136779785
177,168,0.5613810086280187,1.2303166328747854,-9.816218907614257,-9.816643318310604,0.818018242301188,0.8180536098592169,0.048909606162896024,0.056803885494373,1.6733499119889785,0.6742645885774124,31.076786492634163,9.999999999999997e-06,0.0009552814638047565,0.00031747669893126195,23,0.44938206672668457,2.160127639770508,1.3830451965332031,3.992630958557129
178,169,0.5613829812985107,1.2303175097732693,-9.816055016352156,-9.816643318310604,0.818004584696013,0.8180536098592169,0.04892233933751504,0.056803885494373,1.674373540085213,0.67426400112809,31.07638558894887,9.999999999999997e-06,0.0009549266939616383,0.000317475605681514,23,0.44875502586364746,2.1552939414978027,1.4218699932098389,4.0259926319122314
179,170,0.5613762203162056,1.2303165426624105,-9.816029504222069,-9.816643318310604,0.8180024586851724,0.8180536098592169,0.048938172480228526,0.056803885494373,1.6755543099893515,0.6742665856492714,31.077133420324948,9.999999999999997e-06,0.0009549234087949061,0.00031747183536987196,23,0.458179235458374,2.141519069671631,1.4402844905853271,4.040050268173218
180,171,0.5613765408890163,1.2303156725586382,-9.815815034495207,-9.816643318310604,0.8179845862079339,0.8180536098592169,0.04892858748743657,0.056803885494373,1.6748919026097013,0.6742689507300288,31.07748715637292,9.999999999999997e-06,0.0009549607606516475,0.0003174756378851434,23,0.4513437747955322,2.142049551010132,1.328434705734253,3.9219040870666504
181,172,0.5613807810740633,1.230317969023288,-9.815365037911134,-9.816643318310604,0.8179470864925945,0.8180536098592169,0.04887791379027207,0.056803885494373,1.6749889154678215,0.6742666099436946,31.076764334928114,9.999999999999997e-06,0.000955339723283486,0.00031747112862141923,23,0.44921422004699707,2.1968419551849365,1.396131992340088,4.0422539710998535
182,173,0.5613851172053788,1.2303198537209976,-9.81624952872537,-9.816643318310604,0.8180207940604475,0.8180536098592169,0.04897233518937134,0.056803885494373,1.6750564784421442,0.674267954427758,31.07687551497585,9.999999999999997e-06,0.0009569220381432433,0.0003174691317506168,23,0.44452810287475586,2.148719549179077,1.3537180423736572,3.9470322132110596
183,174,0.5613917740902741,1.2303179162603095,-9.816377227911747,-9.816643318310604,0.8180314356593122,0.8180536098592169,0.04894332614372014,0.056803885494373,1.6736528648303306,0.6742674516403021,31.076582891995738,9.999999999999997e-06,0.0009563254354100307,0.0003174863505263357,23,0.4541182518005371,2.18072509765625,1.6172688007354736,4.252184867858887
184,175,0.5613858896525776,1.2303170296954167,-9.815862205803484,-9.816643318310604,0.8179885171502903,0.8180536098592169,0.048921977209629486,0.056803885494373,1.6744633709842134,0.6742700215712568,31.076818550764177,9.999999999999997e-06,0.0009553964151060113,0.00031748128864200054,23,0.4654405117034912,2.2010657787323,1.6906850337982178,4.357253074645996
185,176,0.561391619323809,1.2303187024025093,-9.815938911427075,-9.816643318310604,0.8179949092855896,0.8180536098592169,0.04894422640391878,0.056803885494373,1.6745512412595787,0.6742691436924801,31.07670638618728,9.999999999999997e-06,0.000955828071764965,0.0003174830208205747,23,0.4598691463470459,2.258108615875244,1.619126796722412,4.33716893196106
186,177,0.5613846518366401,1.2303185325921149,-9.816183378020478,-9.816643318310604,0.8180152815017064,0.8180536098592169,0.04896381834958279,0.056803885494373,1.6750412452764039,0.674264493250616,31.07605081054539,9.999999999999997e-06,0.0009561524472133561,0.00031747370081942476,23,0.4441640377044678,2.1406400203704834,1.3469064235687256,3.9317739009857178
187,178,0.5613868185528407,1.2303181376407835,-9.816025873878099,-9.816643318310604,0.8180021561565082,0.8180536098592169,0.04890935464519463,0.056803885494373,1.674155023007458,0.6742614953680566,31.075448930995645,9.999999999999997e-06,0.0009558075043845077,0.0003174781765775591,23,0.41643357276916504,2.0249953269958496,1.4986159801483154,3.9401118755340576
188,179,0.5613859053200371,1.2303166581848737,-9.816155952766824,-9.816643318310604,0.818012996063902,0.8180536098592169,0.04888427929640583,0.056803885494373,1.673571103967845,0.6742729958461343,31.07693886215436,9.999999999999997e-06,0.0009558675179974843,0.0003174827858715161,23,0.42009449005126953,2.055011510848999,1.4711382389068604,3.9464242458343506
189,180,0.561390812685849,1.230318288131497,-9.81580334152669,-9.816643318310604,0.8179836117938909,0.8180536098592169,0.048907715826206476,0.056803885494373,1.674429874509599,0.6742726994398719,31.07682823863156,9.999999999999997e-06,0.0009556377828983418,0.0003174834029661789,23,0.45472097396850586,2.298123598098755,1.4672393798828125,4.22016167640686
190,181,0.5613872275229019,1.2303178893195388,-9.81552905050828,-9.816643318310604,0.8179607542090234,0.8180536098592169,0.04885101646875518,0.056803885494373,1.6741181319097649,0.6742782106604386,31.07730424143263,9.999999999999997e-06,0.0009563180507148724,0.00031747972592612706,23,0.464083194732666,2.1845054626464844,1.312952995300293,3.961592435836792
191,182,0.5613798415048301,1.2303164075371211,-9.815637586496257,-9.816643318310604,0.817969798874688,0.8180536098592169,0.048894093776433264,0.056803885494373,1.6748045078117997,0.6742727756665357,31.076723041088005,9.999999999999997e-06,0.0009575818899935146,0.00031747624880213045,23,0.44669675827026367,2.1611015796661377,1.4663169384002686,4.074180603027344
192,183,0.561381362239879,1.2303172014582529,-9.816363796372901,-9.816643318310604,0.8180303163644084,0.8180536098592169,0.04894882558695584,0.056803885494373,1.6747629309320473,0.6742754486649963,31.076969661165382,9.999999999999997e-06,0.0009582433642307998,0.0003174748557206738,23,0.46335768699645996,2.176408052444458,1.7253334522247314,4.365164279937744
193,184,0.5613809246074166,1.2303176128109488,-9.816207329215805,-9.816643318310604,0.8180172774346505,0.8180536098592169,0.0489311025850208,0.056803885494373,1.675077704965389,0.6742665553952721,31.075583824877278,9.999999999999997e-06,0.0009576377061277522,0.0003174727068344214,23,0.44986438751220703,2.147102117538452,2.1115849018096924,4.708616733551025
194,185,0.5613867722441639,1.2303170935881702,-9.815460716657489,-9.816643318310604,0.8179550597214574,0.8180536098592169,0.04884098395412257,0.056803885494373,1.673709177597516,0.6742760762534464,31.076947024045047,9.999999999999997e-06,0.000957317252748516,0.0003174822412609094,23,0.4575614929199219,2.2223961353302,1.4740066528320312,4.154028415679932
195,186,0.5613779193252527,1.2303162629450173,-9.815976289524716,-9.816643318310604,0.8179980241270597,0.8180536098592169,0.04888951850725866,0.056803885494373,1.673976004796856,0.674277412546562,31.077004841629684,9.999999999999997e-06,0.0009585569870876331,0.0003174747112596472,23,0.45955657958984375,2.147425413131714,1.6187093257904053,4.22575569152832
196,187,0.5613836411463106,1.2303170952200513,-9.815882568013267,-9.816643318310604,0.8179902140011056,0.8180536098592169,0.04891973285457864,0.056803885494373,1.674587120688713,0.6742773182245025,31.076906782212756,9.999999999999997e-06,0.0009586505285642501,0.000317478081030536,23,0.45150160789489746,2.149458408355713,1.6512548923492432,4.2522783279418945
197,188,0.5613833630697423,1.2303171499356986,-9.816219343641144,-9.816643318310604,0.818018278636762,0.8180536098592169,0.048944900967510946,0.056803885494373,1.6743977833407229,0.6742782609657675,31.077006528902437,9.999999999999997e-06,0.0009589520619679037,0.00031747751176999653,23,0.45485925674438477,2.1289219856262207,1.9424822330474854,4.526335000991821
198,189,0.5613807437780913,1.230318266318972,-9.816094546872863,-9.816643318310604,0.818007878906072,0.8180536098592169,0.0489205300768713,0.056803885494373,1.674333518942447,0.6742763804237605,31.076504958092123,9.999999999999997e-06,0.0009586142250284133,0.00031746991033923744,23,0.4576888084411621,2.2003958225250244,1.7597122192382812,4.417857646942139
199,190,0.561375850287592,1.2303168162898674,-9.815985832117876,-9.816643318310604,0.8179988193431563,0.8180536098592169,0.048929527011910785,0.056803885494373,1.6740302086752195,0.674281127638901,31.07716072887317,9.999999999999997e-06,0.0009585089628089038,0.0003174703753898366,23,0.4588801860809326,2.133995771408081,1.745434045791626,4.3383705615997314
200,191,0.5613822064809736,1.230320039313455,-9.815847656381477,-9.816643318310604,0.8179873046984564,0.8180536098592169,0.04888464617709142,0.056803885494373,1.6732035613819107,0.6742820753973253,31.0772781440622,9.999999999999997e-06,0.0009585865804993005,0.00031746469475846213,23,0.4643874168395996,2.140852451324463,1.6125245094299316,4.2178308963775635
201,192,0.5613834617103228,1.2303172914504954,-9.815374840046859,-9.816643318310604,0.8179479033372382,0.8180536098592169,0.04886063881248007,0.056803885494373,1.6740296971768487,0.6742737084517069,31.076349449242553,9.999999999999997e-06,0.0009590688852419374,0.00031747707474977444,23,0.45145606994628906,2.1508231163024902,1.905219554901123,4.507565021514893
202,193,0.5613769689057108,1.2303154140936425,-9.815952257949219,-9.816643318310604,0.8179960214957682,0.8180536098592169,0.0488954503645181,0.056803885494373,1.6738199042558932,0.6742825030460113,31.077176040482186,9.999999999999997e-06,0.0009602926215234497,0.0003174771127705538,23,0.46564173698425293,2.1678242683410645,1.999462366104126,4.6329967975616455
203,194,0.5613765385332562,1.2303141007277933,-9.816282758059382,-9.816643318310604,0.8180235631716152,0.8180536098592169,0.04892077838946607,0.056803885494373,1.6738655236311644,0.6742835734816806,31.077175818107655,9.999999999999997e-06,0.000960380481203002,0.0003174819618173717,23,0.486621618270874,2.2990429401397705,1.5839431285858154,4.369680881500244
204,195,0.561385140254839,1.2303180787655579,-9.815830789081605,-9.816643318310604,0.8179858990901338,0.8180536098592169,0.04888452293845415,0.056803885494373,1.6738561814958928,0.6742840052945509,31.0772104994963,9.999999999999997e-06,0.0009602194721390977,0.0003174761334171105,23,0.448840856552124,2.1915366649627686,1.7080323696136475,4.348474979400635
205,196,0.5613807349412784,1.2303167296207642,-9.816085253891035,-9.816643318310604,0.8180071044909196,0.8180536098592169,0.04887429823033274,0.056803885494373,1.6734464886368272,0.6742772080179195,31.07580857223238,9.999999999999997e-06,0.0009606494452060855,0.0003174759929826513,23,0.46042704582214355,2.1346371173858643,1.8340964317321777,4.429229497909546
206,197,0.5613767210568683,1.2303141531127046,-9.815900460812461,-9.816643318310604,0.8179917050677051,0.8180536098592169,0.04889109130781557,0.056803885494373,1.6735940838229197,0.6742858015778187,31.077293672820844,9.999999999999997e-06,0.0009605808022199692,0.0003174819361766756,23,0.47289443016052246,2.193371057510376,1.9265282154083252,4.59286093711853
207,198,0.5613801514728093,1.2303158654460933,-9.815869168982076,-9.816643318310604,0.817989097415173,0.8180536098592169,0.04891741757563681,0.056803885494373,1.6745175331616622,0.6742868341096786,31.077270426390125,9.999999999999997e-06,0.0009606655268192597,0.00031747876808895263,23,0.454923152923584,2.297168254852295,1.6313893795013428,4.383549928665161
208,199,0.5613793379397449,1.2303158712048188,-9.816018681126899,-9.816643318310604,0.8180015567605748,0.8180536098592169,0.04892188485614032,0.056803885494373,1.6742910512845697,0.6742858196140114,31.077217251236966,9.999999999999997e-06,0.0009608721223034081,0.00031747782518913245,23,0.500178337097168,2.210704803466797,1.9114255905151367,4.622380495071411
209,200,0.5613803127941446,1.230316428766744,-9.81578459005429,-9.816643318310604,0.8179820491711909,0.8180536098592169,0.04884473003329961,0.056803885494373,1.6733507035778672,0.6742871327471631,31.07729821377368,9.999999999999997e-06,0.0009608899515161012,0.00031747670275394046,23,0.45950841903686523,2.136981248855591,1.737344741821289,4.333900451660156
210,103,0.5613802813852952,1.230318935086208,-9.816643318310604,-9.816643318310604,0.8180536098592169,0.8180536098592169,0.04898204019624326,0.056803885494373,1.6738280235724545,0.67414027381272,31.072604097803087,9.999999999999997e-06,0.0009379729339183065,0.00031746673846348765,23,0.3775031566619873,2.0199670791625977,0.7214705944061279,3.119009017944336
