,iter ,BETA_0,GAMMA_0,energy,best_energy,approx_ratio,best_approx_ratio,fidelity,best_fidelity,variance,corr_length,const_kernel,noise_kernel,std_energies,average_distances,nit,time_opt_bayes,time_qaoa,time_opt_kernel,time_step
0,0,0.6848347947909555,1.2122268464628356,-9.629205135568084,-9.629205135568084,0.8024337612973403,0.8024337612973403,0.0484733683684344,0.0484733683684344,2.300333809928972,100.00000000000004,61.25397957259157,1.2043349815109103,0.0,0.0,0,0.0,0.0,0.0,0.0
1,1,0.14849639264796274,1.773687948028917,-6.6837259007352445,-9.629205135568084,0.5569771583946037,0.8024337612973403,0.0012452832994984755,0.0484733683684344,4.265342674753256,100.00000000000004,61.25397957259157,1.2043349815109103,0.0,0.0,0,0.0,0.0,0.0,0.0
2,2,2.7611223208269937,3.0207682814205246,-8.307029218099034,-9.629205135568084,0.6922524348415862,0.8024337612973403,0.0064428834767491895,0.0484733683684344,2.8428874420471857,100.00000000000004,61.25397957259157,1.2043349815109103,0.0,0.0,0,0.0,0.0,0.0,0.0
3,3,1.7548719121649266,2.0106670987730397,-7.1366153151084015,-9.629205135568084,0.5947179429257001,0.8024337612973403,0.0025080031009149725,0.0484733683684344,4.232386574352368,100.00000000000004,61.25397957259157,1.2043349815109103,0.0,0.0,0,0.0,0.0,0.0,0.0
4,4,2.284668064641161,0.9446896984495208,-7.2959335604075,-9.629205135568084,0.6079944633672917,0.8024337612973403,0.024600469041019524,0.0484733683684344,5.7254740815129,100.00000000000004,61.25397957259157,1.2043349815109103,0.0,0.0,0,0.0,0.0,0.0,0.0
5,5,1.49624106086047,2.3260802508869216,-7.49840707507229,-9.629205135568084,0.6248672562560241,0.8024337612973403,0.011350920819703444,0.0484733683684344,4.7392729727675516,100.00000000000004,61.25397957259157,1.2043349815109103,0.0,0.0,0,0.0,0.0,0.0,0.0
6,6,3.115369731797978,0.010700324039268946,-7.46466780990855,-9.629205135568084,0.6220556508257126,0.8024337612973403,0.003664394881606287,0.0484733683684344,3.766163582793858,100.00000000000004,61.25397957259157,1.2043349815109103,0.0,0.0,0,0.0,0.0,0.0,0.0
7,7,0.37566162984492474,2.81691621792187,-9.522127474422176,-9.629205135568084,0.7935106228685146,0.8024337612973403,0.034262225198194815,0.0484733683684344,1.660245448440591,100.00000000000004,61.25397957259157,1.2043349815109103,0.0,0.0,0,0.0,0.0,0.0,0.0
8,8,2.024384506565316,1.3849758171241122,-7.942019825107899,-9.629205135568084,0.6618349854256582,0.8024337612973403,0.010893962226863464,0.0484733683684344,4.862675575926623,100.00000000000004,61.25397957259157,1.2043349815109103,0.0,0.0,0,0.0,0.0,0.0,0.0
9,9,1.2604679388837787,0.5802367563256501,-6.742434453253647,-9.629205135568084,0.5618695377711372,0.8024337612973403,6.052300029531146e-06,0.0484733683684344,6.013190817814646,100.00000000000004,61.25397957259157,1.2043349815109103,0.0,0.0,0,0.0,0.0,0.0,0.0
10,1,0.55791710504706,3.141592653589793,-7.499999999999999,-9.629205135568084,0.6249999999999999,0.8024337612973403,0.0039062499999999935,0.0484733683684344,3.750000000000007,100.00000000000004,60.1369728697228,1.0983070566335429,1.7095448336521772e-05,0.009195847537004904,20,0.2577030658721924,2.3901307582855225,0.342775821685791,2.990654230117798
11,2,0.35001472820044044,3.141592653589793,-7.499999999999999,-9.629205135568084,0.6249999999999999,0.8024337612973403,0.0039062499999999935,0.0484733683684344,3.750000000000007,100.00000000000004,59.127197948232684,1.0093522872882714,4.870061305099294e-06,0.008651725976388235,17,0.2240142822265625,2.09549617767334,0.32562804222106934,2.645181894302368
12,3,0.06524543926507306,3.141592653589793,-7.499999999999999,-9.629205135568084,0.6249999999999999,0.8024337612973403,0.003906249999999994,0.0484733683684344,3.750000000000007,100.00000000000004,58.18422445277551,0.9336816879433248,8.55796344535862e-05,0.009973008345447247,18,0.2615687847137451,2.6860430240631104,0.3083031177520752,3.2559587955474854
13,4,0.01,3.141592653589793,-7.499999999999999,-9.629205135568084,0.6249999999999999,0.8024337612973403,0.0039062499999999935,0.0484733683684344,3.750000000000007,100.00000000000004,57.352640553077975,0.8684454322872059,3.9054677199547655e-05,0.008232293218507799,21,0.31206178665161133,2.415715456008911,0.37226009368896484,3.100083112716675
14,5,3.141592653589793,3.141592653589793,-7.499999999999999,-9.629205135568084,0.6249999999999999,0.8024337612973403,0.003906249999999994,0.0484733683684344,3.750000000000007,100.00000000000004,56.40103141501299,0.8118456803795496,1.8982980628556607e-05,0.0022402137622102897,23,0.3830547332763672,2.4178624153137207,0.29396581649780273,3.094935178756714
15,6,0.01,3.141592653589793,-7.499999999999999,-9.629205135568084,0.6249999999999999,0.8024337612973403,0.003906249999999994,0.0484733683684344,3.750000000000007,100.00000000000004,55.65142727161865,0.762061605672044,0.00012686764883109968,0.006366635501871548,13,0.22794413566589355,2.1016061305999756,0.35600852966308594,2.6856048107147217
16,7,3.141592653589793,3.141592653589793,-7.499999999999999,-9.629205135568084,0.6249999999999999,0.8024337612973403,0.003906249999999994,0.0484733683684344,3.750000000000007,0.678770855522663,30.213584119838472,9.999999999999997e-06,0.00014231806356174016,0.0068168496647016096,22,0.2906796932220459,2.66418194770813,0.3568260669708252,3.3117401599884033
17,8,0.46058572157705985,2.609738435250924,-8.999426791708697,-9.629205135568084,0.7499522326423914,0.8024337612973403,0.0365332930070669,0.0484733683684344,3.33453594965502,0.6371845779846135,30.022278772328843,9.999999999999997e-06,0.0006405079465828755,0.0034492364816853115,14,0.19640040397644043,2.4610016345977783,0.36421871185302734,3.0216805934906006
18,9,0.7661419434484074,1.2519919053101165,-9.498316585236742,-9.629205135568084,0.7915263821030618,0.8024337612973403,0.0461610274186548,0.0484733683684344,2.7074912367691013,0.6484221339561552,30.30492081971983,9.999999999999997e-06,0.00052791689062434,0.0024557510261098425,11,0.18100380897521973,2.7080860137939453,0.27393507957458496,3.1630868911743164
19,10,0.6071279529469358,1.118472994158209,-9.461319876947089,-9.629205135568084,0.7884433230789241,0.8024337612973403,0.04955922345605324,0.04955922345605324,2.746888335547709,0.6269181884743709,28.75171377292959,9.999999999999997e-06,0.0005373948937891049,0.002905630819300277,12,0.16909003257751465,2.4901180267333984,0.31827545166015625,2.9775338172912598
20,11,0.6446987424839302,1.248102707019345,-9.782694262144316,-9.782694262144316,0.8152245218453597,0.8152245218453597,0.05070796358500328,0.05070796358500328,1.8018417022893658,0.6398132134976747,28.641125007743614,9.999999999999997e-06,0.000503391694892432,0.002569383700423804,11,0.1571362018585205,2.363818645477295,0.3675074577331543,2.8885324001312256
21,12,0.258266739921836,2.751265038183299,-9.100478857567627,-9.782694262144316,0.7583732381306355,0.8152245218453597,0.021367298318603692,0.05070796358500328,2.1315435691025186,0.6295022470504155,28.335704516568555,9.999999999999997e-06,0.0006088731526317134,0.001359283818561208,17,0.23708868026733398,2.4423184394836426,0.3711071014404297,3.050565481185913
22,13,0.6262978176694471,1.2775893055311143,-9.744511840083346,-9.782694262144316,0.8120426533402788,0.8152245218453597,0.045323233811825694,0.05070796358500328,1.8519797325176626,0.6320343831213049,28.22275868867254,9.999999999999997e-06,0.000991236013570465,0.004517080824738921,22,0.33438658714294434,2.356534719467163,0.39484620094299316,3.0858185291290283
23,14,0.6408987381241558,1.2426793724665877,-9.751994371620144,-9.782694262144316,0.812666197635012,0.8152245218453597,0.04881818732428919,0.05070796358500328,1.9584924905686876,0.6279086125819967,28.323630829617695,7.803922064058843e-05,0.0007285902528786099,0.0008734593865995921,25,0.33675694465637207,2.5206639766693115,0.3930234909057617,3.2504990100860596
24,15,0.6615494352534742,1.2664046803624156,-9.702964869693773,-9.782694262144316,0.8085804058078144,0.8152245218453597,0.045997433046028456,0.05070796358500328,2.0690915963678265,0.6361731790565333,28.226997143092444,0.00023977510738186988,0.00036127262750091575,0.0015096378839149524,21,0.27906346321105957,2.4133877754211426,0.46453142166137695,3.1570303440093994
25,16,0.6141878622889624,1.2427264797806714,-9.780303171419455,-9.782694262144316,0.8150252642849546,0.8152245218453597,0.05048129239869881,0.05070796358500328,1.902917837897533,0.6419874549112694,28.23163128142577,0.0002083632037111118,0.00034277043074549976,0.0005300843943083618,25,0.34932947158813477,2.916159152984619,0.5187082290649414,3.7842471599578857
26,17,0.6134385753870512,1.2429586658080354,-9.814414026243185,-9.814414026243185,0.8178678355202654,0.8178678355202654,0.0494942085804645,0.05070796358500328,1.74702795084454,0.6372776954476514,28.285096748136674,0.0002895001339645489,0.00038265571901737225,0.0005338286796794316,24,0.37577033042907715,2.340294361114502,0.5250611305236816,3.2411744594573975
27,18,0.585145162345077,1.2444329453757466,-9.802644851187972,-9.814414026243185,0.816887070932331,0.8178678355202654,0.04530344352803165,0.05070796358500328,1.6575062700063796,0.6442365711875299,28.321600484686616,0.00026625669134157983,0.0009882686089090684,0.0006601430277683666,23,0.34351229667663574,2.7537424564361572,0.6986293792724609,3.7959558963775635
28,19,0.5912381317204576,1.2426052628253368,-9.844902826860018,-9.844902826860018,0.8204085689050015,0.8204085689050015,0.05550313846903318,0.05550313846903318,1.8148714572001694,0.6375858643466078,28.36563919778125,0.0003778622072492928,0.0005219943294789689,0.0004467391716484195,23,0.32440805435180664,2.3980841636657715,0.6158480644226074,3.338421106338501
29,20,0.5518679178524508,1.249470849144085,-9.790652502216764,-9.844902826860018,0.8158877085180637,0.8204085689050015,0.04625528206132999,0.05550313846903318,1.620959205683718,0.6447104124887207,28.30351140202463,0.00035740727601622167,4.3133866933837274e-05,0.00023531535339143438,21,0.31366753578186035,2.747185707092285,0.734503984451294,3.7954206466674805
30,21,0.5696326913887301,2.787993859513175,-9.791243908943725,-9.844902826860018,0.8159369924119771,0.8204085689050015,0.0452803955239489,0.05550313846903318,1.6770538088720883,0.6390838834309761,29.103380408007798,0.0003562969747993063,0.0005988477001405542,0.0013156271710113934,19,0.3034839630126953,2.519365072250366,0.5660583972930908,3.388953447341919
31,22,0.6403963427197319,2.7708193402004846,-9.677772281803794,-9.844902826860018,0.8064810234836495,0.8204085689050015,0.05327585062764185,0.05550313846903318,2.2853867005745485,0.6465329724505664,28.947740672363945,0.0003544338391235905,0.0005928041565095033,0.00134080150102606,17,0.2302100658416748,2.4470553398132324,0.5539844036102295,3.2313098907470703
32,23,0.521128936370339,2.801102108817258,-9.80382581293652,-9.844902826860018,0.8169854844113766,0.8204085689050015,0.04708419755202985,0.05550313846903318,1.5969026040509817,0.6542762221894487,29.007663936750202,0.0003416307705295955,0.0006630006874521254,0.0006294761352038889,20,0.29491567611694336,2.4397740364074707,0.6852266788482666,3.419976234436035
33,24,0.5481670021317632,2.8222809285736425,-9.79831323631155,-9.844902826860018,0.8165261030259625,0.8204085689050015,0.04440358558957712,0.05550313846903318,1.6390301082215473,0.6624020537190521,29.07809963447824,0.000331782477174305,0.0003303610303501013,0.0002929024882471683,19,0.3020448684692383,2.6575961112976074,0.7891454696655273,3.7488467693328857
34,25,0.8655917866900062,2.734458078583448,-9.06035756677822,-9.844902826860018,0.7550297972315184,0.8204085689050015,0.0491113586524456,0.05550313846903318,3.7338420915179427,0.6715258577145639,29.00148611100377,0.0003294941294881564,0.0006635504380759041,0.0024951204421616237,14,0.1925656795501709,2.3849408626556396,0.6879303455352783,3.265516996383667
35,26,0.5859336522919998,1.233443578915912,-9.807891736016293,-9.844902826860018,0.8173243113346911,0.8204085689050015,0.0461746290598092,0.05550313846903318,1.6361440289056617,0.6752390456441666,29.030530668322726,0.0003063371448794432,0.000727807786416361,0.0002493659641162331,20,0.3437948226928711,2.522029399871826,0.6940860748291016,3.559971332550049
36,27,0.5863770845690361,1.2483075846385354,-9.773478761374472,-9.844902826860018,0.8144565634478727,0.8204085689050015,0.04721129293703522,0.05550313846903318,1.7304763670205716,0.675687492798306,29.091891549986524,0.0004063993649063814,0.00030790148040859487,0.000265028966635453,26,0.41115522384643555,2.574253797531128,0.6263072490692139,3.6117916107177734
37,28,0.5895037296973021,1.227423161187715,-9.806239571028012,-9.844902826860018,0.817186630919001,0.8204085689050015,0.04840415732868787,0.05550313846903318,1.7816746308812839,0.6781920487667489,29.107690698871405,0.00037578440548141574,0.0007830118716815245,0.00038519843947263364,23,0.33390116691589355,2.3739469051361084,0.5633754730224609,3.2712860107421875
38,29,0.47241232225137975,1.2268265742733009,-9.777939778160787,-9.844902826860018,0.8148283148467322,0.8204085689050015,0.043989963741952465,0.05550313846903318,1.5289049159419363,0.6808230665777397,29.678159202612967,0.000371406375352703,0.0005469809451295289,0.001006815333589912,21,0.3008861541748047,2.5155932903289795,0.6189980506896973,3.435563802719116
39,30,0.3706907094007453,1.1841931582741,-9.488120725089647,-9.844902826860018,0.7906767270908039,0.8204085689050015,0.032712326772110605,0.05550313846903318,1.7805369292264004,0.6826170244500428,29.094948213443498,0.00037071287544496005,0.0006003280703524037,0.0015086653870597525,20,0.2923762798309326,2.5478861331939697,0.6539826393127441,3.494309186935425
40,31,0.9513035127067351,1.5091151232768873,-7.925324392104837,-9.844902826860018,0.6604436993420698,0.8204085689050015,0.007406043692340934,0.05550313846903318,3.875037795266188,0.6793872762587004,29.452897554143508,0.0003671046509610042,0.0008503099747478169,0.006575337462399496,12,0.1789698600769043,2.4239447116851807,0.5918614864349365,3.1948461532592773
41,32,2.6695538328147936,2.6882485121919344,-9.262915446698265,-9.844902826860018,0.7719096205581888,0.8204085689050015,0.019943033387137293,0.05550313846903318,2.243032568439304,0.6879775687449279,29.84065344489043,0.0003666908211867047,0.0007068125027467925,0.0024640156329408633,19,0.30699825286865234,3.0478317737579346,0.599520206451416,3.9544124603271484
42,33,2.8073133112377273,2.320094474743801,-6.68607028509769,-9.844902826860018,0.5571725237581409,0.8204085689050015,0.0032352510937718867,0.05550313846903318,5.227028910158474,0.6230590466158906,28.289674817018405,0.00037211246880730116,0.0004993102875658853,0.005158524589567071,12,0.17398595809936523,2.3306493759155273,0.7611439228057861,3.2658424377441406
43,34,2.459659290669396,2.7367355129319257,-9.38925296482051,-9.844902826860018,0.7824377470683759,0.8204085689050015,0.056389544215302505,0.056389544215302505,2.7164629768957553,0.6264987314466165,27.872479457889625,0.0003712918755148971,0.0005105930804193472,0.0019605720642412957,15,0.22818613052368164,3.512307643890381,0.7695102691650391,4.5100672245025635
44,35,2.203411901018402,2.7918991789870327,-8.993063886380167,-9.844902826860018,0.7494219905316806,0.8204085689050015,0.048455722002032166,0.056389544215302505,3.7399029558841477,0.6328628026377153,27.7603116894276,0.0003703267020828628,0.0006981069585672571,0.0019676742800009512,13,0.19684338569641113,2.3122873306274414,0.6486408710479736,3.157834529876709
45,36,2.3402856935275813,2.5674908674222796,-7.464317048893525,-9.844902826860018,0.6220264207411271,0.8204085689050015,0.018246043872764416,0.056389544215302505,5.2206224850915035,0.5764333726176862,28.73069180021428,0.00037890452698885257,0.00048042125789081463,0.0015756634001117833,20,0.28331542015075684,2.800306797027588,0.6926476955413818,3.7763311862945557
46,37,2.443091725981415,2.8840006998150196,-9.44179516741961,-9.844902826860018,0.7868162639516342,0.8204085689050015,0.03530442821524267,0.056389544215302505,2.472366601712835,0.5738143067523154,28.37249539890709,0.00037939925726085145,0.0009775277914286936,0.002910801515461623,14,0.20083856582641602,2.4499268531799316,0.7171273231506348,3.367953062057495
47,38,0.5394489821315746,2.794515954502461,-9.83148101031101,-9.844902826860018,0.8192900841925842,0.8204085689050015,0.04371119252616225,0.056389544215302505,1.6088620148943846,0.5739316208088305,28.353584560235362,0.00037433816876090585,0.0008454803451714779,0.0005093489626751735,26,0.34906005859375,2.317603588104248,0.6646320819854736,3.3313698768615723
48,39,0.48399820435121654,1.2762987375453536,-9.698310988779582,-9.844902826860018,0.8081925823982985,0.8204085689050015,0.03675154779044179,0.056389544215302505,1.462015270184466,0.5774029051244182,28.379036829546074,0.0003694187219055059,0.0005354905844304347,0.0007951362269722798,25,0.3389573097229004,2.424574375152588,0.7162199020385742,3.479823589324951
49,40,2.154972963166059,3.011331531282253,-8.376415903397731,-9.844902826860018,0.6980346586164776,0.8204085689050015,0.012437695167025612,0.056389544215302505,3.6582461486263753,0.5704657622862587,27.97837589967641,0.0003696312993739939,0.00042177586269808614,0.002328192783884154,14,0.22504591941833496,2.4833548069000244,0.6692233085632324,3.377685308456421
50,41,0.5391152310755285,2.7928666799867616,-9.809572359869962,-9.844902826860018,0.8174643633224968,0.8204085689050015,0.04848702889440437,0.056389544215302505,1.7073093271300621,0.5719895162074917,28.006074324530086,0.0003490000358179744,0.00032394372035292264,0.0003036572369371392,25,0.36758899688720703,2.3349523544311523,0.7615513801574707,3.4641661643981934
51,42,0.5410338647542936,2.7995627026992747,-9.837183629584853,-9.844902826860018,0.8197653024654045,0.8204085689050015,0.04884704251828246,0.056389544215302505,1.5897869953670636,0.5709349118594726,27.975198660169454,0.0003428501493735995,0.0004881829122086922,0.0002597395585496026,27,0.4264869689941406,2.9341747760772705,0.8054454326629639,4.166180849075317
52,43,0.54154414667005,2.800060907832945,-9.803620983796193,-9.844902826860018,0.8169684153163494,0.8204085689050015,0.04872754864331324,0.056389544215302505,1.6898978671501368,0.5725007340370816,28.009777358960765,0.00034213601055538945,0.00041498547112664994,0.00022559202519983234,25,0.424330472946167,2.7244834899902344,0.723691463470459,3.872570037841797
53,44,0.540016964446574,2.7984557414677353,-9.813119576210134,-9.844902826860018,0.8177599646841779,0.8204085689050015,0.046203207790809026,0.056389544215302505,1.5736055171341121,0.5731510672958016,28.021292631019175,0.0003217378637704496,0.0007052361725107772,0.0002527360231638553,25,0.3633255958557129,2.343541383743286,0.8461835384368896,3.5531158447265625
54,45,0.540253064911948,2.798678314496228,-9.856621793999055,-9.856621793999055,0.8213851494999213,0.8213851494999213,0.05407150947178988,0.056389544215302505,1.6947587261476542,0.5707668449529913,27.97291729713333,0.00038003210630966765,0.00010547545111985675,0.00014040574775248487,26,0.3711857795715332,2.3394522666931152,0.7952733039855957,3.5059707164764404
55,46,0.2719959154322386,0.9725542440458268,-8.419825958815645,-9.856621793999055,0.7016521632346371,0.8213851494999213,0.015109875734196053,0.056389544215302505,3.5192519219239102,0.571521152265063,27.44041543843453,0.0003790132301007436,0.0005951802944022841,0.00288605680282941,20,0.3001835346221924,2.472494602203369,0.6225295066833496,3.395308017730713
56,47,0.540114264720297,2.7984694397823913,-9.809576842949516,-9.856621793999055,0.8174647369124597,0.8213851494999213,0.04840067682502421,0.056389544215302505,1.6258701602923793,0.5722862220796959,27.455919384598552,0.00036762528809777904,0.0003215226868573776,0.00022869321347153445,26,0.35300588607788086,2.6222405433654785,0.9525914192199707,3.9279098510742188
57,48,0.5281715342503964,2.77792782621267,-9.77133624680861,-9.856621793999055,0.8142780205673842,0.8213851494999213,0.04373712241424482,0.056389544215302505,1.7069522331873088,0.571369115559145,27.4250798876129,0.0003641939248260819,0.0005719263689730783,0.0003132102385306126,25,0.4197964668273926,2.4495553970336914,0.9017477035522461,3.771162748336792
58,49,0.5438148974016132,2.8054749775174814,-9.794777445731885,-9.856621793999055,0.8162314538109904,0.8213851494999213,0.04379987475594088,0.056389544215302505,1.5937160140379376,0.5723812353497728,27.44209026355135,0.0003791369061425049,0.0005371886963358323,0.000259353854886651,26,0.36110925674438477,2.5967092514038086,0.739783525466919,3.697664737701416
59,50,0.5258589460148083,1.2120721208780758,-9.774613750036853,-9.856621793999055,0.8145511458364044,0.8213851494999213,0.047010599738638734,0.056389544215302505,1.6952784406275896,0.5758317618553811,27.498739523937893,0.000374657554319678,0.0005863666831984425,0.00041267153570090587,26,0.3696157932281494,2.4305505752563477,0.6974284648895264,3.4976589679718018
60,51,0.5067493238059644,2.8234639705562397,-9.728864772020389,-9.856621793999055,0.810738731001699,0.8213851494999213,0.040177951746615904,0.056389544215302505,1.4652826569381432,0.5716906165278629,27.363434617832457,0.0003784019303193678,0.0007677960312519798,0.0005020812674983258,24,0.32416319847106934,2.4852683544158936,0.7072787284851074,3.5167717933654785
61,52,0.550430549792166,2.7993524625516537,-9.820127896660722,-9.856621793999055,0.8183439913883935,0.8213851494999213,0.04739979870608767,0.056389544215302505,1.6513586847993622,0.5720581663874231,27.367831851590015,0.000360618460210115,0.0005796372892474273,0.00019754299389425982,29,0.3769838809967041,2.376356363296509,0.6923503875732422,3.4457826614379883
62,53,2.5701536065335326,2.809135653203882,-9.574743864358263,-9.856621793999055,0.7978953220298552,0.8213851494999213,0.036186274654241346,0.056389544215302505,2.0523926390670937,0.5777094797721223,27.406889849281377,0.00036027582373390147,0.0006650230400606394,0.0006290792713312689,28,0.42827820777893066,2.876004934310913,0.7014362812042236,4.00578236579895
63,54,0.5494737528276084,2.7991123869112355,-9.837740212649509,-9.856621793999055,0.8198116843874591,0.8213851494999213,0.04791272475323225,0.056389544215302505,1.61705676507664,0.5772782953009483,27.39866360085394,0.000357197978471223,0.0009929009981229286,0.00020035921231610399,31,0.43904709815979004,2.328913927078247,0.6909048557281494,3.4589390754699707
64,55,0.5511335920121474,2.7995092979040654,-9.82285200833033,-9.856621793999055,0.8185710006941941,0.8213851494999213,0.05061579890750459,0.056389544215302505,1.6715095028988571,0.5774423967438953,27.400196528528898,0.0003412818645590018,0.00011610744419709431,0.00010488313943004405,34,0.5683917999267578,2.342677354812622,0.8091237545013428,3.7202539443969727
65,56,0.5506295783813507,2.7993829208292427,-9.802821878174544,-9.856621793999055,0.8169018231812121,0.8213851494999213,0.04788382869669804,0.056389544215302505,1.7139842986496774,0.5780888864564306,27.41065446139114,0.00034103802043473214,0.0001458896752540371,0.00011400824042839475,34,0.48804664611816406,2.7472405433654785,0.788135290145874,4.023483991622925
66,57,0.5475994354931885,2.7986535681420808,-9.841576184679747,-9.856621793999055,0.8201313487233123,0.8213851494999213,0.051750239440841395,0.056389544215302505,1.6278333250938033,0.5773046454518125,27.395656437950652,0.00034337096036308296,0.0006498639954674954,0.0001950138216405511,34,0.49146270751953125,2.4315969944000244,0.644418478012085,3.56754207611084
67,58,0.5483737741529522,2.7985958227929983,-9.801045586342006,-9.856621793999055,0.8167537988618339,0.8213851494999213,0.04591796764769698,0.056389544215302505,1.6217711866507614,0.5780508933299059,27.40969544265135,0.0003466728551999691,0.000331355412186343,0.0001107184876058954,34,0.45144009590148926,3.1149778366088867,0.9064815044403076,4.472961902618408
68,59,0.5470218406696441,2.7986429957145664,-9.782375644485258,-9.856621793999055,0.8151979703737715,0.8213851494999213,0.044174981900174645,0.056389544215302505,1.6366118053502987,0.579143364484058,27.43432909578217,0.00038637050634764727,0.0004993839899144561,0.00019559725258104632,31,0.4562869071960449,2.4152379035949707,0.8663325309753418,3.7379181385040283
69,60,0.5455129584077993,2.798741445851548,-9.806249957453277,-9.856621793999055,0.8171874964544398,0.8213851494999213,0.04871075765492482,0.056389544215302505,1.6795789885801184,0.579550153562183,27.441919323558633,0.0003770951948719883,0.0007712305312924412,0.00026595603544318406,32,0.462080717086792,2.576490879058838,0.7898626327514648,3.8285105228424072
70,61,0.5898610611453305,2.821269852565193,-9.793219551387836,-9.856621793999055,0.8161016292823197,0.8213851494999213,0.04765913061339773,0.056389544215302505,1.7228897431981665,0.5824697997377762,27.537185612064487,0.0003740995023083159,0.0008040462500401815,0.0004985357850196902,30,0.4291203022003174,2.472738265991211,0.6100499629974365,3.511969804763794
71,62,0.5743065458186101,1.223737177591632,-9.781757274633945,-9.856621793999055,0.8151464395528287,0.8213851494999213,0.0515577160585835,0.056389544215302505,1.7882112566886832,0.5828063470005885,27.532781837748495,0.00037011836254464915,0.0005287690227648735,0.00021799858948747935,26,0.36249256134033203,2.542694091796875,0.7494335174560547,3.6547024250030518
72,63,0.5984379265651569,1.2354841860638692,-9.796736222545393,-9.856621793999055,0.8163946852121161,0.8213851494999213,0.04800786124867264,0.056389544215302505,1.729719093829317,0.5840041306482568,27.55057230607708,0.0003627478715724025,0.0008308563385395362,0.0002469130814438489,30,0.40175318717956543,2.519982099533081,1.0685062408447266,3.990311861038208
73,64,0.9350103099376079,1.1111787170460192,-8.550819415095646,-9.856621793999055,0.7125682845913038,0.8213851494999213,0.04574488063074854,0.056389544215302505,4.434988200775365,0.5858705311791724,27.36903853330957,0.0003634431321292968,0.0005103182002172367,0.0022239356024695033,16,0.32927393913269043,2.4530677795410156,0.7225432395935059,3.5049476623535156
74,65,0.661293661148297,2.8466397973482325,-9.705659714074391,-9.856621793999055,0.808804976172866,0.8213851494999213,0.04437365361857078,0.056389544215302505,2.036053745158938,0.5867980732007211,27.49075208616572,0.000359572819337646,0.00046432341208775204,0.000675316321085408,21,0.29584360122680664,2.3979413509368896,0.6414754390716553,3.335322380065918
75,66,0.47887991926933543,1.1824259466537879,-9.730263189305166,-9.856621793999055,0.8108552657754305,0.8213851494999213,0.045670185630382054,0.056389544215302505,1.7217651402312413,0.5908219672525484,27.538799838139436,0.00035613504965269324,0.00046132813501343413,0.00034633919035896994,41,0.5278539657592773,2.4915361404418945,0.6952431201934814,3.714696168899536
76,67,1.1332728102574396,2.8920871349908386,-8.199201896359595,-9.856621793999055,0.6832668246966329,0.8213851494999213,0.021517397524252715,0.056389544215302505,4.9230351266047165,0.594459776522217,27.396728259200767,0.00035596307652508677,0.0006299840532754317,0.0026752078102336764,20,0.2762644290924072,2.3664891719818115,0.6723384857177734,3.3152434825897217
77,68,1.7589269334754378,1.1681577948840134,-7.758922910399284,-9.856621793999055,0.6465769091999404,0.8213851494999213,0.026511007894651217,0.056389544215302505,5.283922117537976,0.5963569036357542,27.1127930445229,0.0003558420377204928,0.0008232857561827039,0.0034322379609125794,16,0.22409415245056152,2.2995009422302246,0.8218913078308105,3.3455617427825928
78,69,0.5139722116649189,1.2351208504109474,-9.770181220745256,-9.856621793999055,0.814181768395438,0.8213851494999213,0.0421021613286122,0.056389544215302505,1.5383949844599272,0.598019484530665,27.141114164859165,0.0003506503850722361,0.0009306802974954083,0.00034648351446733535,28,0.44042301177978516,2.5290610790252686,0.8125336170196533,3.7820799350738525
79,70,2.972196330351337,2.745837536840703,-8.795535004587727,-9.856621793999055,0.7329612503823105,0.8213851494999213,0.02218994737755688,0.056389544215302505,2.7512639041709974,0.6029841225918453,27.283177049972018,0.00035048533232749245,0.0004896245135314796,0.002216504167580487,24,0.3192920684814453,2.390191078186035,0.8057029247283936,3.5152587890625
80,71,0.5555012567153951,2.8044122953841284,-9.817624693056842,-9.856621793999055,0.8181353910880702,0.8213851494999213,0.046092940132720216,0.056389544215302505,1.5340519170844544,0.603450788193829,27.291290428937227,0.0003402914773122196,0.0006209012484619756,0.00021722980184788173,33,0.46726250648498535,2.865601062774658,0.940161943435669,4.2730889320373535
81,72,0.5533825317233262,2.8034765671899455,-9.759560551232909,-9.856621793999055,0.8132967126027424,0.8213851494999213,0.04501988675816448,0.056389544215302505,1.6806191280854819,0.6015073786240042,27.26441838412683,0.00041428769657139925,0.0006019460519987839,0.00033381926950285906,33,0.45119524002075195,2.393045425415039,0.7668683528900146,3.6111843585968018
82,73,0.5945800983808462,1.2387899403154612,-9.749930802137964,-9.856621793999055,0.812494233511497,0.8213851494999213,0.051760521585645966,0.056389544215302505,1.8968531054712798,0.6028169673365951,27.29183505376802,0.0004842163490774888,0.0008691654216459578,0.000292157357326325,31,0.4213371276855469,2.7739293575286865,1.11112642288208,4.306456804275513
83,74,0.5421636387791742,2.797822694533672,-9.827940573713771,-9.856621793999055,0.818995047809481,0.8213851494999213,0.04813552522150248,0.056389544215302505,1.5638138872323282,0.6022077169896854,27.277649369965285,0.0004743343777125334,0.0005344672519555358,0.0001776379823290622,31,0.5392272472381592,3.008605480194092,0.8821067810058594,4.430001974105835
84,75,0.541833661526511,2.797685253999248,-9.80874050164432,-9.856621793999055,0.8173950418036933,0.8213851494999213,0.04928948709683859,0.056389544215302505,1.619273363816916,0.6026351265719154,27.286389929955376,0.00046301166699355456,0.00026023362792762544,0.00011280270012592141,29,0.5324001312255859,2.4269964694976807,0.619551420211792,3.579009532928467
85,76,0.5419239249929282,2.797771474179703,-9.789782145916506,-9.856621793999055,0.8158151788263756,0.8213851494999213,0.047345780273788815,0.056389544215302505,1.6337925548760666,0.6037817627900154,27.31219867364019,0.00046841696286130933,0.0008159847055573945,0.00021727698177080083,30,0.4169039726257324,2.5578792095184326,0.8246183395385742,3.7994637489318848
86,77,0.542724833501531,2.798099910462298,-9.792039872665141,-9.856621793999055,0.8160033227220951,0.8213851494999213,0.04626690950480781,0.056389544215302505,1.5898281758205712,0.604571679285318,27.330129645354425,0.00046884227153310413,0.0008545709449655309,0.00016417259348939866,30,0.47054123878479004,2.3897459506988525,0.6902451515197754,3.5505948066711426
87,78,0.5432659044643517,2.798355139991161,-9.787058141963296,-9.856621793999055,0.8155881784969413,0.8213851494999213,0.04768607638051937,0.056389544215302505,1.6533920948675984,0.6052566305923068,27.346181894520768,0.00047356779715793497,0.0006126098565596433,0.0002473585644120033,32,0.49634456634521484,2.6655988693237305,0.8713815212249756,4.033421754837036
88,79,2.595206723487765,0.7007167220525504,-5.746290514427508,-9.856621793999055,0.478857542868959,0.8213851494999213,0.0022521982056078567,0.056389544215302505,5.882818416991569,0.600883784689728,28.43128016831966,0.00047436863068538377,0.0005973262591092724,0.0022260635473390924,22,0.3080587387084961,2.3265411853790283,0.6951379776000977,3.3298089504241943
89,80,0.5435408729055438,2.7985229582675104,-9.820784118944418,-9.856621793999055,0.8183986765787016,0.8213851494999213,0.05006131383909698,0.056389544215302505,1.6085425169806626,0.6007942633853919,28.427687631692933,0.0004645478843967245,0.0006004322557888851,0.00019853441296601644,24,0.3690531253814697,2.701570987701416,0.9405148029327393,4.011208772659302
90,81,0.5431949888494204,2.7984588468144174,-9.789531580689468,-9.856621793999055,0.815794298390789,0.8213851494999213,0.04324539484101478,0.056389544215302505,1.5977618673450422,0.6013771420469486,28.44626397080773,0.00046552765359122945,0.000976891705642303,0.0002097369836405336,23,0.3440864086151123,2.6087992191314697,1.2332384586334229,4.186190128326416
91,82,0.5442110842840107,2.798640080037797,-9.798771568699792,-9.856621793999055,0.8165642973916493,0.8213851494999213,0.04560890011544484,0.056389544215302505,1.5962474516019398,0.6017115153977614,28.456440307080236,0.00045816642540161956,0.00046403097344752505,0.0002923331749537582,23,0.35631346702575684,2.5335304737091064,0.7996723651885986,3.6895804405212402
92,83,0.5439015172117316,2.798676590472649,-9.773087647779594,-9.856621793999055,0.8144239706482995,0.8213851494999213,0.041591676570131596,0.056389544215302505,1.6117637044742281,0.6020341272634858,28.46876742977626,0.0004788341575661941,0.0007370931393699224,0.0002574175509127661,23,0.4502537250518799,2.471576452255249,0.8410217761993408,3.76291561126709
93,84,0.5677708827633977,2.8078519537008666,-9.813823152197148,-9.856621793999055,0.817818596016429,0.8213851494999213,0.047150597700756275,0.056389544215302505,1.5898176879899495,0.603007544409352,28.495205658454715,0.00047143313202181947,0.000491330876517768,0.0002979763518665055,28,0.4574911594390869,2.3677825927734375,0.754690408706665,3.5800259113311768
94,85,0.567132372149144,2.8076027355679236,-9.831135209627629,-9.856621793999055,0.8192612674689691,0.8213851494999213,0.051530373704950214,0.056389544215302505,1.6586271267291295,0.6032274792468286,28.497992996188845,0.00047269954181153296,0.00039724993402081817,0.0003196212387450066,27,0.4401686191558838,2.3472259044647217,0.869488000869751,3.656951665878296
95,86,0.569520187224797,2.808565971525916,-9.822709188227343,-9.856621793999055,0.8185590990189452,0.8213851494999213,0.0548678798809633,0.056389544215302505,1.749937054495092,0.6032630954344259,28.49700166322872,0.0004651983897193669,0.0006136575041935297,0.00024477155152909634,21,0.4043900966644287,2.878135919570923,0.7365515232086182,4.019140005111694
96,87,0.570146026635351,2.808804494609032,-9.753539525539788,-9.856621793999055,0.812794960461649,0.8213851494999213,0.04520830423286534,0.056389544215302505,1.7034430077936094,0.6031265442025108,28.501881355885153,0.0005176017617434017,0.0005496048554591767,0.00023477914078909236,21,0.328136682510376,2.341599464416504,0.9306039810180664,3.600402593612671
97,88,0.5503014239002245,2.799832184714861,-9.826927140560622,-9.856621793999055,0.8189105950467185,0.8213851494999213,0.04899050674641234,0.056389544215302505,1.6296409883821497,0.6033261683157582,28.507075882610422,0.0005136579027117005,0.0009697937584572863,0.00030362310913501856,23,0.4225194454193115,2.7910971641540527,0.9928698539733887,4.206549406051636
98,89,0.5513530397695043,2.799771995289993,-9.79524215371717,-9.856621793999055,0.8162701794764309,0.8213851494999213,0.046889736193638995,0.056389544215302505,1.6835154784562718,0.6034324976906443,28.51043857876952,0.0005073227484704943,0.0008050969077085404,0.0003313420903532119,22,0.40427160263061523,2.5064682960510254,1.2775864601135254,4.188391447067261
99,90,0.5496889731522998,2.79987360772636,-9.812311212579548,-9.856621793999055,0.8176926010482957,0.8213851494999213,0.0530491835507323,0.056389544215302505,1.7417189215510547,0.6036568354488215,28.51673857542794,0.0004976873996792812,0.0005907258967706878,0.0003049036220453107,22,0.4078042507171631,2.323523998260498,0.9133529663085938,3.644742488861084
100,91,0.5497173629106197,2.799847477772551,-9.817703857047796,-9.856621793999055,0.8181419880873163,0.8213851494999213,0.0490397752782832,0.056389544215302505,1.632311915124589,0.6038658210351074,28.522578574613366,0.0004895642857909727,0.0006483247221737542,0.00031687275991382793,22,0.4602372646331787,2.536942720413208,0.9490234851837158,3.9462668895721436
101,92,0.5500531198766547,2.7998220519213994,-9.856010969511146,-9.856621793999055,0.8213342474592622,0.8213851494999213,0.05409618169830953,0.056389544215302505,1.6972869164289222,0.6032975147806048,28.505948383930487,0.0005194074415415097,0.0008403256739914211,0.00038356526923406033,22,0.4594850540161133,2.417095899581909,0.8871703147888184,3.7638297080993652
102,93,0.5517888824846182,2.7997350928586684,-9.787282468909924,-9.856621793999055,0.8156068724091603,0.8213851494999213,0.04487298383368868,0.056389544215302505,1.6646087670297334,0.6033599744929075,28.508069697497227,0.0005200563948744106,0.00023324146011886402,0.0001197021433946005,24,0.44527554512023926,2.453178882598877,0.9548799991607666,3.853447437286377
103,94,0.5501065424301577,2.800007827195637,-9.790615889489747,-9.856621793999055,0.8158846574574788,0.8213851494999213,0.04584658792000216,0.056389544215302505,1.6723000607323257,0.6034422811144137,28.510663196360888,0.0005175091832421778,0.0007873154485393103,0.00023859022047494158,22,0.3895106315612793,2.352492094039917,1.0767369270324707,3.818810224533081
104,95,0.5491601601962572,2.799971250998627,-9.77715683627308,-9.856621793999055,0.8147630696894234,0.8213851494999213,0.044420711501412885,0.056389544215302505,1.639541782580352,0.603290179465607,28.507106196662814,0.0005265467867733661,0.0009984310425631322,0.0002553481331291659,23,0.4754300117492676,2.481274127960205,0.9180572032928467,3.874845027923584
105,96,0.5470622250601117,2.7997228125139078,-9.811953221765442,-9.856621793999055,0.8176627684804535,0.8213851494999213,0.04921870429906628,0.056389544215302505,1.7136566606723136,0.603448338022813,28.511344400000205,0.0005175319348508039,0.00032536648758216036,0.00024361523681958115,24,0.48942112922668457,2.423224687576294,1.167595386505127,4.080309867858887
106,97,0.5469116879396229,2.7997101188172824,-9.85673048867219,-9.85673048867219,0.8213942073893491,0.8213942073893491,0.055371372328359814,0.056389544215302505,1.7184658078884922,0.6027250955881727,28.48950741588558,0.0005465446801404656,0.0006704502355579119,0.0003378181645114626,24,0.47381591796875,2.614260196685791,1.1200754642486572,4.20821475982666
107,98,0.5473458346982862,2.8000495493083437,-9.790108648490149,-9.85673048867219,0.815842387374179,0.8213942073893491,0.04425250944643016,0.056389544215302505,1.707693551955174,0.6028845679678891,28.494700232250736,0.000544108329118377,0.0008933522279785759,0.0003012496495691113,26,0.4899568557739258,2.3361475467681885,0.9044821262359619,3.7306573390960693
108,99,0.5470889027309566,2.7997583512501536,-9.798557827251297,-9.85673048867219,0.8165464856042748,0.8213942073893491,0.0477426196236322,0.056389544215302505,1.755068937886037,0.603068079898101,28.500218254335174,0.0005371677501787088,0.0004404579244607265,0.0002518173323251502,24,0.5016281604766846,2.3019158840179443,0.9651780128479004,3.768806219100952
109,100,0.5468793501543336,2.7996523166132654,-9.82212357796532,-9.85673048867219,0.8185102981637766,0.8213942073893491,0.04906817860517779,0.056389544215302505,1.7416057341561526,0.6031201551992362,28.50127155599741,0.0005309310973676634,0.0008538783712741509,0.0002828436980643435,25,0.4960911273956299,2.562772750854492,1.0189263820648193,4.077862977981567
110,101,0.5468643101032759,2.7996938584407056,-9.749211224496838,-9.85673048867219,0.8124342687080698,0.8213942073893491,0.04435524573110883,0.056389544215302505,1.6562842976338743,0.6025911731211953,28.48837990307527,0.0005798286757053572,0.0007058962136630971,0.00018443338565473166,25,0.5758440494537354,2.3050382137298584,1.0032334327697754,3.8841712474823
111,102,0.5698719417693124,1.239462625171862,-9.807809214389941,-9.85673048867219,0.8173174345324951,0.8213942073893491,0.04812474449841663,0.056389544215302505,1.6940109204937812,0.6032052329543699,28.505772324278546,0.0005731397474359923,0.0003952129536685269,0.00019535956779149788,26,0.5425817966461182,2.3374741077423096,0.8791947364807129,3.7593140602111816
112,103,0.5703272481950513,1.2395002794235284,-9.796778499286692,-9.85673048867219,0.816398208273891,0.8213942073893491,0.04592762520649611,0.056389544215302505,1.720782023614575,0.6037080816138164,28.520479470674452,0.0005648117977138967,0.00039620698326558513,0.00020746249399074016,26,0.5146715641021729,2.4540529251098633,1.0669054985046387,4.035691499710083
113,104,0.5473917706886151,2.7993330986470153,-9.804475978260331,-9.85673048867219,0.8170396648550277,0.8213942073893491,0.0481295855446446,0.056389544215302505,1.6292517752041107,0.603861802250098,28.524886302933616,0.0005563932427039605,0.0006784333112503601,0.0006138374101043238,22,0.4526255130767822,2.5761163234710693,0.95432448387146,3.98313045501709
114,105,0.5443575346248478,2.7989926463825756,-9.803038145242393,-9.85673048867219,0.8169198454368661,0.8213942073893491,0.04780664690887723,0.056389544215302505,1.7072369288733,0.6040616032936554,28.530823168683618,0.0005484550151699656,0.0009048417482556413,0.0008376011605634247,21,0.44341063499450684,2.540961265563965,1.1792171001434326,4.16366982460022
115,106,0.5483458161155669,2.799479062976493,-9.789910510050266,-9.85673048867219,0.8158258758375222,0.8213942073893491,0.040528501596078806,0.056389544215302505,1.5492777758251748,0.6040887843070197,28.531719821398315,0.0005449577542781224,0.0005406502434973392,0.0007486096568148393,22,0.43875646591186523,3.089475154876709,0.9418694972991943,4.470173597335815
116,107,0.5415032459335503,2.798646046783611,-9.82341925162584,-9.85673048867219,0.81861827096882,0.8213942073893491,0.052869772778665086,0.056389544215302505,1.6856649885744446,0.6037835277441442,28.52137001516334,0.000540141486275774,0.00016585042025138701,0.00015119489943957878,24,0.4684004783630371,2.4081735610961914,1.132836103439331,4.009473562240601
117,108,0.5406512105374732,2.7985769755991328,-9.812846375540955,-9.85673048867219,0.8177371979617463,0.8213942073893491,0.04694854971874124,0.056389544215302505,1.6157227437346222,0.6037848892631932,28.520730377604792,0.000532531357819271,0.0006876688924426894,0.0002545312274333287,24,0.5086607933044434,2.579498767852783,0.9453959465026855,4.0336387157440186
118,109,0.5403912419968047,2.7985509613037585,-9.815943278493922,-9.85673048867219,0.8179952732078268,0.8213942073893491,0.050334310884743994,0.056389544215302505,1.6749600095023283,0.6036691941637204,28.516316689629523,0.0005255284569778133,0.0005490241684810202,0.00016705465183199087,26,0.5505461692810059,2.9731714725494385,1.294271469116211,4.818057298660278
119,110,0.5400174713290249,2.7985208865011573,-9.82792595670357,-9.85673048867219,0.8189938297252976,0.8213942073893491,0.056955094759625506,0.056955094759625506,1.7286928757380196,0.6030388094595543,28.49585234402441,0.0005225924597881041,0.0005950032895239555,0.0001418056963268179,24,0.4823329448699951,2.5544466972351074,0.9947977066040039,4.03164005279541
120,111,0.5391943756536284,2.7984814766501556,-9.834232659335004,-9.85673048867219,0.819519388277917,0.8213942073893491,0.053370070926095296,0.056955094759625506,1.6120110830353411,0.6019787054235812,28.46171505016232,0.0005226972718509796,0.0001690478735900526,9.838911977722671e-05,24,0.44233202934265137,2.343641757965088,1.3114228248596191,4.097469091415405
121,112,0.5758776628329938,1.2398305243156156,-9.806705053901274,-9.85673048867219,0.8172254211584394,0.8213942073893491,0.049979739443778544,0.056955094759625506,1.6799555708540481,0.6021456360238616,28.46600722151866,0.0005162589431852862,0.0007732635508411601,0.0003953457633784991,24,0.45662713050842285,2.249913454055786,1.4095432758331299,4.116157293319702
122,113,0.5381334273688476,2.7984518584415046,-9.812341299829514,-9.85673048867219,0.8176951083191262,0.8213942073893491,0.05035172373866248,0.056955094759625506,1.6528939303499044,0.6021592528335304,28.46593160795834,0.0005092391761553607,0.0005412778483745873,0.00017667839877968963,25,0.5436089038848877,2.4208009243011475,1.314058542251587,4.278544664382935
123,114,0.5380520530463984,2.7984453969545293,-9.800170317194587,-9.85673048867219,0.8166808597662155,0.8213942073893491,0.04752383327276731,0.056955094759625506,1.5752045910609667,0.6027649752252839,28.484783453258398,0.0005042097607740817,0.0005156001858325242,7.992611518942357e-05,26,0.7007687091827393,2.711909294128418,1.1630451679229736,4.575793504714966
124,115,0.5386009898021369,2.7984529666264937,-9.787727862714862,-9.85673048867219,0.8156439885595718,0.8213942073893491,0.04744002367470583,0.056955094759625506,1.6653481759453967,0.6037301056352902,28.51567788906099,0.0005046537572827862,0.0008220854819014855,0.0001798188030142681,24,0.4985318183898926,2.600041627883911,1.2003254890441895,4.2989726066589355
125,116,0.5397285585397558,2.798479066958956,-9.73170895242853,-9.85673048867219,0.8109757460357109,0.8213942073893491,0.04244396511654394,0.056955094759625506,1.6882390535675427,0.6046900741112166,28.55211276594301,0.000575223995646586,0.0003042680388067879,0.0001398331389378954,24,0.4674568176269531,2.348515510559082,1.010911226272583,3.826950788497925
126,117,0.5549054902569893,2.8016537419885874,-9.829225005833894,-9.85673048867219,0.8191020838194912,0.8213942073893491,0.050862400517001735,0.056955094759625506,1.682608952726838,0.6050024117464128,28.5608949024908,0.000574287204820747,0.0005270542242692288,0.0006775890771543614,22,0.4329383373260498,2.6668848991394043,1.122102975845337,4.221976041793823
127,118,0.5574774447790127,2.8026450691432045,-9.776599150016898,-9.85673048867219,0.8147165958347414,0.8213942073893491,0.04665438941776445,0.056955094759625506,1.7260193717944787,0.6046848565741376,28.552741474310984,0.0005782691863246437,0.0008056982263814153,0.0004892183146604179,22,0.4764719009399414,2.4163010120391846,0.9487910270690918,3.8416221141815186
128,119,0.5760920106819836,1.2395998221814197,-9.8649755233718,-9.8649755233718,0.8220812936143167,0.8220812936143167,0.05227968974949042,0.056955094759625506,1.709234209261183,0.6025381851686473,28.488382666543963,0.0006154720193543298,0.0008459508944091363,0.0004525506426875613,21,0.39588046073913574,2.5752625465393066,1.0778944492340088,4.049100875854492
129,120,0.5495331770969484,2.799260902113725,-9.82178150217448,-9.8649755233718,0.8184817918478733,0.8220812936143167,0.05474935664800337,0.056955094759625506,1.7244874711579143,0.6026728749148388,28.492293696789375,0.0006105340030358208,0.0009572941602755168,0.0003406364420505936,23,0.4213285446166992,2.3759589195251465,1.4105472564697266,4.207910060882568
130,121,0.5501407408172933,2.7989614451708964,-9.782128354165526,-9.8649755233718,0.8151773628471272,0.8220812936143167,0.04325210266012638,0.056955094759625506,1.6020072081888799,0.6025965219256036,28.489972730605373,0.0006106602063767431,0.0006573624721430177,0.00031426968583082984,23,0.45177221298217773,2.466823101043701,0.9588897228240967,3.8775475025177
131,122,0.5732030091831007,1.2409888251090582,-9.802277597760112,-9.8649755233718,0.8168564664800093,0.8220812936143167,0.04680194101653946,0.056955094759625506,1.714876632813656,0.6030040557075131,28.50207056204538,0.0006039611382821865,0.0004686869434053962,0.00019739094968646562,24,0.48587512969970703,2.3006622791290283,1.2182927131652832,4.004897117614746
132,123,0.5474615053055967,2.799959540642548,-9.842837095635499,-9.8649755233718,0.8202364246362915,0.8220812936143167,0.05074784529986513,0.056955094759625506,1.630415626619481,0.602936028703022,28.500017257970605,0.0006117147100723304,0.00040346262754530196,0.00022729114037469685,24,0.47837018966674805,2.435588836669922,1.1667358875274658,4.080776929855347
133,124,0.5482538616868969,2.800582509485877,-9.80713651427892,-9.8649755233718,0.81726137618991,0.8220812936143167,0.04249720260085396,0.056955094759625506,1.6048011084882745,0.6030504415157358,28.503019897784867,0.0006045708051738891,0.0007486583260822235,0.0003347918956289298,24,0.4576542377471924,2.5628538131713867,1.2426161766052246,4.263192176818848
134,125,0.548143161673369,2.8005014077822015,-9.828649818979823,-9.8649755233718,0.819054151581652,0.8220812936143167,0.04930128991829261,0.056955094759625506,1.7061344627117876,0.6031124940312291,28.50440299950757,0.0006025705476529308,0.0008074535996342079,0.00040150346656909466,24,0.4636569023132324,2.409536600112915,1.3896808624267578,4.262939453125
135,126,0.5485569216091735,2.8010660778337653,-9.838556557676148,-9.8649755233718,0.819879713139679,0.8220812936143167,0.053557497542431484,0.056955094759625506,1.6947016731527782,0.6030998571233748,28.504265180238853,0.0006060852095841052,0.00016071161091458177,0.00014936950943210457,26,0.5202958583831787,2.5261330604553223,1.2435824871063232,4.290077209472656
136,127,0.5490962778686654,2.8021626511583158,-9.792798268889358,-9.8649755233718,0.8160665224074465,0.8220812936143167,0.03955795436946711,0.056955094759625506,1.5356931642321001,0.6031593714055968,28.505843837353183,0.0006020159969131008,0.0004000393848972457,0.00019227195184069908,26,0.47088122367858887,2.331533908843994,1.1848063468933105,3.9872941970825195
137,128,0.5486758169997663,2.8009296151340557,-9.79168869420355,-9.8649755233718,0.8159740578502959,0.8220812936143167,0.042722466747928865,0.056955094759625506,1.5949947863062874,0.6032109123501475,28.507502355298982,0.0005983483600408968,0.0003754373399160316,0.0002519302419494333,26,0.5040762424468994,2.4585516452789307,1.1505920886993408,4.113283395767212
138,129,0.5482226660733135,2.8003713201170672,-9.786707126950468,-9.8649755233718,0.8155589272458723,0.8220812936143167,0.04620775435370531,0.056955094759625506,1.6972036549670548,0.6032337818841892,28.508559006003207,0.0005967045414993858,0.0009934731603029447,0.000251858037010648,25,0.5657093524932861,2.4998183250427246,1.3509812355041504,4.416569709777832
139,130,0.5476284154339065,2.7997760717523366,-9.766130470429133,-9.8649755233718,0.8138442058690943,0.8220812936143167,0.044888128212611275,0.056955094759625506,1.6426452625030663,0.6030615163739591,28.503662287585367,0.0006088248600303987,0.0006572777113740914,0.000293488180029119,24,0.5345983505249023,2.341909646987915,1.3687365055084229,4.2453248500823975
140,131,0.54594834114546,2.7995627056014505,-9.801891106091142,-9.8649755233718,0.8168242588409286,0.8220812936143167,0.048080851237410044,0.056955094759625506,1.6057501618369656,0.603170468270971,28.506813117671616,0.0006025357268352087,0.0008822452603799734,0.0004792703042438111,23,0.4993109703063965,2.5085532665252686,1.3903377056121826,4.398275136947632
141,132,0.5458415200885258,2.7994797628770827,-9.803071355181856,-9.8649755233718,0.8169226129318213,0.8220812936143167,0.04827808381820234,0.056955094759625506,1.6408100414894449,0.6032763941218692,28.509877339418843,0.000596254452001717,0.0007810582632875377,0.0004544308462408194,23,0.5066568851470947,2.647022008895874,1.223703145980835,4.377458333969116
142,133,0.545720659884822,2.7994160974021693,-9.807509810457596,-9.8649755233718,0.8172924842047996,0.8220812936143167,0.046767259069651776,0.056955094759625506,1.6250192588497185,0.6033707461295922,28.512539751753263,0.0005899352348649901,0.0006319033722127289,0.0004957089569824912,24,0.46779775619506836,2.4033000469207764,1.2905662059783936,4.161722660064697
143,134,0.5455154468512747,2.799356789623018,-9.833384861334807,-9.8649755233718,0.8194487384445672,0.8220812936143167,0.05338584165298252,0.056955094759625506,1.6493475894277623,0.6032662737721703,28.50912595755898,0.0005908881126410768,0.0008458547771535236,0.00048761054001294037,24,0.4824662208557129,2.4332168102264404,1.5216784477233887,4.437423944473267
144,135,0.5451693453685561,2.799331846992835,-9.794600441697742,-9.8649755233718,0.8162167034748119,0.8220812936143167,0.04574133443591234,0.056955094759625506,1.7072725765628718,0.6033989303317943,28.51305502673201,0.000586473791735188,0.0007220968279333224,0.0002765316243602272,24,0.413348913192749,2.5172266960144043,1.8369276523590088,4.767576456069946
145,136,0.5454732690175152,2.799317288532416,-9.80568432370379,-9.8649755233718,0.8171403603086492,0.8220812936143167,0.049792250681145775,0.056955094759625506,1.6700924707313334,0.6034964883110828,28.51592299324781,0.0005804701321392625,0.00027502591596070873,0.0003088158004906731,24,0.5575928688049316,2.415600538253784,1.4938902854919434,4.467142820358276
146,137,0.5453799739606567,2.79929262862462,-9.832765388124262,-9.8649755233718,0.8193971156770218,0.8220812936143167,0.05158332024483928,0.056955094759625506,1.6378793196908532,0.6033840021170278,28.512224520579064,0.000581056695922761,0.0003845510854448546,0.0003214403894126176,22,0.4568755626678467,2.6021337509155273,1.367147445678711,4.4262309074401855
147,138,0.5449505515849652,2.7992748694587646,-9.820970202197282,-9.8649755233718,0.8184141835164401,0.8220812936143167,0.05138788526649382,0.056955094759625506,1.6328351983255374,0.6033688849075969,28.511569450779028,0.0005769241461587041,0.0009473978590735951,0.0003102352212386998,21,0.4834001064300537,2.445340871810913,1.275197982788086,4.203988313674927
148,139,0.5448990584896951,2.7991571062655303,-9.801283086388713,-9.8649755233718,0.8167735905323927,0.8220812936143167,0.04531287766386692,0.056955094759625506,1.5535954812387445,0.6034923919448293,28.51521705836361,0.0005716102960055913,0.0005618926260765782,0.00028455564348042273,21,0.513115406036377,2.4948103427886963,1.3913872241973877,4.399372816085815
149,140,0.54480255394737,2.7992222016743358,-9.817572774940098,-9.8649755233718,0.8181310645783415,0.8220812936143167,0.04716434773550021,0.056955094759625506,1.6407927638161937,0.6035011297459068,28.515169998191585,0.0005668653405001783,0.0005461448991405969,0.00032143582449269245,21,0.4966108798980713,2.522031784057617,1.5646965503692627,4.583384275436401
150,141,0.5445551270315331,2.7991965600463304,-9.798253186404663,-9.8649755233718,0.8165210988670553,0.8220812936143167,0.044332287602408066,0.056955094759625506,1.5728787034175582,0.6036440172129648,28.51948766436241,0.0005622475535587988,0.0005532797460206542,0.00029442194284885954,22,0.5205528736114502,3.5520401000976562,1.3966081142425537,5.469260931015015
151,142,0.5447864012312819,2.7991872701053095,-9.783234539861786,-9.8649755233718,0.8152695449884821,0.8220812936143167,0.04436392168066351,0.056955094759625506,1.6364861666949508,0.6037938470287909,28.524401406947845,0.0005626175930001923,0.000538574977355634,0.000319608312742219,21,0.43800926208496094,2.5928688049316406,1.3114891052246094,4.3424293994903564
152,143,0.5456568133932174,2.799308565933673,-9.783731667213814,-9.8649755233718,0.8153109722678179,0.8220812936143167,0.04722422894414376,0.056955094759625506,1.6113693377584895,0.6038655752168303,28.526524574012345,0.0005625313484930844,0.0008896203352300025,0.0003278756967941706,21,0.40223002433776855,2.311354637145996,1.483694076538086,4.197333812713623
153,144,0.5741694983431637,1.2404126810869271,-9.761368593333492,-9.8649755233718,0.8134473827777909,0.8220812936143167,0.045432449204801245,0.056955094759625506,1.7649614906792692,0.6049348426884326,28.560067885556364,0.0005760961776306509,0.0004396064326714288,0.00023056070961863294,26,0.5654585361480713,2.44746994972229,1.8333275318145752,4.84639310836792
154,145,0.5467498566955378,2.7996523558982758,-9.806605326057566,-9.8649755233718,0.8172171105047972,0.8220812936143167,0.046866525748545544,0.056955094759625506,1.6430333424269747,0.6050298075214793,28.562572547615137,0.0005706824631634612,0.00035080152553700175,0.00040552627303426633,22,0.4858057498931885,2.3480353355407715,1.9675617218017578,4.801462173461914
155,146,0.5464998348045078,2.7995864256464893,-9.804896763278611,-9.8649755233718,0.8170747302732176,0.8220812936143167,0.045139418111058725,0.056955094759625506,1.5720644639597197,0.6051301052620457,28.56591734491937,0.0005654061960556413,0.0009661562855124834,0.0005306737872639944,22,0.41813158988952637,2.369950771331787,1.3017163276672363,4.089846611022949
156,147,0.546153090953262,2.7994959303415166,-9.78205817117565,-9.8649755233718,0.8151715142646375,0.8220812936143167,0.04674872382709655,0.056955094759625506,1.6898111372958198,0.6051494531974959,28.566792254295013,0.0005658426253108274,0.0008451713726500824,0.0005688096030880681,22,0.45916295051574707,2.635979413986206,1.5649137496948242,4.66013240814209
157,148,0.5436203741182637,2.798945688927377,-9.836969043435595,-9.8649755233718,0.8197474202862995,0.8220812936143167,0.05035031777292316,0.056955094759625506,1.6890179414970277,0.6048395071481841,28.55656906171026,0.0005688027405220314,0.0006383459324149509,0.00046518946318414373,22,0.4804832935333252,2.397153615951538,1.4325189590454102,4.310212135314941
158,149,0.5424414657935854,2.7987098292739425,-9.817695483085295,-9.8649755233718,0.8181412902571079,0.8220812936143167,0.050100561125320846,0.056955094759625506,1.6354313808269865,0.604774125822831,28.55416442302979,0.0005645590048440133,0.0004507313075126028,0.00022592584560002214,22,0.42728519439697266,2.3169238567352295,1.8906493186950684,4.63491678237915
159,150,0.5420182629952756,2.798621813951078,-9.852056180430086,-9.8649755233718,0.8210046817025072,0.8220812936143167,0.05204106861072035,0.056955094759625506,1.6907994591315543,0.6038581824980971,28.525585648202643,0.0005767542279558565,0.000666117598780598,0.00028502169634875475,22,0.4851808547973633,2.6913468837738037,1.5973291397094727,4.7739551067352295
160,151,0.5409183635982422,2.7984067953722778,-9.78575958482905,-9.8649755233718,0.8154799654024208,0.8220812936143167,0.04709557580416205,0.056955094759625506,1.632277776119551,0.6043400078622938,28.540739359835815,0.0005762484877293555,0.0008793586520425593,0.0002746842188415329,24,0.482682466506958,2.3918886184692383,1.4877855777740479,4.362434387207031
161,152,0.5418158422492304,2.7986044994170354,-9.776636233752443,-9.8649755233718,0.814719686146037,0.8220812936143167,0.0421581174026553,0.056955094759625506,1.5736006152535822,0.6047834224231553,28.555706481394775,0.0005798016097225932,0.0003792188679562447,0.00019802805823245387,23,0.5001378059387207,2.4047112464904785,1.310577154159546,4.215483903884888
162,153,0.5434252111594174,2.798922600621677,-9.811242274460424,-9.8649755233718,0.817603522871702,0.8220812936143167,0.047072387856949977,0.056955094759625506,1.6112879861014733,0.6048326535874069,28.556726629592557,0.0005748557913069149,0.00033090438413262396,0.000243826479016106,22,0.4784054756164551,2.337432622909546,1.4432833194732666,4.2591798305511475
163,154,0.5432359413769284,2.7988839521811153,-9.802874177846522,-9.8649755233718,0.8169061814872102,0.8220812936143167,0.0476155282793464,0.056955094759625506,1.656224734865134,0.604960925458157,28.56047984197578,0.0005700586478315599,0.00021824529051027504,0.0001883689245572258,22,0.479473352432251,2.527672529220581,1.8227646350860596,4.829970359802246
164,155,0.543362785639716,2.7988926582425013,-9.811183161596107,-9.8649755233718,0.8175985967996756,0.8220812936143167,0.04826288917193272,0.056955094759625506,1.5834528530278362,0.6050108269520933,28.56178970987484,0.0005652733786005609,0.00020858598720475147,0.00018566960219985152,22,0.45748376846313477,2.3501760959625244,1.9294817447662354,4.737215042114258
165,156,0.5431767563337041,2.7988496406232892,-9.796346272125426,-9.8649755233718,0.8163621893437855,0.8220812936143167,0.045360438032549404,0.056955094759625506,1.6396605827217599,0.6051864523043275,28.567201927180864,0.0005615082253216727,0.0002830464619162716,0.00019057541305463762,22,0.47714686393737793,2.4012484550476074,1.552642822265625,4.431114435195923
166,157,0.5436486237430866,2.7989358273537666,-9.820112515019169,-9.8649755233718,0.8183427095849307,0.8220812936143167,0.050538819511680856,0.056955094759625506,1.6078378132224884,0.6051462924559894,28.56568585900175,0.0005581266297761926,0.00032626810847461633,0.000247640200231006,22,0.600167989730835,2.8219051361083984,1.6691772937774658,5.091321229934692
167,158,0.5432143367718764,2.7988405607721876,-9.814145170556221,-9.8649755233718,0.8178454308796851,0.8220812936143167,0.04453253032073207,0.056955094759625506,1.5855475330608328,0.6051594652752338,28.565839602153,0.0005538024879650469,0.0002958013650163417,0.0001905317191386657,22,0.4499034881591797,2.579683303833008,1.9007346630096436,4.930376768112183
168,159,0.5429509944306846,2.798775618731123,-9.789415165187313,-9.8649755233718,0.8157845970989427,0.8220812936143167,0.04726783330714892,0.056955094759625506,1.6780428036541934,0.6053827189031102,28.57272178351868,0.0005519348885666177,0.0003361494676436503,0.00022076069813381863,22,0.47812581062316895,2.5291635990142822,1.7205634117126465,4.727914571762085
169,160,0.5438345999614961,2.798962735198417,-9.832924573145783,-9.8649755233718,0.8194103810954819,0.8220812936143167,0.047075975382549,0.056955094759625506,1.647973402383215,0.6051940301554736,28.566957187635783,0.0005527246077092361,0.0006330220048739804,0.00040284215372143347,21,0.43103480339050293,2.72320556640625,1.7285141944885254,4.882813453674316
170,161,0.5432572332937896,2.7988499537920166,-9.803530266754827,-9.8649755233718,0.8169608555629022,0.8220812936143167,0.04556016211591188,0.056955094759625506,1.630558660253115,0.6053079119260847,28.570046972567493,0.0005483382160970347,0.0003153292036882955,0.00018082842082409444,22,0.4445374011993408,2.440328359603882,1.608309030532837,4.493239641189575
171,162,0.5433586166851512,2.7988134564688987,-9.802693375550986,-9.8649755233718,0.8168911146292488,0.8220812936143167,0.044366923580283685,0.056955094759625506,1.5632082682451482,0.6054300116327704,28.573932914227058,0.0005440857076271267,0.0001612081615380478,0.00014182027007772193,22,0.49181652069091797,2.366126775741577,2.3428709506988525,5.2008748054504395
172,163,0.5434617137909622,2.7988860313103414,-9.789922113477477,-9.8649755233718,0.8158268427897898,0.8220812936143167,0.045688514620947245,0.056955094759625506,1.624238915738232,0.6056102850293457,28.579583167391938,0.0005421875052100205,0.00036240436668376466,0.000211108573359869,21,0.5081231594085693,2.631803274154663,1.7038440704345703,4.843868732452393
173,164,0.5442291514916587,2.799018705309716,-9.793167075063643,-9.8649755233718,0.8160972562553036,0.8220812936143167,0.043623054497931135,0.056955094759625506,1.6345235992093734,0.6057333608705611,28.583320859777597,0.0005394236812234938,0.0007514337437556645,0.00036588254602319946,21,0.4801933765411377,2.8186709880828857,1.8349347114562988,5.133857727050781
174,165,0.5448982598632479,2.7991411432798334,-9.790071079285758,-9.8649755233718,0.8158392566071465,0.8220812936143167,0.04364281185836658,0.056955094759625506,1.6071798611968404,0.6058171056087903,28.58590959887004,0.0005373962828449674,0.0005027777421440195,0.00042950053044325614,21,0.44202184677124023,2.3617565631866455,2.149580240249634,4.95342230796814
175,166,0.5479271878521971,2.799750679372104,-9.830347879009466,-9.8649755233718,0.8191956565841222,0.8220812936143167,0.04925773802920731,0.056955094759625506,1.6337038928235614,0.6059355479021532,28.58944258524807,0.0005376101711841058,8.085901449501919e-05,0.0002947862934463497,22,0.4525933265686035,2.6923770904541016,1.735649585723877,4.880674839019775
176,167,0.5494790142892717,2.7998423829069172,-9.802786068163064,-9.8649755233718,0.8168988390135886,0.8220812936143167,0.04604813609664826,0.056955094759625506,1.63129978836551,0.605998597505051,28.591337021467638,0.0005335309454040882,0.0007902306157125015,0.00041517970365922757,22,0.5012617111206055,2.423489570617676,1.827279806137085,4.752089023590088
177,168,0.5489538922063238,2.799837283343461,-9.791678676874318,-9.8649755233718,0.8159732230728598,0.8220812936143167,0.05133150224677542,0.056955094759625506,1.7195520909278343,0.605958139855419,28.58996880936825,0.0005311007777355068,0.0006682999819245665,0.00044275505218462053,22,0.4993612766265869,2.4137277603149414,1.96425461769104,4.8774025440216064
178,169,0.5441159356793647,2.7993119063689798,-9.815333083665205,-9.8649755233718,0.8179444236387671,0.8220812936143167,0.04929153579065863,0.056955094759625506,1.6284876143662927,0.6059809298534247,28.590191457237804,0.0005275499997702076,0.00020602796662129742,0.00033299643933589113,22,0.5020737648010254,2.320384979248047,1.805351734161377,4.627896308898926
179,170,0.5436929177089901,2.7993249334294914,-9.831665381575013,-9.8649755233718,0.8193054484645844,0.8220812936143167,0.05200630796876627,0.056955094759625506,1.6577237918779417,0.6058131867459552,28.584892566648733,0.0005280702211594835,0.00025901588076530317,0.00025095384571301074,22,0.4562671184539795,2.5299270153045654,2.1044440269470215,5.090712308883667
180,171,0.5429954624506853,2.7995592301462895,-9.786643695206331,-9.8649755233718,0.8155536412671943,0.8220812936143167,0.04526291322845802,0.056955094759625506,1.5933235819381508,0.6060171820327804,28.59158903383248,0.000527317019241557,0.0006098912291420571,0.0002153558152567882,21,0.45504140853881836,2.466240644454956,1.918900489807129,4.840226888656616
181,172,0.5442544684914199,2.7989590189035294,-9.820293220322572,-9.8649755233718,0.8183577683602143,0.8220812936143167,0.0490137396677467,0.056955094759625506,1.6310542375578478,0.6060014808892588,28.590891652134992,0.0005246434021427707,0.000353182895862089,0.0003192949623439745,22,0.4295518398284912,2.442255973815918,2.2213146686553955,5.093180418014526
182,173,0.5438879884860655,2.798805137472692,-9.826044880714662,-9.8649755233718,0.8188370733928885,0.8220812936143167,0.047336866203779276,0.056955094759625506,1.6445686739695446,0.6059033844867735,28.587748606652116,0.0005233166200845987,0.0006648287687119749,0.00037300733185223456,21,0.4195230007171631,2.3375847339630127,1.7991371154785156,4.5563085079193115
183,174,0.5434560550407986,2.7985308412390895,-9.840558914884573,-9.8649755233718,0.8200465762403811,0.8220812936143167,0.05228776819985913,0.056955094759625506,1.6588386059915052,0.6055411648509169,28.57661458257023,0.0005273974151720153,0.0007457585464753126,0.0003020099466647914,21,0.4991292953491211,2.8032045364379883,1.992842435836792,5.295251846313477
184,175,0.542853331450038,2.7979465233377034,-9.818578631511963,-9.8649755233718,0.8182148859593302,0.8220812936143167,0.04952271632982441,0.056955094759625506,1.6097664736449815,0.6054687171541514,28.5742121753921,0.0005243167199766852,0.00016041524834683365,0.00011808720955283576,24,0.4405796527862549,2.465374708175659,2.1234235763549805,5.0294482707977295
185,176,0.5426318678105314,2.797596268452814,-9.805552697967991,-9.8649755233718,0.8171293914973327,0.8220812936143167,0.04997644163191527,0.056955094759625506,1.6833472508299252,0.6055763202763674,28.577352043706508,0.0005205433563093216,0.0005224256469988593,0.0002511080674902654,22,0.47438621520996094,2.5343284606933594,2.3777928352355957,5.3865861892700195
186,177,0.5426490956647543,2.7977052471295405,-9.798189253788019,-9.8649755233718,0.8165157711490015,0.8220812936143167,0.0464155179362572,0.056955094759625506,1.661973122715338,0.6057594654736403,28.582890073720044,0.0005174878749331662,0.0009238916026963124,0.00033670778505587366,21,0.5219862461090088,3.0358994007110596,1.927400827407837,5.485349655151367
187,178,0.5428410628396912,2.7981360862726845,-9.83602187202058,-9.8649755233718,0.8196684893350484,0.8220812936143167,0.05297676274981532,0.056955094759625506,1.6534846764453874,0.6054008663941577,28.571862283219208,0.0005193209653248281,0.000649001795858983,0.0002639586622984719,22,0.44493842124938965,2.410534381866455,1.9905047416687012,4.846039295196533
188,179,0.5423581748539349,2.797512882946231,-9.799776528418876,-9.8649755233718,0.8166480440349063,0.8220812936143167,0.04227361697881324,0.056955094759625506,1.5584436587417372,0.6055820937333404,28.57729479093702,0.000516143716167384,0.00018350802127692874,0.00010300034864225821,24,0.5034770965576172,3.240910530090332,2.0132079124450684,5.757653713226318
189,180,0.5425056803765983,2.7978812457243674,-9.792272988473568,-9.8649755233718,0.816022749039464,0.8220812936143167,0.04754113467956,0.056955094759625506,1.6007308787238799,0.6058263598588342,28.585002982241416,0.0005142892872880522,0.00020629244964625926,0.00015703136461531995,24,0.5339341163635254,2.941274881362915,2.325803756713867,5.801100015640259
190,181,0.5428730714569856,2.7983969787516236,-9.800378949767019,-9.8649755233718,0.8166982458139183,0.8220812936143167,0.04840977563192615,0.056955094759625506,1.6173121298430857,0.6059634834400391,28.588832091027072,0.0005110796470933739,0.0003442385891726771,0.0002193427034815103,22,0.512843132019043,2.511362314224243,2.260143995285034,5.284414291381836
191,182,0.543038861399903,2.798513095139091,-9.827533897861288,-9.8649755233718,0.8189611581551074,0.8220812936143167,0.048197290433162066,0.056955094759625506,1.6430216512108302,0.60578489721992,28.583225079978057,0.0005101466279311415,0.00031414607249936714,0.00019694243299979037,22,0.4891014099121094,2.3018808364868164,1.9963304996490479,4.787371635437012
192,183,0.5426491766796766,2.798302350682856,-9.816781369326822,-9.8649755233718,0.8180651141105685,0.8220812936143167,0.049940752280112806,0.056955094759625506,1.627015954791247,0.6057386201745721,28.581602258554202,0.0005070946313411932,0.0009756453358008149,0.0003215231600528846,22,0.40199851989746094,2.5054564476013184,2.1683003902435303,5.0758137702941895
193,184,0.542443236612523,2.798168907112108,-9.79739258529904,-9.8649755233718,0.8164493821082534,0.8220812936143167,0.04696708649599719,0.056955094759625506,1.6328247814027463,0.6059243355553039,28.587278510401397,0.0005044193515999699,0.0007859605401094589,0.00024275283633368874,22,0.47237396240234375,2.570662021636963,2.3207571506500244,5.36385178565979
194,185,0.542693123641687,2.7983740861286153,-9.809738133983352,-9.8649755233718,0.817478177831946,0.8220812936143167,0.04748289778689625,0.056955094759625506,1.6308865359803235,0.6059680240417193,28.588331004569604,0.0005009731816327641,0.0005061051542761729,0.00023593575719274307,22,0.4431431293487549,2.4796335697174072,2.176717519760132,5.09956955909729
195,186,0.5426352968994212,2.7983524524130345,-9.820466121589234,-9.8649755233718,0.8183721767991029,0.8220812936143167,0.046332618049025415,0.056955094759625506,1.6164537461336579,0.6058696309688211,28.58516112179608,0.0004985619751463649,0.0009014527326637991,0.0002210734447401117,23,0.5531489849090576,2.500809907913208,2.315284252166748,5.369342565536499
196,187,0.5423627621222503,2.7981913128046503,-9.800960877784473,-9.8649755233718,0.8167467398153727,0.8220812936143167,0.04736977956823666,0.056955094759625506,1.6392402072905554,0.6060159034761387,28.58936617712879,0.0004955580837522043,0.0008861381657895518,0.00020911856374239903,23,0.46575331687927246,2.4512624740600586,2.757554292678833,5.674644947052002
197,188,0.542519917538833,2.798313333155593,-9.802380439124196,-9.8649755233718,0.816865036593683,0.8220812936143167,0.042950106533038254,0.056955094759625506,1.5558223578621977,0.6061395953719738,28.59293221079175,0.0004924602685785008,0.00014332839423858565,0.00012690929729102128,24,0.5114712715148926,3.0553886890411377,2.606647253036499,6.173565149307251
198,189,0.5426346910231531,2.798389111896703,-9.768157277360466,-9.8649755233718,0.8140131064467054,0.8220812936143167,0.045524963025954386,0.056955094759625506,1.6091473339432838,0.6064406539832398,28.603254949227196,0.0004997888895795492,0.0004738785092365243,0.00018045846691212142,24,0.5955076217651367,2.7762246131896973,2.46319580078125,5.83499002456665
199,190,0.5439061414467665,2.7990142443564583,-9.810901000301907,-9.8649755233718,0.8175750833584923,0.8220812936143167,0.05015927710462568,0.056955094759625506,1.6261889558586091,0.6064861836859478,28.604569250182617,0.0004965419676110819,0.0004691641104476406,0.00022083777266554628,22,0.47427797317504883,2.766477108001709,2.307995080947876,5.548809766769409
200,191,0.5438314093212657,2.7990154622352312,-9.81651780710113,-9.8649755233718,0.8180431505917608,0.8220812936143167,0.048814353966920895,0.056955094759625506,1.6740756993345514,0.6064897422008381,28.604498320958445,0.0004937764347629464,0.0003044761413099876,0.00019441966368969116,22,0.4405529499053955,2.4896621704101562,2.4593441486358643,5.3896324634552
201,192,0.5437406203551396,2.7990262283826244,-9.80017963759018,-9.8649755233718,0.8166816364658483,0.8220812936143167,0.04666942132649294,0.056955094759625506,1.62645046515604,0.6065931849959485,28.60784726151813,0.0004909186880035075,0.0006066091066237052,0.00020316477413886318,21,0.44079017639160156,2.4991295337677,2.59865403175354,5.538632392883301
202,193,0.5437866623894926,2.7989920619851913,-9.788767917993203,-9.8649755233718,0.8157306598327669,0.8220812936143167,0.04124171923870332,0.056955094759625506,1.609943842515932,0.6067154630438103,28.611441115819247,0.0004900396288129511,0.0003039989243162258,0.00017899555074561132,22,0.436201810836792,2.4194858074188232,2.321197032928467,5.1769609451293945
203,194,0.5441029725929096,2.798880895892462,-9.850835641428194,-9.8649755233718,0.8209029701190161,0.8220812936143167,0.054051224022346384,0.056955094759625506,1.6600801311926006,0.6063444167060833,28.599965727731703,0.0004989004652742855,0.00047598681549147087,0.0003042230693390892,21,0.4955413341522217,2.7951083183288574,3.0085229873657227,6.299231767654419
204,195,0.5439078509688169,2.7987682612086573,-9.782395348466535,-9.8649755233718,0.8151996123722113,0.8220812936143167,0.04435936561716218,0.056955094759625506,1.5804957868886476,0.606475212938576,28.604333246591246,0.0004998492945700409,0.0005538625251606381,0.00025790417085881813,22,0.4968404769897461,2.924788475036621,2.661128044128418,6.0828187465667725
205,196,0.5441736140916293,2.7989716726956546,-9.82870880205841,-9.8649755233718,0.8190590668382008,0.8220812936143167,0.05015263034513733,0.056955094759625506,1.606410484755699,0.6063895516221864,28.601416117548,0.0004994618969676208,0.0005875029494976906,0.00022059762048426865,22,0.44930219650268555,2.317945718765259,2.4806032180786133,5.247910499572754
206,197,0.5440322592050499,2.7989666589126085,-9.779916295574647,-9.8649755233718,0.8149930246312206,0.8220812936143167,0.04424674269026076,0.056955094759625506,1.6321207381430867,0.6064975014396258,28.605274370883247,0.00050120797279871,0.0003162280667440856,0.00016959961275166382,22,0.4728660583496094,2.494448184967041,2.7413179874420166,5.708726167678833
207,198,0.5443661220658551,2.7989370063009558,-9.786655587100167,-9.8649755233718,0.8155546322583472,0.8220812936143167,0.0442153628762602,0.056955094759625506,1.5897359742040322,0.6065811301959481,28.607820686845216,0.0005007855229953655,0.0006982573488672116,0.00023944144981774226,22,0.4755897521972656,2.525398015975952,2.536912202835083,5.5379719734191895
208,199,0.5444726418832717,2.7990360945592085,-9.810611240067054,-9.8649755233718,0.8175509366722545,0.8220812936143167,0.0465446930877609,0.056955094759625506,1.6045566400877647,0.6066291008713667,28.608887195437706,0.0004977140287241792,0.0005417280824377621,0.0003427555007875269,22,0.43326520919799805,2.4727134704589844,3.202094078063965,6.108130931854248
209,200,0.544417634413921,2.7990322229218294,-9.809128493190665,-9.8649755233718,0.8174273744325554,0.8220812936143167,0.04723876134779982,0.056955094759625506,1.6144165213720356,0.606683390864667,28.61044080869546,0.0004946356333298233,0.0006056722259090524,0.00024607057123472357,22,0.46715474128723145,2.303461790084839,3.0151796340942383,5.785858392715454
210,119,0.5760920106819836,1.2395998221814197,-9.8649755233718,-9.8649755233718,0.8220812936143167,0.8220812936143167,0.05227968974949042,0.056955094759625506,1.709234209261183,0.6025381851686473,28.488382666543963,0.0006154720193543298,0.0008459508944091363,0.0004525506426875613,21,0.39588046073913574,2.5752625465393066,1.0778944492340088,4.049100875854492
