,iter ,BETA_0,GAMMA_0,BETA_1,GAMMA_1,BETA_2,GAMMA_2,energy,best_energy,approx_ratio,best_approx_ratio,fidelity,best_fidelity,variance,corr_length,const_kernel,noise_kernel,std_energies,average_distances,nit,time_opt_bayes,time_qaoa,time_opt_kernel,time_step
0,0,0.36549915368362645,0.36847262348214765,0.695498304324691,0.5544441802459967,2.177939132047643,0.3399240022260565,-6.556333838442942,-6.556333838442942,0.5463611532035785,0.5463611532035785,0.002930854956304049,0.002930854956304049,5.167469425440537,18.14517527364653,42.40310587677942,1.3661583278179221,0.0,0.0,0,0.0,0.0,0.0,0.0
1,1,2.3230595678200783,1.5749724819219442,2.8564902105291536,1.267395993966534,2.7387769539953655,0.694672276534889,-6.9401978496866255,-6.9401978496866255,0.5783498208072188,0.5783498208072188,0.008938583830312444,0.008938583830312444,4.699728570599348,18.14517527364653,42.40310587677942,1.3661583278179221,0.0,0.0,0,0.0,0.0,0.0,0.0
2,2,1.2368302502703028,2.3780226652367964,1.006565548055569,2.387275492678978,1.4136582088523963,1.5391442028681444,-7.1666607135341795,-7.1666607135341795,0.5972217261278483,0.5972217261278483,0.030110575361323326,0.030110575361323326,6.150396674968391,18.14517527364653,42.40310587677942,1.3661583278179221,0.0,0.0,0,0.0,0.0,0.0,0.0
3,3,0.6945641125111531,0.16724747351939082,2.124363927238226,1.0194105954081958,2.8349382419284597,2.3466869511775266,-5.3485011759662715,-7.1666607135341795,0.4457084313305226,0.5972217261278483,0.0011867563151592292,0.030110575361323326,5.44569641251395,18.14517527364653,42.40310587677942,1.3661583278179221,0.0,0.0,0,0.0,0.0,0.0,0.0
4,4,2.597587966055681,1.891222649515828,2.818998683598812,2.014539455931231,0.9597195828574943,3.1048476183252802,-8.319288716648316,-8.319288716648316,0.693274059720693,0.693274059720693,0.00847345935135801,0.030110575361323326,3.9141369211273087,18.14517527364653,42.40310587677942,1.3661583278179221,0.0,0.0,0,0.0,0.0,0.0,0.0
5,5,3.071726353317007,1.7166464740801883,1.6627521021801375,2.655333847900368,2.343756230912677,2.8122935262551607,-7.341507498628365,-8.319288716648316,0.6117922915523638,0.693274059720693,0.03258014815518564,0.03258014815518564,6.286580460308258,18.14517527364653,42.40310587677942,1.3661583278179221,0.0,0.0,0,0.0,0.0,0.0,0.0
6,6,1.3442996931924611,2.728002738983869,0.29999741929788937,0.6493245612998179,0.429736344502407,0.18042660841741562,-7.12737903023504,-8.319288716648316,0.5939482525195866,0.693274059720693,0.00043835897870720845,0.03258014815518564,3.0364012698390965,18.14517527364653,42.40310587677942,1.3661583278179221,0.0,0.0,0,0.0,0.0,0.0,0.0
7,7,0.0937226702369389,2.991936962590161,0.597260889605287,1.6996257985652872,0.08924920337330686,1.9690783832762146,-4.028821673800307,-8.319288716648316,0.3357351394833589,0.693274059720693,9.426261862030753e-05,0.03258014815518564,5.495662121344921,18.14517527364653,42.40310587677942,1.3661583278179221,0.0,0.0,0,0.0,0.0,0.0,0.0
8,8,1.716227149978129,0.9718713391917138,2.219115471746447,2.867619112868563,0.8330941483151665,1.1787823816959087,-7.275965780085641,-8.319288716648316,0.6063304816738034,0.693274059720693,0.03394993962765124,0.03394993962765124,5.203133579104602,18.14517527364653,42.40310587677942,1.3661583278179221,0.0,0.0,0,0.0,0.0,0.0,0.0
9,9,2.0361993262165834,0.7445744905847267,1.5255050568719195,0.14795776239277725,1.7514948796817944,1.8884342462208885,-5.5743859764069015,-8.319288716648316,0.4645321647005751,0.693274059720693,0.0030257933217938127,0.03394993962765124,6.73734947737438,18.14517527364653,42.40310587677942,1.3661583278179221,0.0,0.0,0,0.0,0.0,0.0,0.0
10,1,3.141592653589793,2.041693994150464,3.141592653589793,3.141592653589793,1.8756704482209658,1.0097855846499901,-7.593880265293719,-8.319288716648316,0.6328233554411432,0.693274059720693,0.02279451341357034,0.03394993962765124,4.745648069477454,13.53094744831806,42.211873798295336,1.1064588453955084,3.700466263861167e-05,0.009754188313980101,71,3.187465190887451,7.404177665710449,0.37812089920043945,10.96983551979065
11,2,3.141592653589793,2.52863318537162,3.141592653589793,3.141592653589793,1.8010281277014875,0.01,-7.499639121559112,-8.319288716648316,0.6249699267965927,0.693274059720693,0.003943019610443245,0.03394993962765124,3.672571699004216,13.752315388857431,41.90064763829214,0.9933754130419996,3.479153741805967e-05,0.009388596743369173,91,3.659212112426758,7.067828893661499,0.2971005439758301,11.02419137954712
12,3,3.141592653589793,2.6424259505897236,3.141592653589793,3.141592653589793,1.794390744436357,0.01,-7.488727102557787,-8.319288716648316,0.6240605918798156,0.693274059720693,0.0035301095307010777,0.03394993962765124,3.63048045271654,2.5837057507014225,18.449961459715194,9.999999999999997e-06,3.269223047956793e-05,0.009891630359165154,98,4.099030494689941,7.318045377731323,0.4713151454925537,11.888447761535645
13,4,3.141592653589793,2.290187038397686,3.141592653589793,2.3774087219497546,0.7070937539016985,3.0450136268554884,-8.531153483427323,-8.531153483427323,0.7109294569522769,0.7109294569522769,0.01266528995368015,0.03394993962765124,3.056545378365513,2.649394436303122,17.968427136123857,9.999999999999997e-06,0.0004320837686584504,0.009678999402239293,48,1.9565551280975342,7.40099835395813,0.35642409324645996,9.714030504226685
14,5,3.0964900152229857,2.1583689448278873,3.141592653589793,2.306904492499801,0.8428638362087558,3.0525151038632172,-8.559307360209345,-8.559307360209345,0.7132756133507788,0.7132756133507788,0.01390017303179744,0.03394993962765124,3.1337097711703876,2.7474473408987774,18.043143862796544,9.999999999999997e-06,5.002971557248159e-05,0.009771017260928197,44,1.9051835536956787,7.465524435043335,0.5243005752563477,9.895062446594238
15,6,3.135241911069898,2.0885065202377895,3.141592653589793,2.306820566934196,0.8922326294323231,3.1187508689523695,-7.789638599752316,-8.559307360209345,0.6491365499793597,0.7132756133507788,0.00596660577538651,0.03394993962765124,3.6775244117319232,2.7420800845490754,18.091526992902605,0.11174516446613596,0.00015586848158826678,0.008396917012454834,51,2.305131435394287,7.2702250480651855,0.4336402416229248,10.009047985076904
16,7,3.141592653589793,2.6120730573292814,2.9990165400603916,2.4414702858750212,0.6489198012234798,2.5491558368740592,-8.135348557381619,-8.559307360209345,0.6779457131151349,0.7132756133507788,0.04126142476891278,0.04126142476891278,5.1695708123914415,2.8376751373581133,18.15964394363326,0.11097382987863885,0.00014787418475775392,0.009771495868037378,44,1.7744476795196533,7.1879942417144775,0.4339256286621094,9.396414756774902
17,8,3.141592653589793,2.2958319383124017,3.141592653589793,2.6128320455881155,0.6699214524171647,2.982670351131685,-8.933077047357248,-8.933077047357248,0.7444230872797707,0.7444230872797707,0.01764440796700895,0.04126142476891278,2.6750509984799464,2.984566231157268,19.54382075626021,0.14006623758490844,0.00012142658908316267,0.008712101429633464,50,2.04217529296875,7.2717955112457275,0.4734375476837158,9.787456274032593
18,9,3.141592653589793,2.2666390650393486,3.141592653589793,3.141592653589793,0.44631744549417235,3.141592653589793,-7.461793555525165,-8.933077047357248,0.6218161296270971,0.7444230872797707,0.003873354312318329,0.04126142476891278,3.797731277248033,2.83183632028891,17.094387112677953,0.19003989722487002,0.00072298549889984,0.009976839245389077,65,2.641481637954712,7.4813737869262695,0.5899722576141357,10.712915420532227
19,10,3.141592653589793,2.577879278725272,3.141592653589793,2.0287602428212206,0.9328960505489812,2.4892560668265395,-7.3527062773682115,-8.933077047357248,0.6127255231140176,0.7444230872797707,0.025293220506097367,0.04126142476891278,5.750161116555098,3.202826801800907,18.196251996443824,0.2790119283325165,0.000249273437809809,0.009642099305504095,45,1.9800870418548584,7.257795333862305,0.42201924324035645,9.65996766090393
20,11,3.141592653589793,1.7594859235291107,3.141592653589793,2.5930166901711225,0.6478815297597438,2.854353323522806,-9.736680879529153,-9.736680879529153,0.8113900732940961,0.8113900732940961,0.046295603865072074,0.046295603865072074,1.8956719562109896,3.676248130816171,20.89444667829109,0.448069778516618,0.00047334595031982784,0.009453838010933309,47,1.9343044757843018,7.462741374969482,0.4684944152832031,9.86558747291565
21,12,3.141592653589793,1.1055531706277308,3.141592653589793,2.877827901582994,0.17748958920967453,2.6718506967314006,-8.556648083397715,-9.736680879529153,0.7130540069498096,0.8113900732940961,0.01398298209275839,0.046295603865072074,2.9161494284479943,3.660255113490296,20.408089998952523,0.4183135627475563,0.00023577234888747995,0.008988718094685951,58,2.335972785949707,7.638251781463623,0.45516347885131836,10.42943549156189
22,13,3.141592653589793,0.9797155454895005,3.141592653589793,2.903484538088204,0.08589997719007192,2.658210115167735,-8.048431168008104,-9.736680879529153,0.6707025973340087,0.8113900732940961,0.0072320608392573114,0.046295603865072074,3.3008249478617415,3.533613105190718,19.134840547301557,0.4001755153105244,0.0001383742687746375,0.009423365819198563,66,2.7721261978149414,7.2638232707977295,0.4669308662414551,10.502927541732788
23,14,3.141592653589793,1.365220877520226,3.141592653589793,2.7954665613864083,0.5697912612222397,2.7647718431460664,-9.807495445824706,-9.807495445824706,0.8172912871520589,0.8172912871520589,0.05481510808180118,0.05481510808180118,1.8972965891747862,3.336288646580002,19.108944766922328,0.44773277012535034,0.00017791974479575577,0.008457092586478348,52,2.0945866107940674,7.362142324447632,0.42342233657836914,9.880202531814575
24,15,3.141592653589793,1.1704344250727574,3.141592653589793,2.89860648743676,0.6765982378998944,2.788937687404327,-9.700399117235916,-9.807495445824706,0.808366593102993,0.8172912871520589,0.050997744022737206,0.05481510808180118,2.210022029555077,2.6253543715481635,17.315799425136692,0.3687660224045199,0.00030610465341905684,0.009555478369576787,55,2.1861655712127686,7.217132091522217,0.4824533462524414,9.885835886001587
25,16,3.141592653589793,1.1207624892119488,3.141592653589793,2.8559673671767776,0.9209392845299466,2.808549231497752,-9.063202179957786,-9.807495445824706,0.7552668483298155,0.8172912871520589,0.043640937992021324,0.05481510808180118,3.8034870806619097,2.4613464833121443,16.60350515932605,0.32163788440067237,0.0007624249638266985,0.009960205701144566,50,1.951200008392334,7.398366928100586,0.4515244960784912,9.801141023635864
26,17,3.141592653589793,1.176322112420064,3.141592653589793,2.8047699815916745,0.9245028664026409,2.7823516203751826,-8.961668005377529,-9.807495445824706,0.7468056671147941,0.8172912871520589,0.04454675350751584,0.05481510808180118,3.9426774417158015,2.424843270688059,16.320891867517297,0.2984223703347137,0.0008546235706009023,0.00989264481833296,51,2.1924829483032227,7.4193384647369385,0.44225430488586426,10.054136037826538
27,18,3.141592653589793,1.2246179936998345,3.141592653589793,2.7758694272427467,0.8854533727935654,2.7648036073184716,-9.177512323923038,-9.807495445824706,0.7647926936602532,0.8172912871520589,0.054081742693851076,0.05481510808180118,3.6231787460910425,2.2351285584491882,15.570433940651801,0.2548109307443822,0.000707339727606668,0.009391278640385858,48,2.1501107215881348,7.996283054351807,0.6275806427001953,10.774068593978882
28,19,3.141592653589793,1.302844770308806,3.141592653589793,2.723030485238434,0.8545349956873641,2.7179481957687726,-9.038497011572568,-9.807495445824706,0.753208084297714,0.8172912871520589,0.05630474980474999,0.05630474980474999,3.784694585294858,2.188886444805997,15.338618762836067,0.23432915698883117,0.000878564341327362,0.009738419279920781,56,2.198329448699951,7.01981258392334,0.4280538558959961,9.646252155303955
29,20,3.141592653589793,1.3339261906232627,3.141592653589793,2.714025170946497,0.8250935127770408,2.7186289294947668,-9.214372764622597,-9.807495445824706,0.7678643970518831,0.8172912871520589,0.058206506911943956,0.058206506911943956,3.5103415552257644,2.044553215401387,14.793671172589239,0.2026569432401658,0.0007402937338486189,0.008334235241774202,52,2.087125539779663,7.258142948150635,0.4209163188934326,9.766233682632446
30,21,3.141592653589793,1.4026163796970939,3.0829321018614846,2.6873809599421565,0.7768520252165583,2.6816262469670473,-9.035022320102163,-9.807495445824706,0.7529185266751802,0.8172912871520589,0.0508340593635254,0.058206506911943956,3.715230660313779,2.0647068193742326,14.832235502972583,0.19450212068371697,0.0007638146104885505,0.009373601916704744,41,1.6456303596496582,7.154454708099365,0.4811267852783203,9.281299114227295
31,22,3.141592653589793,1.3878472951397054,3.141592653589793,2.7009398766630057,0.7781599821951422,2.725161586432434,-9.31162495285586,-9.807495445824706,0.7759687460713217,0.8172912871520589,0.05814275886525071,0.058206506911943956,3.325847279008755,0.9378663328728102,16.27990777183087,0.013893664220385741,0.000792094915558921,0.008770940686584348,42,1.8242828845977783,7.840891361236572,0.4415595531463623,10.106812000274658
32,23,2.693379337155259,1.7495310460667783,3.141592653589793,2.6990596876260513,0.550592766184175,2.788790604552244,-8.421734832713415,-9.807495445824706,0.7018112360594513,0.8172912871520589,0.03920849474036332,0.058206506911943956,5.414946483864682,2.129547055762242,15.073993666792127,0.1848831324397839,0.00094710857760034,0.009371966633632274,48,1.8919942378997803,7.178088426589966,0.6220002174377441,9.692147970199585
33,24,3.141592653589793,1.3331446694731832,3.0549643538897477,2.664327010953777,0.8043354403673957,2.74389407588012,-9.05097714570359,-9.807495445824706,0.7542480954752991,0.8172912871520589,0.04349314293275399,0.058206506911943956,3.6485194029364436,2.120382641385952,15.00524583858503,0.17551413650539882,0.0005825717341242187,0.009361963868439243,39,1.7394428253173828,7.213841915130615,0.5216622352600098,9.475006580352783
34,25,3.141592653589793,1.3381210249476452,3.141592653589793,2.678662053622419,0.7999001270787397,2.7622106681302228,-9.404635954992786,-9.807495445824706,0.7837196629160655,0.8172912871520589,0.05716953372800494,0.058206506911943956,3.1530165329563857,2.040226051516008,14.761110449839157,0.16153939180205287,0.000873543400086785,0.009551320169824315,45,1.7542622089385986,7.46650767326355,0.5922081470489502,9.813042163848877
35,26,3.141592653589793,1.3774295398464107,3.0161648828709544,2.6537183345185285,0.7642800797221233,2.7437000731745704,-9.007385699609058,-9.807495445824706,0.7506154749674215,0.8172912871520589,0.03735093846175634,0.058206506911943956,3.6351394387110076,2.0621051561219765,14.80506251402956,0.15732241941995262,0.000823409188662742,0.00918394675836817,42,1.7607131004333496,7.05961537361145,0.5400469303131104,9.360447883605957
36,27,3.141592653589793,1.3570194446714663,3.141592653589793,2.678125566662501,0.7820776613568878,2.7771479486813524,-9.436316966850987,-9.807495445824706,0.7863597472375822,0.8172912871520589,0.051143617108894486,0.058206506911943956,2.955124024523357,0.7649102040879813,17.520524676931252,0.002889441425560145,0.0009841524024637712,0.007948603755819083,50,2.106091022491455,7.358221530914307,0.6511762142181396,10.115606784820557
37,28,2.772411975222568,1.7620012135743417,1.6948368659883648,2.5780951173376407,2.181344371925682,2.5051375140034566,-7.318796355715062,-9.807495445824706,0.6098996963095885,0.8172912871520589,0.040270425921881986,0.058206506911943956,6.150798205142586,0.7737536139077056,17.312749766221255,0.0031086836677435494,0.0009897709463202906,0.0060169706653894015,73,3.0875775814056396,7.599412202835083,0.43221139907836914,11.119266510009766
38,29,3.141592653589793,1.2919468840068147,3.141592653589793,2.784879477281139,0.562364222478506,2.980423674889081,-9.051631287212361,-9.807495445824706,0.7543026072676967,0.8172912871520589,0.022163324063182666,0.058206506911943956,2.3642787797123503,2.0032055817195897,14.599870265583352,0.13599262451622904,0.000647188126621477,0.004606709457536695,69,2.752779483795166,7.396251440048218,0.5789885520935059,10.728085041046143
39,30,3.141592653589793,1.394114480748514,3.141592653589793,2.639477431940146,0.7437637631812586,2.750082310786617,-9.517063615646656,-9.807495445824706,0.7930886346372213,0.8172912871520589,0.057903874052948,0.058206506911943956,2.8705251134696255,1.9330512575000436,14.421762684735851,0.12807524958057837,0.0008212990000533552,0.007624742906888954,55,2.294381856918335,7.542161464691162,0.5295746326446533,10.366182088851929
40,31,3.141592653589793,1.421019929565054,3.141592653589793,2.600924695588135,0.708283383057203,2.728218596780137,-9.45263496663875,-9.807495445824706,0.7877195805532291,0.8172912871520589,0.05618855279174574,0.058206506911943956,2.9414700365548043,1.8627797878971089,14.257093675398265,0.11875841141228005,0.0010032550724922832,0.007388486305632192,53,2.2265071868896484,7.206387996673584,0.569591760635376,10.00254774093628
41,32,3.141592653589793,1.447124453570056,3.141592653589793,2.574025539862375,0.672978281749454,2.7098733638851185,-9.503077385593095,-9.807495445824706,0.7919231154660912,0.8172912871520589,0.05935208513658124,0.05935208513658124,2.860023271984275,0.7201134341997769,17.82299567349083,0.0022556223655190917,0.0009502812264214848,0.007076418979184406,53,2.2144722938537598,7.14677095413208,0.5756371021270752,9.936958074569702
42,33,1.4322964838482939,2.1825628216435837,1.229757726961438,2.2206325442730876,1.446972235826666,1.3894556374366185,-7.336315878849364,-9.807495445824706,0.6113596565707803,0.8172912871520589,0.005301290619302734,0.05935208513658124,4.933948381074558,1.8102962953733113,14.11522598805456,0.10724065084035253,0.0008126070932784257,0.005547298424778303,46,1.8583998680114746,8.113699913024902,0.4837222099304199,10.455932140350342
43,34,3.141592653589793,1.4700968977666253,3.141592653589793,2.5442987585283676,0.6369063539760104,2.6911620333558646,-9.462744497268604,-9.807495445824706,0.7885620414390503,0.8172912871520589,0.0576182853451742,0.05935208513658124,2.887231702040964,0.7256434274968455,17.562817787524143,0.002069148664529169,0.0009404494571135273,0.007002667099371134,53,2.400871992111206,7.544939041137695,0.702946662902832,10.648837804794312
44,35,1.643874502685249,1.907483377013802,1.5886614044057936,2.079513928784471,1.493145336448391,1.2044244248835232,-7.845080524848644,-9.807495445824706,0.6537567104040537,0.8172912871520589,0.017450548915564607,0.05935208513658124,3.35682658293328,0.7311436135843827,17.29339808544676,0.002134207529968025,0.0009667364578150373,0.008741093336034267,53,2.2038509845733643,8.329540491104126,0.46732306480407715,11.000779390335083
45,36,3.141592653589793,1.8537088376663164,3.141592653589793,2.5905051182221177,0.5746498566389376,2.7648667583029045,-9.72413259554262,-9.807495445824706,0.810344382961885,0.8172912871520589,0.04959136242624288,0.05935208513658124,1.9806741585181413,0.7376417662525174,17.14186376791653,0.0022029662078609496,0.0007768673915493617,0.00522228435989911,76,3.2100799083709717,7.419440269470215,0.669574499130249,11.299161911010742
46,37,3.077671687572756,1.9360488333569918,3.141592653589793,2.511347406429004,0.6365204832861412,2.786359104391305,-9.798327507697406,-9.807495445824706,0.8165272923081172,0.8172912871520589,0.06165233452294194,0.06165233452294194,2.1702597946274267,0.7412109449803523,17.095585240571598,0.0021227384946380283,0.000749849592323081,0.004474023803765161,79,3.3755745887756348,7.396651268005371,0.6343636512756348,11.406652212142944
47,38,3.052837748925603,1.97364969667456,3.141592653589793,2.485198549933588,0.6459792186481976,2.7813566671867593,-9.811300063080292,-9.811300063080292,0.8176083385900244,0.8176083385900244,0.06694422139724021,0.06694422139724021,2.260948595485246,0.7411854836305949,17.122476840499033,0.0018232986455466807,0.0009862856484455537,0.004670126823871157,70,2.9660308361053467,8.55663275718689,0.6748735904693604,12.197605848312378
48,39,0.8731179713173615,0.3809573410007281,2.0548696298489517,1.1213380416027883,2.646856543545134,2.129660606091434,-6.584218347562772,-9.811300063080292,0.5486848622968977,0.8176083385900244,0.010277385807037222,0.06694422139724021,5.52100954224499,0.7409168134375496,16.805807614969464,0.0018461058546383586,0.0009334058433827918,0.004492130540410736,70,2.889070510864258,8.018959283828735,0.705686092376709,11.613819360733032
49,40,1.6713462581563765,1.5781327462145152,1.949141929442988,1.9134921079619769,1.6955923070658887,1.0892544355592892,-6.69490155592075,-9.811300063080292,0.5579084629933958,0.8176083385900244,0.003464384261616493,0.06694422139724021,3.580604523175829,0.7351548053746417,17.03673643014924,0.001799646815676772,0.0007480975587860631,0.009873328939729057,51,2.713402032852173,7.9122254848480225,0.645585298538208,11.271287202835083
50,41,3.0399679168343896,1.9923247448469834,3.141592653589793,2.4738544205659907,0.6501741731979448,2.7810774434847336,-9.759321380170707,-9.811300063080292,0.8132767816808922,0.8176083385900244,0.07224488178637473,0.07224488178637473,2.450173308675602,0.7352168178824348,17.000273084318213,0.001708325773572822,0.0009060054225647824,0.0052724174034626085,56,2.3069560527801514,7.36781120300293,0.621823787689209,10.296653032302856
51,42,1.9107013157743435,2.0377176544931093,1.572201935741018,2.2176355042999107,1.235713550583706,1.136762858184148,-7.2936763223007555,-9.811300063080292,0.6078063601917296,0.8176083385900244,0.023760560544320544,0.07224488178637473,6.480730680239461,0.7361292310484341,16.847471541371874,0.0017236929753495416,0.0008554661777029224,0.00904987111873655,51,2.376699209213257,7.848198175430298,0.7458140850067139,10.970784425735474
52,43,1.500507701541223,1.7266404802930682,1.4598968614047088,1.9919416420556348,1.490365549495671,1.587112142602748,-6.178536416022766,-9.811300063080292,0.5148780346685639,0.8176083385900244,0.0008739278190023689,0.07224488178637473,6.414992260582196,0.7333742543252666,17.374257369298945,0.0016818054361039745,0.0006336069474678608,0.009986375921481484,61,3.0098154544830322,7.764195442199707,0.6824488639831543,11.456523180007935
53,44,1.5162000123435555,2.2195970025416507,1.5507634540130355,2.203841001519828,1.6844402432057737,0.8658991002934041,-7.491622395583269,-9.811300063080292,0.6243018662986057,0.8176083385900244,0.004431072227627033,0.07224488178637473,3.7718107205244564,0.7185597375203613,16.653953147739415,0.0016739706764616964,0.0007109044713140071,0.00618119270132807,35,1.3970119953155518,7.448682546615601,0.678412675857544,9.52418327331543
54,45,3.077140864989666,1.9259907261950848,3.141592653589793,2.5092301217450785,0.6463230406865162,2.7890518456368674,-9.803878282427505,-9.811300063080292,0.8169898568689588,0.8176083385900244,0.06481171806126383,0.07224488178637473,2.264972291523563,0.7164670913910732,16.67470207625743,0.0014017267740373644,0.0009720442916636532,0.0036532109082949766,60,2.8383870124816895,7.689669132232666,0.7175607681274414,11.245696067810059
55,46,3.0758121382979753,1.9222026361553421,3.141592653589793,2.507210653507016,0.6452919999289666,2.791733921192109,-9.719198464421993,-9.811300063080292,0.8099332053684994,0.8176083385900244,0.05824537070070113,0.07224488178637473,2.2929594604491115,0.7233122508786523,16.6128291681776,0.001907543573627829,0.0009621116651237229,0.003532781246405916,65,3.1389992237091064,7.923166990280151,0.659818172454834,11.722048282623291
56,47,3.078106126583113,1.9935443260407348,3.141592653589793,2.525188700929415,0.644760624573762,2.769359620068963,-9.701871594977172,-9.811300063080292,0.808489299581431,0.8176083385900244,0.06388211406311711,0.07224488178637473,2.4070282796011355,0.7285417814784555,16.63673581716918,0.002025409493661906,0.0010091062197698833,0.004014437439232171,62,2.6602256298065186,7.567412376403809,0.6324291229248047,10.860150575637817
57,48,3.045935722312192,1.9352716921194029,3.141592653589793,2.449356333742163,0.6098302659499533,2.7944540361605497,-9.816195717228693,-9.816195717228693,0.8180163097690577,0.8180163097690577,0.0660309363650138,0.07224488178637473,2.184176338194874,0.7312933123083726,16.61765644648877,0.001914526276975913,0.0008422497486377339,0.004557427179819469,66,2.837259292602539,7.878507852554321,0.7186386585235596,11.43447470664978
58,49,3.044807539333981,1.933653938299794,3.141592653589793,2.442754761271422,0.6034029185565938,2.795718816955976,-9.872458492285501,-9.872458492285501,0.8227048743571251,0.8227048743571251,0.06521245313653275,0.07224488178637473,1.9989631598085253,0.7307043511993832,16.669130658312977,0.0018436692587478452,0.0005891793486035281,0.0035743671610875744,57,2.97617244720459,7.823869705200195,0.6878697872161865,11.488016843795776
59,50,3.0395297738396025,1.9319523280721298,3.141592653589793,2.405029278890475,0.5726052933388782,2.7981000812620453,-9.896501009684137,-9.896501009684137,0.8247084174736781,0.8247084174736781,0.06439653796268965,0.07224488178637473,1.9419022347431252,0.7322638113838663,16.708440802732213,0.0017382599960034492,0.0009912686066342142,0.003965942244948,63,2.567223072052002,7.9679059982299805,0.6037592887878418,11.138950824737549
60,51,3.034342736585478,1.9366423120867353,3.141592653589793,2.37752208575951,0.5564473858346577,2.7960924783883563,-9.841951861333278,-9.896501009684137,0.8201626551111065,0.8247084174736781,0.0635098959796695,0.07224488178637473,1.9269779776567617,0.7328614946517403,16.637299515836446,0.001698287717946532,0.0009436132917036388,0.0029658233268330396,66,2.9651896953582764,8.532282829284668,0.7573695182800293,12.254906415939331
61,52,3.054005261397659,1.91379011269475,3.141592653589793,2.4304877235762623,0.555797607619005,2.8158212781227303,-9.904630524626224,-9.904630524626224,0.8253858770521854,0.8253858770521854,0.06514511889336935,0.07224488178637473,1.8283076243568246,0.73362556698257,16.635627784634227,0.0016155277199513395,0.0009937553793685201,0.0026298557332306194,67,2.8856089115142822,8.854736804962158,0.7010984420776367,12.441508054733276
62,53,3.0588425893982127,1.907875900650313,3.141592653589793,2.4389250171556998,0.5459355053809125,2.8245225332575874,-9.903680775732331,-9.904630524626224,0.8253067313110276,0.8253858770521854,0.057035992204181415,0.07224488178637473,1.6727916238186822,0.7329883148377757,16.6443955828881,0.0014814488608158607,0.0008380224946824335,0.002668520730502758,72,3.163797378540039,8.135175943374634,0.6525263786315918,11.951560020446777
63,54,3.059393825853426,1.9074607122915652,3.141592653589793,2.4406885016939643,0.5442173619946492,2.8263955559329945,-9.885966097104337,-9.904630524626224,0.8238305080920281,0.8253858770521854,0.05312023364572878,0.07224488178637473,1.6446947025605851,0.7323420510244301,16.647349074577008,0.0013715339430315015,0.0007902515485024147,0.0030886527131986793,67,3.061047315597534,7.67014741897583,0.7452468872070312,11.476539134979248
64,55,3.058116146761776,1.9095479710571563,3.141592653589793,2.4370714691959887,0.5482644708531593,2.822739566921668,-9.90908514863293,-9.90908514863293,0.8257570957194108,0.8257570957194108,0.05840803881526664,0.07224488178637473,1.699745539759519,0.7303999936467833,16.66234404172183,0.0012561799648900802,0.0009662257962608018,0.0029510057856245524,69,2.9447360038757324,7.726516246795654,0.6159012317657471,11.28721570968628
65,56,3.0591974159548805,1.9109453679074377,3.141592653589793,2.438566325742967,0.5467010807709942,2.82467229742098,-9.867803601942589,-9.90908514863293,0.822316966828549,0.8257570957194108,0.0556050232029566,0.07224488178637473,1.6745827456138471,0.7304003580777806,16.657977398367194,0.0012238181320109267,0.0009954252658776485,0.0027098666320756024,67,2.7571287155151367,7.344661474227905,0.5712766647338867,10.6731276512146
66,57,3.064082979772018,1.8815391224824107,3.141592653589793,2.4336090811849003,0.5486185000923525,2.8153470444439606,-9.88931086426843,-9.90908514863293,0.8241092386890357,0.8257570957194108,0.057081539048863345,0.07224488178637473,1.7281246129780925,0.7328202560441867,16.648466894630864,0.0011757476630014317,0.0007904998988111724,0.0022280387814139577,70,2.856889486312866,7.203125476837158,0.583524227142334,10.643604040145874
67,58,3.0423486851150163,1.9046860850646616,3.141592653589793,2.435381435837713,0.5514791391614539,2.8213400267929116,-9.889669226731394,-9.90908514863293,0.8241391022276162,0.8257570957194108,0.06013846769162192,0.07224488178637473,1.7889389497506443,0.7335669685875799,16.638091413142625,0.001113775968745941,0.0009048508816458838,0.002099527126261396,73,3.027468681335449,7.245445489883423,0.6128790378570557,10.88587760925293
68,59,3.0653493349845387,1.9064340683403544,3.141592653589793,2.4326914261529167,0.5508983468146544,2.8149889102744003,-9.921686149677774,-9.921686149677774,0.8268071791398145,0.8268071791398145,0.06086571001053023,0.07224488178637473,1.71015124160985,0.7321262333557811,16.625997495254293,0.00107487262777609,0.0008670111448587083,0.0020958098362242133,70,2.862149238586426,7.409367561340332,0.6988821029663086,10.970470428466797
69,60,3.092161689974105,1.9036337150157847,3.141592653589793,2.4293393114924737,0.5465878341841638,2.808006150005675,-9.864913013153302,-9.921686149677774,0.8220760844294418,0.8268071791398145,0.05352886126115458,0.07224488178637473,1.6453713856789562,0.7347032317447529,16.61576885637699,0.0010582378416584273,0.0008594211729989304,0.0021258239038408847,71,2.8082990646362305,7.133702993392944,0.7148325443267822,10.656913757324219
70,61,3.046233653400334,1.906238597113226,3.141592653589793,2.443943850769909,0.537545169873208,2.8013298241751436,-9.868033791002533,-9.921686149677774,0.8223361492502111,0.8268071791398145,0.05988749979516264,0.07224488178637473,1.7977737886995442,0.7371766746411017,16.611574718636597,0.001032497552569157,0.0009826748522921008,0.001753080454216317,74,3.025998115539551,7.338225603103638,0.6576132774353027,11.021920204162598
71,62,3.0501625169462425,1.9007290011914608,3.141592653589793,2.420722243253033,0.5675284531709458,2.839861554438543,-9.860972031078097,-9.921686149677774,0.8217476692565081,0.8268071791398145,0.05417561224098697,0.07224488178637473,1.7442751195271455,0.7381748141791841,16.575504028557216,0.0010171804448943697,0.000921230086901579,0.0017655039314630023,75,2.955476760864258,7.640721082687378,0.5461363792419434,11.142394542694092
72,63,3.0566131453722507,1.9465971687977601,3.141592653589793,2.440383148638828,0.5484364054274319,2.821091091107137,-9.892588432162562,-9.921686149677774,0.8243823693468801,0.8268071791398145,0.05502846701235893,0.07224488178637473,1.6633560618119958,0.7394392428681836,16.57494517166726,0.0009763142863226121,0.0009503351009637909,0.0016328830397052856,79,3.1071157455444336,7.348570346832275,0.5757865905761719,11.031550645828247
73,64,3.0600595791397347,1.9283548914196675,3.141592653589793,2.4372921990536,0.552428802825468,2.815522614687628,-9.877269037039587,-9.921686149677774,0.8231057530866323,0.8268071791398145,0.0563636754207707,0.07224488178637473,1.6948585137541272,0.7395268521026463,16.578523637017888,0.0009385824646424974,0.0009964869301831998,0.0013596969742948536,84,3.454207420349121,7.359090328216553,0.5972647666931152,11.410634279251099
74,65,3.05230739399376,1.9308040563945799,3.0998232704181503,2.4326170050825127,0.5522161538506873,2.8186255829795246,-9.871975550994746,-9.921686149677774,0.8226646292495622,0.8268071791398145,0.05982277223332001,0.07224488178637473,1.883929982963025,0.7404125539574714,16.395382434892472,0.0009342983501811699,0.0005604929327676897,0.0017096618789376131,58,2.3257882595062256,8.063729047775269,0.6500520706176758,11.039676904678345
75,66,3.0584059920363766,1.9176941136588515,3.141592653589793,2.435515196764627,0.5527620882041061,2.815132254378588,-9.882595792794376,-9.921686149677774,0.8235496493995313,0.8268071791398145,0.05932433888966855,0.07224488178637473,1.7751919795923214,0.7397525910074974,16.399653980101046,0.0008885104610773543,0.0008959518468504541,0.0012508804242420968,83,3.3483424186706543,7.446202993392944,0.690446138381958,11.485053777694702
76,67,3.026501488179277,1.9625801871383102,3.141592653589793,2.4340930650671138,0.5507372269068624,2.8322813680389087,-9.928455773698397,-9.928455773698397,0.8273713144748664,0.8273713144748664,0.06063974315977365,0.07224488178637473,1.6345617629917228,0.742570986140751,16.48056723768696,0.0009036685852694268,0.0009760373437239364,0.0028545363003702195,81,3.308875560760498,7.218823194503784,0.82700514793396,11.354764461517334
77,68,3.009829665798164,1.9834445422558047,3.141592653589793,2.431492647778695,0.5485546498230641,2.840329184178288,-9.905327135238569,-9.928455773698397,0.8254439279365474,0.8273713144748664,0.06485148173733295,0.07224488178637473,1.7345189252266948,0.7435634422475008,16.471076874596562,0.0008708380475859189,0.0005977342922854445,0.0016217419396610767,75,3.161802053451538,7.423786640167236,0.6949632167816162,11.280610799789429
78,69,3.020916497974617,1.9692643827398355,3.141592653589793,2.435398140457705,0.5495188222020084,2.8366761695270943,-9.950121332709477,-9.950121332709477,0.8291767777257898,0.8291767777257898,0.06562290169633708,0.07224488178637473,1.6545647917216257,0.7426075849520828,16.487703014989663,0.0008766716259279992,0.0006689607604741058,0.0011849143351028192,74,3.140913724899292,7.408605098724365,0.7563037872314453,11.30596661567688
79,70,2.965846275296213,2.0293573109826264,3.141592653589793,2.4071976361775613,0.5549074794934645,2.8489265000112916,-9.913151874275032,-9.950121332709477,0.8260959895229193,0.8291767777257898,0.06217115317613694,0.07224488178637473,1.7299881072600272,0.747243326487777,16.50911711514736,0.0008690754696795026,0.0007236686374514808,0.0021370337479003658,62,2.665808916091919,7.203254699707031,0.638286828994751,10.507412433624268
80,71,2.9020606591119398,2.0837968281673898,3.141592653589793,2.351472021506056,0.5836687192860289,2.8432620331807383,-9.802778021458233,-9.950121332709477,0.8168981684548527,0.8291767777257898,0.06200857719832443,0.07224488178637473,1.9114201863054063,0.7498210899743066,16.42769411889005,0.0008631272341993874,0.0008909444469675747,0.002993734967056523,62,2.5558414459228516,7.592495679855347,0.8520238399505615,11.000437259674072
81,72,3.00728159576871,1.992058225926785,3.141592653589793,2.444974704019978,0.5429812867457545,2.8515093013704056,-9.96279728351802,-9.96279728351802,0.830233106959835,0.830233106959835,0.06281889644564198,0.07224488178637473,1.6074115076882123,0.7495302565536979,16.441952190030324,0.0008621528980090428,0.0009743626310384917,0.002109308024602938,73,3.007312059402466,7.3653244972229,0.8178305625915527,11.19053864479065
82,73,3.0054823814569858,2.0026394252799604,3.141592653589793,2.4604946539882064,0.5334809219306704,2.861191332840046,-9.97479061237226,-9.97479061237226,0.8312325510310217,0.8312325510310217,0.06529359768260884,0.07224488178637473,1.6210062665686849,0.74764994603766,16.459831857003106,0.0008350257651096155,0.0009554249217449647,0.0017166394605082683,62,2.596181869506836,7.1379053592681885,0.6799530982971191,10.414103984832764
83,74,3.004343319300094,2.010476577301019,3.141592653589793,2.4717357477737845,0.524997870556347,2.867233922131788,-9.932645449596054,-9.97479061237226,0.8277204541330044,0.8312325510310217,0.055480683990369435,0.07224488178637473,1.4752237739648422,0.7504667910999946,16.440082690911105,0.0008338371597843863,0.0009236855967864617,0.001963120215238778,67,2.7680294513702393,7.2425007820129395,0.8419086933135986,10.85251235961914
84,75,3.001935077214296,1.9974207906260553,3.141592653589793,2.4611895270760282,0.5469427513593376,2.868424234559733,-9.962930587474512,-9.97479061237226,0.830244215622876,0.8312325510310217,0.0607305579976206,0.07224488178637473,1.6063541170013735,0.7500295554281747,16.445162488972056,0.0008037539073450689,0.0009911391884723673,0.001362460656571251,69,3.0506439208984375,7.254073858261108,0.7214410305023193,11.026222944259644
85,76,3.0005879449140798,1.9970276818137065,3.141592653589793,2.462223765858367,0.5495088052508503,2.870488345073468,-9.971119433523128,-9.97479061237226,0.8309266194602607,0.8312325510310217,0.06213370149680488,0.07224488178637473,1.5415232707174056,0.7487370952834108,16.454062621002773,0.0007733946722083247,0.0008797284149293544,0.0013149354515243092,74,3.48360013961792,7.111215829849243,0.7310693264007568,11.32599687576294
86,77,2.998558119048224,1.9966118346849204,3.141592653589793,2.4637518726274865,0.5530704935463189,2.87358969599141,-9.9572575591941,-9.97479061237226,0.8297714632661749,0.8312325510310217,0.05617287652768435,0.07224488178637473,1.5401613987505698,0.7486020456510379,16.453924394162296,0.0007449542122300707,0.000975264540500854,0.0013870602075462834,71,2.928288698196411,7.141634225845337,0.7369935512542725,10.806980609893799
87,78,2.999945578640091,1.9970462139815066,3.141592653589793,2.462737985607784,0.5508875995597684,2.871452195233374,-9.976661246136377,-9.976661246136377,0.8313884371780315,0.8313884371780315,0.059498607841764306,0.07224488178637473,1.5413303804061798,0.747014333079213,16.462106550781208,0.0007187546731140663,0.0007301865093200712,0.000975326328080796,71,3.3843953609466553,7.196409225463867,0.8754699230194092,11.456337213516235
88,79,2.9980751692408325,1.996914665257168,3.141592653589793,2.46416112442526,0.5542454538997295,2.8742295869208143,-9.960459630411476,-9.976661246136377,0.8300383025342897,0.8313884371780315,0.06236948376592257,0.07224488178637473,1.557637794653047,0.7462906802106885,16.463844696424697,0.000690986450926255,0.0009507334687784638,0.0013493931081432595,74,3.101104259490967,7.400199890136719,0.7879066467285156,11.289276838302612
89,80,2.9989511207114377,1.997056427502613,3.141592653589793,2.4634950663712845,0.5528886435457331,2.8729120524249874,-9.987102212850095,-9.987102212850095,0.8322585177375079,0.8322585177375079,0.06293320901618807,0.07224488178637473,1.5609588274653277,0.7449249647185002,16.472543786558955,0.0006779644346528912,0.0009414933597568409,0.001382381538577798,70,3.0318286418914795,7.178553342819214,0.7153525352478027,10.925812244415283
90,81,2.9927431277039878,1.9984267380765584,3.141592653589793,2.467176387826962,0.5610136540326297,2.879230179178565,-9.947474468358045,-9.987102212850095,0.8289562056965037,0.8322585177375079,0.057483838696176306,0.07224488178637473,1.570935424295115,0.7451866697883791,16.460126614773518,0.0006654341687318693,0.0007647453163203198,0.001454180863637405,69,3.0434250831604004,7.404266357421875,0.679340124130249,11.12709641456604
91,82,3.006855961525028,1.9970179652982618,3.1415875287010744,2.4604772693523995,0.5507480323325051,2.875931245821704,-9.944851279206269,-9.987102212850095,0.8287376066005224,0.8322585177375079,0.05440373023924606,0.07224488178637473,1.477999793312648,0.7455810528221617,16.46399834084107,0.0006541257983188945,0.0009853800352132818,0.0014657635054589446,77,3.484247922897339,7.372415542602539,0.6373522281646729,11.494092226028442
92,83,2.988154142868786,1.9926624713344092,3.141592653589793,2.4711348363044143,0.5494685582597313,2.861834258404247,-9.94350410045486,-9.987102212850095,0.8286253417045716,0.8322585177375079,0.06096760207697709,0.07224488178637473,1.649678519539549,0.7469609341649268,16.454345819573547,0.0006447285494247391,0.000724244232442625,0.000898914706193169,75,3.7499210834503174,7.3003294467926025,0.7396926879882812,11.790004253387451
93,84,3.0068733050246976,2.009285738606692,3.141592653589793,2.4594064513579563,0.5552154663967863,2.870332757874194,-9.987333901486814,-9.987333901486814,0.8322778251239011,0.8322778251239011,0.06429562029524782,0.07224488178637473,1.544969533361396,0.7459072113311453,16.457219325064695,0.0006383743455332558,0.0005880311266442823,0.0005732955032626291,88,4.430562257766724,7.356900930404663,0.9000952243804932,12.687650918960571
94,85,3.010321819885628,2.0188797378930654,3.141592653589793,2.459779414745608,0.5599000688935996,2.870580957881756,-9.92692666061923,-9.987333901486814,0.8272438883849359,0.8322778251239011,0.05551207895890896,0.07224488178637473,1.509774311372908,0.7490768704138221,16.444710168296346,0.0006574780394972722,0.0009886992069769482,0.0010223301495585458,70,3.415493965148926,7.583995342254639,0.7924790382385254,11.792032957077026
95,86,1.7073591454891506,2.2837784206154375,1.781175969285542,2.2267286825833112,1.6498037798616039,1.2970037536237562,-7.3399997331530376,-9.987333901486814,0.6116666444294198,0.8322778251239011,0.017753902493007866,0.07224488178637473,4.740739398644564,0.7497891635592968,16.20698665974884,0.0006598038089947987,0.0005435754241518239,0.009533465962159,56,3.011476755142212,7.355105638504028,0.7258727550506592,11.092533588409424
96,87,2.9964019773504718,1.9903439814796613,3.141592653589793,2.4504149781788462,0.5398231370147369,2.882290187538411,-9.94110643541103,-9.987333901486814,0.8284255362842524,0.8322778251239011,0.05510324531018819,0.07224488178637473,1.4828849877991814,0.7509142011269899,16.20386092252813,0.0006499494935043889,0.0008985661674863828,0.000976023736987344,82,4.028981447219849,7.292837619781494,0.7580344676971436,12.079939126968384
97,88,3.0032947636853122,1.9969487271969357,3.141592653589793,2.465235767722823,0.5518003170891783,2.864157559100591,-9.940269887200182,-9.987333901486814,0.8283558239333485,0.8322778251239011,0.06155663814470895,0.07224488178637473,1.6278196173367974,0.7517198596993896,16.202938610426177,0.0006455301774977663,0.0007425742867270383,0.0007122683812318564,73,3.4942574501037598,7.364874362945557,0.8049278259277344,11.664122819900513
98,89,2.9917041751669164,2.0093506266525143,3.108601027826797,2.458692131222433,0.5510214208624162,2.8726375229046344,-9.927750682300063,-9.987333901486814,0.8273125568583386,0.8322778251239011,0.057826407683880796,0.07224488178637473,1.6168701665569927,0.7544532406094345,16.19565905003376,0.000638054498031539,0.000795417176824051,0.0012208276232726486,54,2.5798821449279785,7.26810884475708,0.6644799709320068,10.512537002563477
99,90,3.002008753218501,1.9976798028786817,3.141592653589793,2.4602597106630406,0.54964051809944,2.867928037218229,-9.975838249964466,-9.987333901486814,0.8313198541637056,0.8322778251239011,0.06103515332828229,0.07224488178637473,1.5420587679535345,0.7531699584761743,16.1968923327341,0.0006230620075258277,0.0009137699697508662,0.0006379040009343101,86,4.110892295837402,7.268494606018066,0.7461888790130615,12.125672817230225
100,91,3.002252236195389,1.9974838966461583,3.141592653589793,2.460038694661442,0.5498215187514152,2.867490135214481,-9.919390814891933,-9.987333901486814,0.8266159012409945,0.8322778251239011,0.05724260536676866,0.07224488178637473,1.6057460984891492,0.7562952202935734,16.194055508948033,0.0006589680352598044,0.0008168268958007519,0.0006809402754893893,100,5.582389831542969,7.795575141906738,0.8649899959564209,14.24302077293396
101,92,3.0008267046590977,1.998617355408249,3.141592653589793,2.4606879362879264,0.5488996787459673,2.8694246842524858,-9.969962505979217,-9.987333901486814,0.8308302088316014,0.8322778251239011,0.05912935671857498,0.07224488178637473,1.492213140176105,0.7553018721845575,16.19588752488357,0.0006422420703127143,0.0008933070343235443,0.0007943653985200101,95,5.184776067733765,7.159458160400391,0.7905588150024414,13.13488483428955
102,93,3.000474089106632,1.998873632093096,3.141592653589793,2.460314472487465,0.5487823344717246,2.8693953862552233,-9.996944882444135,-9.996944882444135,0.8330787402036779,0.8330787402036779,0.0629708290723016,0.07224488178637473,1.5257095229701463,0.7549220092763417,16.194193884043315,0.000659257886370283,0.0006116940239229234,0.0006403982484866397,90,4.7115702629089355,7.530719518661499,0.6905219554901123,12.932873487472534
103,94,2.998619284823887,1.9998652421938026,3.141592653589793,2.4586471887251777,0.5481344316601064,2.8696083659933787,-9.924460323689253,-9.996944882444135,0.8270383603074377,0.8330787402036779,0.05777669016623394,0.07224488178637473,1.612692043185973,0.7568739623120476,16.190965854306075,0.0006795508172543942,0.0009590907616574824,0.0005590854058024807,98,4.7144598960876465,7.973745822906494,0.7157065868377686,13.403978109359741
104,95,3.02460993633796,1.9771659052719146,3.141592653589793,2.4950421605191364,0.542896027692348,2.878477018442761,-9.899737471830516,-9.996944882444135,0.824978122652543,0.8330787402036779,0.054918413642355175,0.07224488178637473,1.634254917966615,0.7558156869312183,16.197038186501178,0.0006734961315462246,0.000985619509807419,0.0014274440064286611,82,4.2915239334106445,7.243172883987427,0.8019313812255859,12.336690902709961
105,96,2.990246782820679,2.0071536655536657,3.141592653589793,2.454030642225726,0.5515504509431807,2.8670815999479986,-9.97765729513318,-9.996944882444135,0.8314714412610984,0.8330787402036779,0.06398824874892098,0.07224488178637473,1.555541088679817,0.7551146231542784,16.202977305586735,0.0006623390667495345,0.0008729633280494416,0.0007626743054071901,95,5.006662368774414,7.303245544433594,0.8007681369781494,13.110772371292114
106,97,2.9850219355144714,2.010711063085439,3.141592653589793,2.454953730721778,0.552387886098744,2.867125462908291,-9.988863300226726,-9.996944882444135,0.8324052750188938,0.8330787402036779,0.06585010388397869,0.07224488178637473,1.6331339627030133,0.7540177416546398,16.21479016801297,0.0006583918591989642,0.000777080802908612,0.0007093750158085879,84,4.519488096237183,7.182442665100098,0.9422159194946289,12.644214391708374
107,98,2.9748586944903614,2.018755593078358,3.141592653589793,2.458821806361491,0.5542121527842315,2.8683256883964168,-9.96857924779712,-9.996944882444135,0.8307149373164266,0.8330787402036779,0.06283278683522653,0.07224488178637473,1.6149489213279224,0.7541180678597874,16.219457721714246,0.0006440631564840648,0.0009695688942875713,0.0009557094037903083,73,4.094194650650024,7.8206634521484375,1.0651459693908691,12.980084896087646
108,99,2.9785844233949357,2.0152973833436665,3.141592653589793,2.4568074429876194,0.553421809329219,2.8675499043736323,-9.97585016374454,-9.996944882444135,0.8313208469787116,0.8330787402036779,0.06409557367449206,0.07224488178637473,1.6199772011076163,0.7531992823817794,16.225407218385037,0.0006285975602337772,0.0008864982026191659,0.0008913753283433222,75,4.0919787883758545,7.087478160858154,0.8710513114929199,12.050570011138916
109,100,2.9771890879958045,2.016419728259534,3.141592653589793,2.4573867442992228,0.5535832874574453,2.8677926633372723,-9.9688472046286,-9.996944882444135,0.8307372670523834,0.8330787402036779,0.06060224645954654,0.07224488178637473,1.5605478757599514,0.7526655288414859,16.22777633321034,0.0006133639579860041,0.0008941507886543806,0.0008114344807199418,79,4.503446102142334,7.1285035610198975,0.9252557754516602,12.557273864746094
110,101,2.9785247198368463,2.015329216067815,3.141592653589793,2.4567305859266493,0.5532866241236248,2.8675955991415973,-9.974731079596593,-9.996944882444135,0.8312275899663827,0.8330787402036779,0.06395942207442966,0.07224488178637473,1.60249893452378,0.7517444989724722,16.231828788670672,0.000598399415131953,0.0009729461009217042,0.0008567400345746448,83,4.705964088439941,7.078401327133179,0.9072456359863281,12.69168734550476
111,102,2.9779716640932485,2.0157724343586496,3.141592653589793,2.4569177554331643,0.5532736736626109,2.8677246642204315,-9.952200928085693,-9.996944882444135,0.8293500773404744,0.8330787402036779,0.06124483186072312,0.07224488178637473,1.6205648351870394,0.7522019311361917,16.22759882323732,0.0005924751591926346,0.000899869379078686,0.0006836705505676832,81,4.622056245803833,7.2122063636779785,0.9532363414764404,12.78756046295166
112,103,2.982142740201696,2.012585018198984,3.141592653589793,2.4552152692612492,0.5527853543090027,2.867076063090162,-9.966355365919208,-9.996944882444135,0.8305296138266006,0.8330787402036779,0.06481710968782231,0.07224488178637473,1.6470301357777402,0.7515735617182978,16.229554281701503,0.0005786736366616032,0.0009396144502153871,0.0006702834891601788,90,4.673670768737793,7.559582710266113,0.7937071323394775,13.027032136917114
113,104,2.982513185494197,2.012431417892286,3.141592653589793,2.455190266641359,0.5526379746748489,2.8671059275591846,-9.956031438749731,-9.996944882444135,0.8296692865624776,0.8330787402036779,0.05972590545696542,0.07224488178637473,1.5557644620417506,0.7515266120338739,16.229925768977274,0.0005693511210986804,0.0009933283074824975,0.0006369694066889803,88,4.831042766571045,7.622164249420166,0.9521822929382324,13.405460357666016
114,105,2.983577818346424,2.0119227550136256,3.141592653589793,2.4552750824172827,0.5524481194538838,2.867133107223833,-9.985608910747006,-9.996944882444135,0.8321340758955839,0.8330787402036779,0.06208810198972666,0.07224488178637473,1.5550518831464615,0.7504834964086484,16.232304451540163,0.0005620462888809909,0.0008729988648112048,0.00065779589383367,93,5.177250862121582,7.0734922885894775,0.8586225509643555,13.109430313110352
115,106,2.9828812582455555,2.0123466648495625,3.141592653589793,2.455066592835379,0.5524451393310721,2.867027969824586,-9.968746683414885,-9.996944882444135,0.8307288902845738,0.8330787402036779,0.061432148718880086,0.07224488178637473,1.5411696474339749,0.7497108630996345,16.234428018877065,0.0005492582306582917,0.000979632196895557,0.0007009053268126183,76,3.993511438369751,7.742175579071045,1.039123296737671,12.7748703956604
116,107,2.983027205868865,2.012285020875582,3.141592653589793,2.4550338862590237,0.5523517473772452,2.8670519244447656,-9.957217708361222,-9.996944882444135,0.8297681423634352,0.8330787402036779,0.060949625756539186,0.07224488178637473,1.560821337375927,0.7495471750910426,16.23519989472883,0.0005405052983275844,0.0008886970152656701,0.000598764433778319,91,5.045000314712524,7.2897279262542725,0.8240683078765869,13.158866167068481
117,108,2.9525036505103333,2.05351541542663,3.141592653589793,2.4688486407007137,0.5597946856208966,2.8876833841238567,-9.973154505563567,-9.996944882444135,0.8310962087969639,0.8330787402036779,0.059752443182591514,0.07224488178637473,1.5757648896737066,0.7519428949422468,16.273837585761207,0.000539628805093889,0.0009940612649556974,0.0013319859223400112,80,4.4678053855896,7.273378133773804,0.9960153102874756,12.73725962638855
118,109,2.962402715899932,2.037758134530691,3.141592653589793,2.461375171096318,0.5554639008498671,2.886181949334121,-9.975030429804496,-9.996944882444135,0.8312525358170414,0.8330787402036779,0.06202718142059761,0.07224488178637473,1.537818112155648,0.7516748860138313,16.277182641742787,0.0005293377874153979,0.0008195069040162759,0.0014428438871978504,82,4.706776142120361,7.672218561172485,0.9546117782592773,13.333667039871216
119,110,2.963704746411622,2.038529355134614,3.141592653589793,2.462815996881761,0.5557539895059984,2.883401051462608,-9.999643540034713,-9.999643540034713,0.8333036283362261,0.8333036283362261,0.06399481978635983,0.07224488178637473,1.575192484958535,0.7507217608526917,16.281697166935295,0.0005293565384812707,0.0009113596263207803,0.0013819877604142072,80,4.416733264923096,7.292025566101074,1.2845592498779297,12.993397951126099
120,111,2.9605791130627246,2.042784782459,3.141592653589793,2.4622300313457606,0.5528803858511094,2.8889576507336394,-9.989811284514717,-9.999643540034713,0.8324842737095598,0.8333036283362261,0.063237651625017,0.07224488178637473,1.5414439258408095,0.7495874284482248,16.287643218266215,0.0005196210280215152,0.0009730765705414898,0.0010424866384134426,73,3.9529073238372803,7.436636209487915,0.9035747051239014,12.293185949325562
121,112,2.958250294933817,2.044558080353605,3.141592653589793,2.460916051582796,0.5496857981181643,2.8928479103115436,-9.999896031950911,-9.999896031950911,0.8333246693292425,0.8333246693292425,0.061682210510569754,0.07224488178637473,1.476426941844494,0.7481774962642378,16.299357166019632,0.0005126475399998555,0.000973063633210883,0.0011202956465844972,78,4.141916513442993,7.221397161483765,0.9276516437530518,12.29102873802185
122,113,2.953815771267295,2.0479513569410512,3.141592653589793,2.4590786731410064,0.5446534084906279,2.8991006600082025,-9.974861582337386,-9.999896031950911,0.8312384651947822,0.8333246693292425,0.05825543728087878,0.07224488178637473,1.4391833392831472,0.7491336398089238,16.288738916064975,0.0005066190425940131,0.0008686755073859813,0.0012360446696220917,69,4.090326547622681,7.481112718582153,1.0268073081970215,12.598314046859741
123,114,2.959777567981924,2.0445543856203914,3.141592653589793,2.4614934024629207,0.5515768845395449,2.8917184277891375,-9.994948399447573,-9.999896031950911,0.8329123666206311,0.8333246693292425,0.06340571289703877,0.07224488178637473,1.5255466430960212,0.7479850175967144,16.291295102949977,0.0004976242871746352,0.0006329437050344407,0.0009022480228787887,73,4.1166651248931885,7.3652026653289795,1.102118968963623,12.584058284759521
124,115,2.959764267590148,2.045370990908601,3.141592653589793,2.4611343580184304,0.5513328516979563,2.892863883493149,-9.973336691454065,-9.999896031950911,0.8311113909545055,0.8333246693292425,0.058842021968789945,0.07224488178637473,1.4954128593205382,0.747995929873935,16.29104866772135,0.0004910666571266885,0.0009757255870446218,0.0007559732255114926,79,4.352583408355713,8.250328540802002,1.1213533878326416,13.724369287490845
125,116,2.9596047872410916,2.043940715612618,3.141592653589793,2.461899546964658,0.5515404088045704,2.8907722437320107,-9.965669202113117,-9.999896031950911,0.8304724335094265,0.8333246693292425,0.058333483031321146,0.07224488178637473,1.5963620490226162,0.7483862137850175,16.29041011093059,0.0004882540418166101,0.000686568230593152,0.0007619705434409407,72,4.122582912445068,7.270909309387207,1.0414392948150635,12.434992790222168
126,117,2.960071329822624,2.042452896162254,3.141592653589793,2.461741374153035,0.5527717530677841,2.8896180630622608,-9.979741836779478,-9.999896031950911,0.8316451530649566,0.8333246693292425,0.06273361312401673,0.07224488178637473,1.5541968279410412,0.7476992424445977,16.29205795179292,0.00047894430502564377,0.0007624099272953774,0.0008896893104398119,79,4.580404043197632,7.26779580116272,1.124619960784912,12.97288179397583
127,118,2.960237678304264,2.0425011632639385,3.141592653589793,2.4617428290108605,0.552432420455836,2.889310623287595,-9.974221878996769,-9.999896031950911,0.831185156583064,0.8333246693292425,0.06048198580888112,0.07224488178637473,1.5088383059974433,0.7472290017745028,16.29355394504474,0.0004710482360450623,0.0009541965803621286,0.0009423821007280396,74,4.118095397949219,7.365343332290649,1.0271575450897217,12.510655641555786
128,119,2.960465817030403,2.042376513251308,3.141592653589793,2.461701660329041,0.5522136720450884,2.8889202125366427,-9.995382033048104,-9.999896031950911,0.8329485027540087,0.8333246693292425,0.059819006609054065,0.07224488178637473,1.4872536853686285,0.7463709925229476,16.294220357159233,0.0004651331558372953,0.0009939092869740798,0.0004900658956626775,84,4.2147462368011475,7.219315767288208,1.1941497325897217,12.628271579742432
129,120,2.9604740927729427,2.0428091183163137,3.141592653589793,2.4618188332931803,0.5516712027633931,2.8888559938682157,-9.988399080745706,-9.999896031950911,0.8323665900621422,0.8333246693292425,0.06174884819410656,0.07224488178637473,1.5177095030122416,0.7454590201226309,16.29557337927803,0.00045682409391446625,0.0008033366053774641,0.0008521887295979236,78,4.175572633743286,7.371892929077148,1.1434407234191895,12.691006183624268
130,121,2.960575981845942,2.0432377617736184,3.141592653589793,2.4619518386510078,0.5510130729243035,2.8885698394443127,-10.003640376926265,-10.003640376926265,0.8336366980771888,0.8336366980771888,0.06518932497505467,0.07224488178637473,1.520035882256849,0.7447924899007442,16.294941688986878,0.0004551468100415878,0.0009265885127237834,0.000990272526625126,75,4.049615144729614,7.690568685531616,0.9729163646697998,12.713168144226074
131,122,2.9605746410192744,2.049559215724639,3.141592653589793,2.4645536503433862,0.5447378705403516,2.885238309399144,-9.96247671193273,-10.003640376926265,0.8302063926610609,0.8336366980771888,0.05848892797989722,0.07224488178637473,1.515019682782949,0.745153626017768,16.29394590351304,0.0004535110310413687,0.0009378400179542684,0.0011519614733758897,82,4.74048376083374,7.547444820404053,1.2363953590393066,13.524414777755737
132,123,2.951143328184677,2.0375035305266813,3.1415883585350874,2.4565251855593107,0.5650973441696292,2.900178774007916,-9.978342844824407,-10.003640376926265,0.831528570402034,0.8336366980771888,0.059510119413883275,0.07224488178637473,1.5121747708530222,0.7461282864114345,16.289477416137544,0.0004481213467205781,0.0009339679833306307,0.001033383711648995,77,4.597453594207764,7.263363838195801,1.0053772926330566,12.866257905960083
133,124,2.9599284892714426,2.03818601438531,3.141592653589793,2.458468417111594,0.5577091651606765,2.893669074301857,-10.006275286095505,-10.006275286095505,0.8338562738412921,0.8338562738412921,0.06416924836266688,0.07224488178637473,1.5252567998908972,0.7452555503341765,16.288981904961183,0.0004472504948171461,0.0009651198622805961,0.0008084797445820739,78,4.465104579925537,7.142272233963013,1.1481399536132812,12.755578994750977
134,125,2.9598042761185517,2.0370519386298023,3.141592653589793,2.4555984949378504,0.5615278501037659,2.897913456941083,-9.967177001439676,-10.006275286095505,0.8305980834533063,0.8338562738412921,0.05968169744846173,0.07224488178637473,1.4423950767542237,0.746020383776577,16.287054874297937,0.0004455678269377016,0.0009936594792737457,0.0006613200390789679,85,4.92155122756958,7.189163446426392,1.2516846656799316,13.362473964691162
135,126,2.9216325328764143,2.0752914631184183,3.141592653589793,2.471935968717826,0.5759336870216314,2.9085023688787603,-10.01987279239561,-10.01987279239561,0.8349893993663008,0.8349893993663008,0.06632198592322941,0.07224488178637473,1.5256131172039318,0.7464441013813611,16.41312375180049,0.0004482294450341234,0.0008835214138587172,0.002020967792914065,70,4.059525489807129,7.0372724533081055,1.1296336650848389,12.226572275161743
136,127,2.902816591271088,2.0940536843877746,3.141592653589793,2.4778631807106657,0.5855275097921278,2.916641949862431,-10.021850188772664,-10.021850188772664,0.835154182397722,0.835154182397722,0.06559456331679303,0.07224488178637473,1.532267861784348,0.747038848368526,16.438721020021465,0.0004423302378739888,0.0009858956326265758,0.0016114025997915212,57,3.1059939861297607,7.496898174285889,1.1527583599090576,11.755712032318115
137,128,2.8982347498702272,2.09879465034443,3.141592653589793,2.478993362748343,0.5875362276318497,2.9185527735585524,-10.00687784427153,-10.021850188772664,0.8339064870226275,0.835154182397722,0.06327130566226721,0.07224488178637473,1.5094222522210856,0.747388399416352,16.41212282600515,0.000438111370411947,0.0008871740496145177,0.00170121853817481,67,3.8974649906158447,7.185301780700684,1.1017987728118896,12.184637308120728
138,129,2.906709183624092,2.0893476821944703,3.141592653589793,2.477230443318682,0.5845775736403291,2.915120530024188,-9.989165891903431,-10.021850188772664,0.8324304909919525,0.835154182397722,0.05974803584806242,0.07224488178637473,1.537767739706922,0.7486869657751565,16.41402037239265,0.0004400430270366656,0.0009430718477818921,0.0012431232939300082,67,3.861743927001953,7.350182771682739,1.2492475509643555,12.461267948150635
139,130,2.8960143495421953,2.1050845598964685,3.141592653589793,2.4742115506275364,0.5715517005247118,2.9205546408003578,-9.986244873375234,-10.021850188772664,0.8321870727812696,0.835154182397722,0.06039597757601221,0.07224488178637473,1.4683508853916152,0.749925807727315,16.37727624431712,0.0004382148211058168,0.000917808209733741,0.0018418816954174138,59,3.652735948562622,7.45691180229187,1.5329618453979492,12.642673969268799
140,131,2.913707264511306,2.083614676085284,3.141592653589793,2.4785789323062857,0.5992221747374279,2.9091385091911817,-10.026277383350441,-10.026277383350441,0.8355231152792034,0.8355231152792034,0.06767193766017549,0.07224488178637473,1.5651822186944315,0.7495358088610535,16.37330006700215,0.00043454889029374724,0.0008060438471573936,0.0011650532604021659,74,4.352600336074829,7.223272323608398,1.5844862461090088,13.160419940948486
141,132,2.9124344131440965,2.0862909871959734,3.141592653589793,2.4804102699221513,0.6089292615884813,2.9080158979210258,-10.042695672970332,-10.042695672970332,0.836891306080861,0.836891306080861,0.06706131798055419,0.07224488178637473,1.5131453447981897,0.748004852288506,16.386228132992656,0.00043136108241556467,0.0009206744761785004,0.0015639686196805816,71,4.064472436904907,7.566394567489624,1.5603280067443848,13.191259622573853
142,133,2.904559658630741,2.096885971815249,3.141592653589793,2.484392645070987,0.6303640531409994,2.9071167984921393,-10.073695329179989,-10.073695329179989,0.8394746107649991,0.8394746107649991,0.07234712547374796,0.07234712547374796,1.530055174138468,0.7448701731833168,16.454746807290288,0.000428035557724541,0.00089546008424593,0.0014336638822550415,61,3.4569497108459473,7.245048522949219,1.242440938949585,11.94448733329773
143,134,2.887374153095943,2.116198230469378,3.141592653589793,2.4894524620666987,0.6586235538512628,2.9072123017119926,-10.003095816703317,-10.073695329179989,0.8335913180586098,0.8394746107649991,0.06844118561739958,0.07234712547374796,1.7334367572151024,0.746690515120244,16.319629917666088,0.00043829195568373684,0.00094250210829403,0.002640847388890639,59,3.45101261138916,7.357597351074219,1.1475467681884766,11.956266641616821
144,135,2.9241636102556354,2.0968424952581968,3.141592653589793,2.4846938817276643,0.6310150796065469,2.906430937583068,-10.03291662298672,-10.073695329179989,0.8360763852488934,0.8394746107649991,0.06818783609919511,0.07234712547374796,1.5359572071806866,0.7490278075833272,16.323510092779475,0.0004359385387348658,0.0009020246605846522,0.000997331533019697,76,4.11981463432312,7.369774580001831,1.3184823989868164,12.808135271072388
145,136,2.8992965368563723,2.072280300249843,3.141592653589793,2.4787908503968317,0.636664954602462,2.9162812557624593,-10.027681123776809,-10.073695329179989,0.8356400936480674,0.8394746107649991,0.07399971553649722,0.07399971553649722,1.7245416566658776,0.7515604574547248,16.312676154955113,0.0004338194890901266,0.0007778857628224736,0.0008737740192533845,89,5.103175401687622,7.2510998249053955,1.4233520030975342,13.777686357498169
146,137,2.753816412607622,2.2443764793377303,3.141592653589793,2.4545253861174214,0.701396828199219,2.9223632662260877,-9.746769471075956,-10.073695329179989,0.8122307892563296,0.8394746107649991,0.05565814809165165,0.07399971553649722,1.9455383349554722,0.7552262819396782,16.260365422341852,0.00043418651763883526,0.0004176219051591813,0.0025117727204819742,61,3.3846168518066406,7.311859607696533,1.3613965511322021,12.057932376861572
147,138,2.9058346337282384,2.0908298439755097,3.141592653589793,2.5012963680340863,0.6233253579788245,2.8900967546553584,-9.986741233765015,-10.073695329179989,0.8322284361470845,0.8394746107649991,0.07275334100210556,0.07399971553649722,1.8148499707688472,0.7544187806372562,16.26546281271985,0.0004375040310647657,0.000974007692896931,0.0009839475269265555,83,4.717272996902466,7.388434648513794,1.2944540977478027,13.400224447250366
148,139,2.910264422441719,2.101558273911574,3.141592653589793,2.457911400907361,0.6342581338839502,2.926587821737529,-10.068644064309629,-10.073695329179989,0.8390536720258024,0.8394746107649991,0.06777819949538483,0.07399971553649722,1.4230518118921367,0.7517154582954285,16.27318056592609,0.0004308881994557007,0.0008958499298922793,0.0007857226033951956,75,4.359515428543091,7.348966121673584,1.2327759265899658,12.941351652145386
149,140,2.9100413343704057,2.1025238441096743,3.141592653589793,2.456227415787401,0.6349195555973703,2.9277207598138926,-10.010490176758536,-10.073695329179989,0.834207514729878,0.8394746107649991,0.061245688173370956,0.07399971553649722,1.458021198017434,0.7586676566754942,16.261296942529015,0.00045294873093583513,0.0007506948212292502,0.0007427064606072594,67,3.947845220565796,7.369486093521118,1.2572202682495117,12.574630737304688
150,141,2.9053725160559645,2.1021344085121076,3.1073661411875473,2.467100733559485,0.6342267483516019,2.9232703162978284,-9.981259069978377,-10.073695329179989,0.8317715891648647,0.8394746107649991,0.06173202316227325,0.07399971553649722,1.6594723846003774,0.7614720517771847,16.290862765405528,0.00045243130270344883,0.0009643356727778745,0.0010860319981385572,64,3.951948404312134,7.19466495513916,1.4910082817077637,12.637681484222412
151,142,2.496313323877647,2.3177934575898,3.141592653589793,2.1923960682600403,0.7233609887555904,2.9740219151901233,-6.953697169887122,-10.073695329179989,0.5794747641572602,0.8394746107649991,0.0008575905958474793,0.07399971553649722,3.600846580739038,0.7092529916605235,16.51860867981413,0.0004443578740031001,0.0009088105158714274,0.005730681836204902,59,3.36861252784729,6.844977855682373,1.2767186164855957,11.49038028717041
152,143,2.9102205444096194,2.1044018875745647,3.141592653589793,2.458083309592137,0.6292703125869316,2.9031759313814836,-10.044452099168852,-10.073695329179989,0.8370376749307377,0.8394746107649991,0.06841635567316719,0.07399971553649722,1.5092368801646927,0.7102854168897138,16.512673850149717,0.00044029802201925447,0.000968394007416062,0.0007817965888105866,74,4.17936110496521,7.2297422885894775,1.5295689105987549,12.93872857093811
153,144,2.911149951766128,2.100137585034779,3.141592653589793,2.4637024864483914,0.6280357284420026,2.9097061633863737,-10.03542048600966,-10.073695329179989,0.836285040500805,0.8394746107649991,0.06585908177209188,0.07399971553649722,1.5242788481617566,0.7111264903996036,16.51691221352272,0.00043677042581502,0.0007420157562160576,0.0006059416007992576,78,4.467603921890259,7.202068090438843,1.452789068222046,13.122552394866943
154,145,2.9008169472284133,2.164819678090312,3.141592653589793,2.467333955878625,0.64306241507713,2.909710586015397,-10.008530502618676,-10.073695329179989,0.8340442085515564,0.8394746107649991,0.06521094965393716,0.07399971553649722,1.4315240115443544,0.7138795189386445,16.514270564135227,0.0004352148027414869,0.001001785232542097,0.0017208028153718764,77,4.451554536819458,7.770575761795044,1.4820711612701416,13.704264640808105
155,146,2.9117459962948313,2.1001239304487713,3.141592653589793,2.469716838054414,0.6280056590309917,2.916094586134985,-10.036986620266386,-10.073695329179989,0.8364155516888655,0.8394746107649991,0.06660174469909558,0.07399971553649722,1.528218932038655,0.714287608963658,16.514328991796656,0.0004307866742984302,0.0007474435210177037,0.0004838096778381862,99,5.668514728546143,7.1776344776153564,1.2753355503082275,14.121548414230347
156,147,2.907573102115458,2.0978943433506636,3.141592653589793,2.4647663947824103,0.6290346177723062,2.9112062234154665,-10.03101943538683,-10.073695329179989,0.8359182862822357,0.8394746107649991,0.06766729429718477,0.07399971553649722,1.5384299068743132,0.7149597377120654,16.51932722667967,0.0004276669746562463,0.0006019811301780638,0.00034460854983957024,105,6.279293060302734,7.195270776748657,1.635993480682373,15.110644340515137
157,148,2.9139977918622852,2.1033946467474944,3.141592653589793,2.4799989467953596,0.6288165443144926,2.9273539456570035,-10.026748419630266,-10.073695329179989,0.8355623683025222,0.8394746107649991,0.06118789651388647,0.07399971553649722,1.5162688568439364,0.715955932633573,16.512161273908646,0.00042465709490394744,0.0007813222349045118,0.000656341073672926,99,5.6742331981658936,7.547788143157959,1.9959990978240967,15.218095541000366
158,149,2.875948064125109,2.152364157894416,3.141592653589793,2.4480310973418082,0.7175697700589833,2.895498184226954,-10.065512236345267,-10.073695329179989,0.8387926863621056,0.8394746107649991,0.0739172847833832,0.07399971553649722,1.5588240412186565,0.7139226095750384,16.486002531176354,0.0004271968348860607,0.0009444116837196149,0.0025462241437322146,75,4.318875312805176,7.277093410491943,1.3802390098571777,12.976267576217651
159,150,2.8749933004783483,2.157199203067968,3.141592653589793,2.4504267766571264,0.7239076012317219,2.892750658580787,-10.036364044790243,-10.073695329179989,0.8363636703991869,0.8394746107649991,0.07447487952758093,0.07447487952758093,1.6109637394861949,0.7152441684040509,16.485459605955306,0.0004259764970760574,0.0009283182995053277,0.001341719444085859,71,4.195797681808472,7.27293586730957,1.3565363883972168,12.825326442718506
160,151,3.141592653589793,1.1616942212009822,3.141592653589793,2.7296328901787055,0.6012238461662532,2.710534832647697,-9.572727332066329,-10.073695329179989,0.7977272776721941,0.8394746107649991,0.0564227482813307,0.07447487952758093,2.60817399490341,0.717465608593887,16.40706703623037,0.00042795859007978537,0.0009558136917608156,0.0025198121042970356,87,4.848512887954712,7.4642133712768555,1.4040436744689941,13.716817378997803
161,152,2.877370020836995,2.1334748319726686,3.141592653589793,2.438645913892303,0.698200415949093,2.904852032624312,-10.045076624621,-10.073695329179989,0.8370897187184166,0.8394746107649991,0.0698412427904406,0.07447487952758093,1.5414067159603917,0.7193139944072463,16.405968158010413,0.00042537396272807266,0.000883053604022008,0.0012087830403684208,71,4.082228183746338,7.3778603076934814,1.7656009197235107,13.225754261016846
162,153,2.872386377634352,2.150012186570193,3.141592653589793,2.4559204961850467,0.7123009494294348,2.916378052843666,-10.066789492811242,-10.073695329179989,0.8388991244009368,0.8394746107649991,0.07167118003568931,0.07447487952758093,1.4697698384280073,0.7201920843010412,16.429086239854946,0.0004236570823828531,0.0009276614894791294,0.0010699162782418139,76,4.377284049987793,7.164722204208374,1.8030993938446045,13.345179557800293
163,154,2.8708233139842365,2.1505780706724726,3.141592653589793,2.45786711862815,0.7148532528300898,2.919851261471722,-10.088972700671766,-10.088972700671766,0.8407477250559805,0.8407477250559805,0.07280018200318554,0.07447487952758093,1.4570695755334526,0.7184819256574676,16.46224833353895,0.0004225807085980272,0.0008434084735871678,0.0009460047772648894,70,4.218467950820923,7.510415315628052,1.6249959468841553,13.353939771652222
164,155,1.6118342947077267,1.9419858008698083,1.1923701502939976,1.9372373008791979,1.5044204873513582,0.8205846522730544,-7.070288234624816,-10.088972700671766,0.5891906862187347,0.8407477250559805,0.001200129136441497,0.07447487952758093,4.864503198731931,0.7163917046687961,16.234816270366277,0.00042288315460773345,0.0007498869992952572,0.007332142902076349,84,4.8931708335876465,7.3425867557525635,1.6170597076416016,13.852881669998169
165,156,1.5232304640310843,1.8743386405224145,1.6079982798586852,2.535080482925291,1.4891613582368841,1.0402902926781412,-7.380555933391025,-10.088972700671766,0.6150463277825854,0.8407477250559805,0.015227655527481017,0.07447487952758093,4.360847830476011,0.7143910976751061,15.94921527945276,0.00042337605691927446,0.0007825404699183546,0.006279540147396818,49,2.8609611988067627,7.26469874382019,1.742957353591919,11.868688106536865
166,157,2.8650304194736878,2.152416388167684,3.141592653589793,2.4663969725427193,0.7259830441149289,2.9323015493705786,-10.061264799284151,-10.088972700671766,0.8384387332736792,0.8407477250559805,0.0675678888415532,0.07447487952758093,1.4680614808526826,0.7156767994541511,15.933999290237345,0.000420810134184813,0.0008294888733430298,0.0010539439822979501,72,4.2209553718566895,7.350919723510742,2.0201008319854736,13.592070579528809
167,158,2.8695462756145877,2.1531347491085335,3.141592653589793,2.457736769177698,0.7133319085049975,2.9267076876114437,-10.083528289013573,-10.088972700671766,0.8402940240844644,0.8407477250559805,0.07130018104900344,0.07447487952758093,1.4421970611189607,0.7144186093825751,15.935279942156598,0.00041599567250694727,0.0008752734367869976,0.0008170583391484059,75,4.3847551345825195,7.412874937057495,1.598252773284912,13.395965576171875
168,159,2.8693481174842774,2.1547431033243267,3.141592653589793,2.4564512986997276,0.712236425490081,2.9288514794462417,-10.084594725045754,-10.088972700671766,0.8403828937538128,0.8407477250559805,0.07040264731404584,0.07447487952758093,1.4166132367493844,0.7132539823763756,15.936321421497873,0.00041076229360972134,0.0009187836153546702,0.0007356902624076328,74,4.201854228973389,7.03777551651001,1.4389863014221191,12.678674936294556
169,160,2.8692129155050834,2.156096137387547,3.141592653589793,2.45527958148642,0.7115008561683899,2.930413729761575,-10.065437393853355,-10.088972700671766,0.8387864494877796,0.8407477250559805,0.06855648944609943,0.07447487952758093,1.4441460416136778,0.7140342265487807,15.933796814488947,0.00040797475720317106,0.0009718396091842549,0.0007856804887079574,76,4.4642722606658936,7.4418158531188965,1.6838080883026123,13.58995509147644
170,161,2.869290704590566,2.1533894910606626,3.141592653589793,2.457771801845902,0.7128603496662036,2.9276498365166197,-10.072096880379535,-10.088972700671766,0.8393414066982946,0.8407477250559805,0.07009187524225012,0.07447487952758093,1.4810200618826457,0.7136547775938158,15.932658125812337,0.0004028252620491537,0.00038862087242097363,0.0005224187954278946,84,4.405807733535767,7.496000289916992,1.6203830242156982,13.522288084030151
171,162,2.869425977567651,2.153371784624619,3.141592653589793,2.4577085974540243,0.7130968739994009,2.927255044645542,-10.040402931157814,-10.088972700671766,0.8367002442631511,0.8407477250559805,0.06477364990284523,0.07447487952758093,1.433733428598515,0.715674605709074,15.933606324082753,0.00041173818899084395,0.0008680229726389299,0.0006191959888999843,79,4.8773417472839355,7.480910062789917,1.4114465713500977,13.769760847091675
172,163,2.869910919687029,2.150501157867536,3.141592653589793,2.459066819197353,0.7156633621708712,2.9238249974245147,-10.079217802034574,-10.088972700671766,0.8399348168362145,0.8407477250559805,0.06972544699356366,0.07447487952758093,1.43563405693196,0.7151854373979444,15.933345243485354,0.0004074175414311291,0.0009485297030132032,0.0008421271064799413,83,4.747040271759033,7.489861726760864,1.725374698638916,13.962353229522705
173,164,2.8694847594201938,2.1487064446729778,3.141592653589793,2.4595973265971187,0.7166053311150228,2.924014706846831,-10.027263982933624,-10.088972700671766,0.8356053319111353,0.8407477250559805,0.06431971762873388,0.07447487952758093,1.5071568936854192,0.7166154347266976,15.929753007107337,0.0004229941718917421,0.0008419854654813016,0.0008402010176116456,80,4.9171302318573,7.3253819942474365,1.5743324756622314,13.816905498504639
174,165,2.874366556979197,2.168886930046184,3.141592653589793,2.456382362463982,0.713125510149746,2.923284121072922,-10.023351274122632,-10.088972700671766,0.8352792728435526,0.8407477250559805,0.06233944033480839,0.07447487952758093,1.4596968534310975,0.7188339323134557,15.928965335608654,0.0004333702124271281,0.0009786486017482456,0.0009508120765785347,77,4.460277080535889,7.608822345733643,1.7403793334960938,13.809539079666138
175,166,2.8542078366879755,2.131350598905049,3.141592653589793,2.453318090495555,0.7175112347407245,2.925293188791225,-10.057564376845884,-10.088972700671766,0.838130364737157,0.8407477250559805,0.07196275006999132,0.07447487952758093,1.5988113996078965,0.7201991983629404,15.92389920371685,0.0004307711367095076,0.0008896451779909166,0.0009525631193639703,78,4.790214538574219,7.155587434768677,1.783945083618164,13.729823112487793
176,167,2.8645089368396195,2.1393250236864043,3.141592653589793,2.457114512071806,0.7094995661038893,2.9232347744959752,-10.0695313482536,-10.088972700671766,0.8391276123544666,0.8407477250559805,0.07246662144564281,0.07447487952758093,1.5193309047558046,0.7199812878371841,15.921920622237243,0.0004260284176617098,0.0009690174405233327,0.0007148801022677525,86,5.283926963806152,7.678083181381226,1.8420372009277344,14.804111003875732
177,168,2.864474747742042,2.139437989060847,3.141592653589793,2.4569769034240245,0.7095095737605372,2.9232429968563176,-10.058651134093758,-10.088972700671766,0.8382209278411464,0.8407477250559805,0.07174669198518346,0.07447487952758093,1.5749995257696554,0.7199639571601114,15.923711679501093,0.0004219567273927226,0.0009120664267749423,0.0006926046220415052,85,5.012094974517822,7.038388013839722,2.1098175048828125,14.16035532951355
178,169,2.871281590124692,2.1365217094930755,3.141592653589793,2.454372100538782,0.715372571097726,2.924376366092509,-10.081817541286403,-10.088972700671766,0.8401514617738669,0.8407477250559805,0.0714421540071408,0.07447487952758093,1.4897591234013987,0.7200380592657454,15.934574400621933,0.00041987629520855125,0.0008026792043437097,0.0009054832110984831,87,5.033874988555908,7.7036895751953125,2.0712931156158447,14.808919429779053
179,170,2.875760025650328,2.1308127270792476,3.141592653589793,2.452791227769625,0.7196010461528214,2.9259387937080215,-10.051794346217402,-10.088972700671766,0.8376495288514502,0.8407477250559805,0.07047779326865708,0.07447487952758093,1.5474008257344138,0.7206416862937289,15.920625412804027,0.0004179294760622996,0.0008014600810958438,0.0006408000100609673,78,4.557924270629883,7.188305854797363,2.0614142417907715,13.807742595672607
180,171,2.8636794874072535,2.141988051201655,3.141592653589793,2.4565606068692336,0.7096367032524378,2.922291675242483,-10.066298824178137,-10.088972700671766,0.838858235348178,0.8407477250559805,0.07042712942232607,0.07447487952758093,1.466645296395697,0.7203893684115713,15.919685328615504,0.00041329445987122235,0.0009516565053907026,0.00070482636333176,80,4.74403190612793,7.162715435028076,1.7285447120666504,13.63535737991333
181,172,2.8644078501454406,2.141991650193667,3.141592653589793,2.4562008949393808,0.7101481353932239,2.9224242772027558,-10.059344220284999,-10.088972700671766,0.8382786850237499,0.8407477250559805,0.06863750950609715,0.07447487952758093,1.5147555323340356,0.720312679523028,15.92166977648064,0.00040936121334389546,0.0009867171238739664,0.0007844938411389139,86,5.062738418579102,7.253132343292236,2.0287561416625977,14.344692707061768
182,173,2.8665773114604227,2.1418664138245838,3.141592653589793,2.4558058295004006,0.711735720160008,2.922660144441787,-10.074800131227745,-10.088972700671766,0.8395666776023121,0.8407477250559805,0.07193664007333496,0.07447487952758093,1.4920299887800894,0.7197919484076519,15.918954470230664,0.00040535260811950087,0.000859938852759387,0.0007247368116331916,84,4.88971471786499,7.635788917541504,1.8241546154022217,14.349720239639282
183,174,2.8660905640469223,2.1416614207543874,3.141592653589793,2.455447586264127,0.7112358069882599,2.922696123659397,-10.066835080862807,-10.088972700671766,0.838902923405234,0.8407477250559805,0.07065289503319384,0.07447487952758093,1.5068998154920479,0.7193963820405731,15.917886321417555,0.0004008096919459877,0.0006803614753663203,0.0007202079031363201,91,5.512946605682373,7.309503078460693,1.6923201084136963,14.514882564544678
184,175,2.8661609449200673,2.141766666817802,3.141592653589793,2.455304755527154,0.7113919527102377,2.922722911681582,-10.058533779435523,-10.088972700671766,0.8382111482862936,0.8407477250559805,0.06888293327054819,0.07447487952758093,1.439596363440387,0.7192580000119049,15.91856956402631,0.00039723185031352267,0.0009224691317732669,0.0006368821825936172,87,4.811236143112183,7.204555034637451,2.0462303161621094,14.06208324432373
185,176,2.8669555370710715,2.14201354246498,3.141592653589793,2.456030022733054,0.712335226093388,2.9225363228990493,-10.060811730904394,-10.088972700671766,0.8384009775753661,0.8407477250559805,0.07096540964398425,0.07447487952758093,1.4889050562089778,0.7189787915132203,15.918441112792244,0.00039323626459754736,0.0006150346186002747,0.0005251094578766659,89,5.201428413391113,7.386459589004517,1.8308169841766357,14.41877007484436
186,177,2.867121609204221,2.1423676478471445,3.141592653589793,2.4554519855553054,0.7125219370133082,2.9227759221967293,-10.050854526499213,-10.088972700671766,0.8375712105416011,0.8407477250559805,0.06867387700301489,0.07447487952758093,1.501130672876144,0.7190933419975332,15.919609084167007,0.00039157539877665077,0.0008954479012750632,0.000715589478029701,85,5.241151571273804,7.481462001800537,2.0406851768493652,14.7633638381958
187,178,2.8673235823217422,2.143002536804044,3.141592653589793,2.45805923247661,0.71334244459097,2.92210529037155,-10.081607016576216,-10.088972700671766,0.840133918048018,0.8407477250559805,0.07085128367741314,0.07447487952758093,1.4535528922590402,0.7188241462867432,15.916331070309743,0.0003900502321436122,0.0008627599545072256,0.0010143835717739914,86,5.045857191085815,7.588923692703247,1.9736640453338623,14.60852861404419
188,179,2.8656942632180082,2.1425577924230153,3.141592653589793,2.4635972450330477,0.7155582738974462,2.920255373609714,-10.047023093655175,-10.088972700671766,0.8372519244712646,0.8407477250559805,0.07045881043607517,0.07447487952758093,1.5665014064940834,0.7186227334601434,15.920810664576988,0.0003886656766037745,0.0008530820766674316,0.0007156492864938981,78,4.391173362731934,7.567563056945801,1.9767141342163086,13.93551516532898
189,180,2.86743196264656,2.1430263062071018,3.141592653589793,2.4459240765314743,0.7113562376671647,2.9266899324380415,-10.048063099742823,-10.088972700671766,0.8373385916452353,0.8407477250559805,0.0679422982904053,0.07447487952758093,1.4959931510206559,0.7194590263109913,15.91445851623224,0.0003879744571998239,0.0008311997795177649,0.0006411106290277174,74,4.421743392944336,7.185972213745117,1.9435389041900635,13.551318168640137
190,181,2.870886440403714,2.1425470047751696,3.141592653589793,2.460096379892557,0.7107612820807182,2.92192550102324,-10.054297528668306,-10.088972700671766,0.8378581273890254,0.8407477250559805,0.06739740864215348,0.07447487952758093,1.5051586539011623,0.71926493899016,15.916015885573506,0.00038494205650292185,0.0009558105803063002,0.0007051785262832632,91,5.385134220123291,7.272859573364258,2.0998077392578125,14.757860898971558
191,182,2.8661493086032843,2.145068526053546,3.141592653589793,2.456890878374073,0.713832628589803,2.9215042370214017,-10.052927497160482,-10.088972700671766,0.8377439580967069,0.8407477250559805,0.06957287987304768,0.07447487952758093,1.515546773203539,0.7192118360666464,15.917611263048894,0.0003823588012393791,0.0009756543761925402,0.0007936786164431971,80,4.809757471084595,7.114967584609985,2.3137831687927246,14.238568305969238
192,183,2.8699586130773986,2.143405253072467,3.141592653589793,2.4564749919568234,0.7119145425139362,2.923081114450023,-10.066574184689536,-10.088972700671766,0.8388811820574613,0.8407477250559805,0.07131872085071778,0.07447487952758093,1.5004663725495817,0.7187968478716025,15.91640355149133,0.0003784500094541754,0.0009467517493712866,0.0005999065065037986,85,5.098945617675781,7.40478777885437,2.147230386734009,14.651150465011597
193,184,2.8704046740089457,2.143194472852218,3.141592653589793,2.456421520684135,0.7117212808236603,2.923193795309226,-10.086739115608086,-10.088972700671766,0.8405615929673406,0.8407477250559805,0.0728505353171521,0.07447487952758093,1.463260636180081,0.7186869619468964,15.915392018405583,0.0003794941297302874,0.0008651430541671633,0.0005764528819688996,86,5.1957011222839355,7.886734962463379,2.7512803077697754,15.833792924880981
194,185,2.874233232426151,2.1410977084897254,3.141592653589793,2.456895817107589,0.7099571199656297,2.924035543584304,-10.07830364730024,-10.088972700671766,0.83985863727502,0.8407477250559805,0.06858170298262638,0.07447487952758093,1.4029380664502185,0.7184491508802737,15.91534776384996,0.0003773684611630071,0.0009035856221248931,0.0005265898318753502,89,5.379226922988892,7.57734751701355,2.468215227127075,15.424848079681396
195,186,2.8776196914897225,2.139324885150438,3.141592653589793,2.457473777809793,0.7088135597463667,2.924899081060494,-10.094641088794182,-10.094641088794182,0.8412200907328485,0.8412200907328485,0.07367950164211254,0.07447487952758093,1.4129232769470548,0.7181376803625387,15.918678474498282,0.0003804002351219955,0.0007913389315546782,0.0005629332239411066,88,5.188398122787476,7.462906360626221,1.983435869216919,14.63480281829834
196,187,1.3901996297267036,2.129164806080292,1.6599523381853247,2.0202936775268276,1.281617859150581,0.998576017493019,-7.499925754820497,-10.094641088794182,0.6249938129017081,0.8412200907328485,0.0029309896519254808,0.07447487952758093,3.85810241055205,0.7174681933617283,15.67605400540975,0.0003808946900689215,0.0008937976900211431,0.005673402366392709,59,3.802222728729248,7.877382516860962,2.536350727081299,14.216027021408081
197,188,1.9759669686118664,1.060560657853406,2.335977578005849,3.0463423408824277,1.0341191156184444,1.0177922225857532,-5.878626699677619,-10.094641088794182,0.48988555830646824,0.8412200907328485,0.0013470836671218643,0.07447487952758093,5.49446755415746,0.7131874682615901,15.72722476453716,0.00037988258769182327,0.0009059143367056122,0.006592253843726311,73,4.3356688022613525,7.249517917633057,2.212066173553467,13.797315120697021
198,189,1.4095913090365575,0.8305042538657011,2.0460193752598896,2.6497677114746025,0.6266343050372475,1.2526534414394168,-7.296701612587991,-10.094641088794182,0.6080584677156659,0.8412200907328485,0.04016845834125771,0.07447487952758093,5.281480609083552,0.7099722327649398,15.38803929255955,0.0003802161359724858,0.0005728996859934402,0.005608961593994285,63,3.8206961154937744,7.131770849227905,2.2455856800079346,13.198122262954712
199,190,1.4385514841790872,2.6646139384427587,1.119156623018459,2.146324171143389,1.4518666850590072,1.072317408363286,-7.281957614340462,-10.094641088794182,0.6068298011950385,0.8412200907328485,0.01417220584549375,0.07447487952758093,4.334763704056122,0.7105798495920779,15.223207864432052,0.0003807403020994148,0.000540073167569903,0.007950768147442222,60,3.5453853607177734,7.135435581207275,2.1908469200134277,12.871729612350464
200,191,1.9828394007668784,2.2843516431022888,1.5504440356002938,1.8562983605552823,1.8545120491646692,1.0825035149521267,-7.5986790307559895,-10.094641088794182,0.6332232525629992,0.8412200907328485,0.018657573437437815,0.07447487952758093,4.999613174219661,0.7120102381948434,15.126194421308456,0.0003812059551411298,0.00066378824449294,0.00965434062678326,51,2.9617841243743896,7.1108717918396,2.03696346282959,12.109712600708008
201,192,2.340774536442947,2.3627270761959407,1.788803313777113,1.9127882159780338,2.130182575617981,1.094030581349887,-7.2047936805120285,-10.094641088794182,0.6003994733760024,0.8412200907328485,0.044618657950548146,0.07447487952758093,8.324102886599604,0.7123379698234243,14.965427516756556,0.00038169574920698154,0.0009476133585700947,0.009014975652355725,59,3.5644114017486572,7.282933950424194,2.1851933002471924,13.032598495483398
202,193,1.760862185064403,2.456625975382832,1.5408593148496588,1.4757202882267992,1.7200447933215697,0.9050948002025995,-7.629003028291131,-10.094641088794182,0.6357502523575943,0.8412200907328485,0.007574307138547553,0.07447487952758093,4.432618199277947,0.7132885127792569,14.84454266018548,0.0003821715089449636,0.0005585352198213001,0.008843836855901132,62,3.7115492820739746,7.39318060874939,2.3020236492156982,13.406814098358154
203,194,2.886205567051366,2.1348558136281346,3.141592653589793,2.459312071947574,0.7078828251585678,2.9268005282119676,-10.062769823535486,-10.094641088794182,0.8385641519612905,0.8412200907328485,0.07046146881637202,0.07447487952758093,1.4515502736836936,0.7137666343987944,14.843721582140196,0.0003794119204352537,0.0009541901360997455,0.000543140688163462,93,5.463160991668701,7.241755247116089,2.6202473640441895,15.325225114822388
204,195,2.8812734120257018,2.137410578989694,3.141592653589793,2.458262992384638,0.7071147506810609,2.925901886857698,-10.093823390694556,-10.094641088794182,0.8411519492245464,0.8412200907328485,0.06974035776345536,0.07447487952758093,1.4208945694781363,0.7129978279431413,14.844686191752283,0.00038032153614951826,0.0009664223974813787,0.0004666222776768624,91,5.391815662384033,7.230229377746582,2.248417615890503,14.870553970336914
205,196,2.884980362458352,2.135620544110229,3.141592653589793,2.458968443631303,0.7063347206040835,2.9270740398896127,-10.045265386393266,-10.094641088794182,0.8371054488661055,0.8412200907328485,0.06704888556596085,0.07447487952758093,1.5134566868272827,0.7143428072787122,14.84336239558599,0.00038329107551773916,0.0008776403430495323,0.0005780696239800747,85,5.198131799697876,7.119507074356079,3.150118112564087,15.46782112121582
206,197,2.878737079322215,2.138654706146741,3.141592653589793,2.457827027195851,0.7068100412268719,2.925035237047485,-10.045293640376064,-10.094641088794182,0.837107803364672,0.8412200907328485,0.06613830970402992,0.07447487952758093,1.5021526074962992,0.715143648927487,14.84603531814641,0.00038500846878399453,0.0008583781505169119,0.0004582278668215728,97,5.614964246749878,7.084603786468506,2.2676358222961426,14.967263221740723
207,198,2.8765727120466336,2.139744484070291,3.141592653589793,2.4573334530587574,0.7092785776541105,2.9241394652673187,-10.071359376438293,-10.094641088794182,0.8392799480365244,0.8412200907328485,0.07076708803750228,0.07447487952758093,1.4957892446163044,0.7147335716408659,14.84487888974349,0.0003814215630970427,0.0008803846684111488,0.0005083329172634865,94,5.513289451599121,7.173295736312866,2.76114559173584,15.447796106338501
208,199,2.8768006427148447,2.1396803372581124,3.141592653589793,2.457319490992735,0.7092423730692184,2.924159073975954,-10.02178311461924,-10.094641088794182,0.8351485928849366,0.8412200907328485,0.06599045118119494,0.07447487952758093,1.5604279607396876,0.7169556993504236,14.851010746806303,0.00039704978667843833,0.0009560166538273573,0.0004886033175022207,101,5.590508937835693,7.291884899139404,2.333495616912842,15.215973615646362
209,200,2.8566331500603726,2.1447606836205786,3.141592653589793,2.481398366408664,0.7571582738151776,2.9210863054703657,-10.077852538317511,-10.094641088794182,0.8398210448597926,0.8412200907328485,0.07454699284277647,0.07454699284277647,1.6212488899224695,0.7187212683128069,14.898359650860828,0.00039860378278510207,0.0008971223280924305,0.0010029089740615819,76,4.463248252868652,7.161242723464966,2.5042035579681396,14.12875509262085
210,186,2.8776196914897225,2.139324885150438,3.141592653589793,2.457473777809793,0.7088135597463667,2.924899081060494,-10.094641088794182,-10.094641088794182,0.8412200907328485,0.8412200907328485,0.07367950164211254,0.07447487952758093,1.4129232769470548,0.7181376803625387,15.918678474498282,0.0003804002351219955,0.0007913389315546782,0.0005629332239411066,88,5.188398122787476,7.462906360626221,1.983435869216919,14.63480281829834
