,iter ,BETA_0,GAMMA_0,energy,best_energy,approx_ratio,best_approx_ratio,fidelity,best_fidelity,variance
0,0,0.6573601882172351,2.8867151708058447,-9.612038461368098,-9.612038461368098,0.8010032051140081,0.8010032051140081,0.03890463356602372,0.03890463356602372,2.004207988417619
1,1,2.517874032162041,1.6156363599052652,-6.974291521995857,-9.612038461368098,0.5811909601663214,0.8010032051140081,0.0018898596910039034,0.03890463356602372,4.015835730926092
2,2,0.17723508268467847,2.4065900676410106,-7.5776426229865494,-9.612038461368098,0.6314702185822124,0.8010032051140081,0.006119521438768461,0.03890463356602372,4.098538482011627
3,3,1.4829489462727372,2.4065900676410106,-7.466149614473153,-9.612038461368098,0.6221791345394294,0.8010032051140081,0.020734117678472042,0.03890463356602372,4.719154188410123
4,4,1.4829489462727372,0.04371804774740106,-7.489645266376191,-9.612038461368098,0.6241371055313493,0.8010032051140081,0.0033568052792375055,0.03890463356602372,3.2596189586432445
5,5,0.6573601882172351,2.8867151708058447,-9.612038461368098,-9.612038461368098,0.8010032051140081,0.8010032051140081,0.03890463356602372,0.03890463356602372,2.004207988417619
6,6,0.6573601982172351,2.8867151708058447,-9.612038451794989,-9.612038461368098,0.801003204316249,0.8010032051140081,0.03890463368299866,0.03890463368299866,2.0042080337527324
7,7,0.6573601882172351,2.8867151808058447,-9.612038425117525,-9.612038461368098,0.8010032020931271,0.8010032051140081,0.038904631712716735,0.03890463368299866,2.004208012868361
8,8,0.01,0.01,-7.497000913026214,-9.612038461368098,0.6247500760855178,0.8010032051140081,0.003892210525984025,0.03890463368299866,3.752397019752749
9,9,0.01000001,0.01,-7.49700091002759,-9.612038461368098,0.6247500758356325,0.8010032051140081,0.003892210511965275,0.03890463368299866,3.752397022146937
10,10,0.01,0.01000001,-7.4970009100285315,-9.612038461368098,0.624750075835711,0.8010032051140081,0.003892210511969835,0.03890463368299866,3.752397022146269
11,11,0.5071960103475143,2.219421172113955,-5.049346734920394,-9.612038461368098,0.4207788945766995,0.8010032051140081,0.001534814081439016,0.03890463368299866,5.998400956193542
12,12,0.5071960203475143,2.219421172113955,-5.049346700010513,-9.612038461368098,0.42077889166754273,0.8010032051140081,0.0015348140868151673,0.03890463368299866,5.998400980996411
13,13,0.5071960103475143,2.219421182113955,-5.049346818755034,-9.612038461368098,0.4207789015629195,0.8010032051140081,0.0015348143198973788,0.03890463368299866,5.998401023441968
14,14,0.6422634646396573,2.8196289110457577,-9.76853693130575,-9.76853693130575,0.8140447442754791,0.8140447442754791,0.05006664682908408,0.05006664682908408,1.9358774991007408
15,15,0.6422634746396574,2.8196289110457577,-9.76853692104002,-9.76853693130575,0.8140447434200017,0.8140447442754791,0.05006664709947189,0.05006664709947189,1.9358775473128702
16,16,0.6422634646396573,2.8196289210457577,-9.768536925647718,-9.76853693130575,0.8140447438039765,0.8140447442754791,0.05006664534771543,0.05006664709947189,1.9358774720115832
17,17,0.6142541027181997,2.801521392819077,-9.796568063838706,-9.796568063838706,0.8163806719865588,0.8163806719865588,0.051596908478083355,0.051596908478083355,1.869390848786452
18,18,0.6142541127181997,2.801521392819077,-9.7965680565433,-9.796568063838706,0.8163806713786084,0.8163806719865588,0.05159690889194533,0.05159690889194533,1.8693908920971722
19,19,0.6142541027181997,2.801521402819077,-9.79656806574294,-9.79656806574294,0.816380672145245,0.816380672145245,0.05159690721910621,0.05159690889194533,1.8693908075471484
20,20,0.5703969006490803,2.796286381549004,-9.814695893751411,-9.814695893751411,0.8178913244792843,0.8178913244792843,0.05000142702044756,0.05159690889194533,1.722623241946991
21,21,0.5703969106490804,2.796286381549004,-9.814695892294562,-9.814695893751411,0.8178913243578801,0.8178913244792843,0.05000142761566295,0.05159690889194533,1.7226232754203892
22,22,0.5703969006490803,2.796286391549004,-9.814695896468857,-9.814695896468857,0.8178913247057381,0.8178913247057381,0.05000142590980815,0.05159690889194533,1.7226231989663177
23,23,0.5611899083553792,2.8013134758406424,-9.816026992069151,-9.816026992069151,0.8180022493390959,0.8180022493390959,0.04887791234800207,0.05159690889194533,1.6727883345072456
24,24,0.5611899183553792,2.8013134758406424,-9.816026992123481,-9.816026992123481,0.8180022493436234,0.8180022493436234,0.04887791296466829,0.05159690889194533,1.6727883652226865
25,25,0.5611899083553792,2.8013134858406423,-9.816026992077074,-9.816026992123481,0.8180022493397562,0.8180022493436234,0.04887791120956778,0.05159690889194533,1.672788296840423
26,26,0.5615680474373743,2.801354460328122,-9.816028066549938,-9.816028066549938,0.8180023388791615,0.8180023388791615,0.04889653480157054,0.05159690889194533,1.6737972508639984
27,27,0.5615680574373744,2.801354460328122,-9.816028066551317,-9.816028066551317,0.8180023388792764,0.8180023388792764,0.048896535416780115,0.05159690889194533,1.6737972816742825
28,28,0.5615680474373743,2.801354470328122,-9.816028066553057,-9.816028066553057,0.8180023388794214,0.8180023388794214,0.04889653366179794,0.05159690889194533,1.6737972132002739
29,29,0.5615796142227438,2.801362082511234,-9.816028068421904,-9.816028068421904,0.8180023390351586,0.8180023390351586,0.04889637757082975,0.05159690889194533,1.6738041853353707
30,30,0.5615796242227439,2.801362082511234,-9.816028068421843,-9.816028068421904,0.8180023390351536,0.8180023390351586,0.04889637818597869,0.05159690889194533,1.6738042161484685
31,31,0.5615796142227438,2.801362092511234,-9.816028068421826,-9.816028068421904,0.8180023390351522,0.8180023390351586,0.04889637643095365,0.05159690889194533,1.6738041476786663
32,32,0.24602254662951517,2.4858050149288964,-8.038659928469086,-9.816028068421904,0.6698883273724238,0.8180023390351586,0.011716230738200564,0.05159690889194533,3.9428042539128967
33,33,0.7120572294297303,2.9518396969142042,-9.231246480520795,-9.816028068421904,0.7692705400433996,0.8180023390351586,0.02689106872130965,0.05159690889194533,2.513029503358382
34,34,1.389390733684307,2.9518396969142042,-7.63931423564677,-9.816028068421904,0.6366095196372309,0.8180023390351586,0.01165033731926824,0.05159690889194533,5.529742397451592
35,35,1.389390733684307,2.4060186244071176,-7.3604714990120845,-9.816028068421904,0.6133726249176737,0.8180023390351586,0.017795818712376496,0.05159690889194533,4.925317804875917
36,36,0.20005720114473236,1.1445208662574642,-8.789654143537458,-9.816028068421904,0.7324711786281215,0.8180023390351586,0.0163229559840826,0.05159690889194533,2.5393199017801322
37,37,0.9047607651670477,2.6703838288566697,-8.714426249045696,-9.816028068421904,0.7262021874204746,0.8180023390351586,0.051808186910827246,0.051808186910827246,4.258735635294954
38,38,2.4312239035330343,2.6703838288566697,-9.213793843992379,-9.816028068421904,0.7678161536660316,0.8180023390351586,0.059708147136111285,0.059708147136111285,3.518879187216342
39,39,2.4312239035330343,2.267254732904579,-5.100358018006854,-9.816028068421904,0.4250298348339045,0.8180023390351586,0.0030334185115696837,0.059708147136111285,6.742326149555588
40,40,0.019466911475232822,0.5045529464929877,-7.366799646696184,-9.816028068421904,0.6138999705580154,0.8180023390351586,0.0033271144371090273,0.059708147136111285,3.855117737580734
41,41,0.5447777288378914,1.0298637600959977,-8.939016059566667,-9.816028068421904,0.7449180049638889,0.8180023390351586,0.04542758728173478,0.059708147136111285,3.854707941526158
42,42,1.6806865778387776,1.0298637600959977,-7.518788188596272,-9.816028068421904,0.6265656823830227,0.8180023390351586,0.029921092651857738,0.059708147136111285,4.836335102634983
43,43,1.6806865778387776,2.8425444831598554,-7.560838889569429,-9.816028068421904,0.6300699074641191,0.8180023390351586,0.017940162520299764,0.059708147136111285,5.87850198492751
44,44,1.3529379124139178,0.8506772187110594,-7.325639755938673,-9.816028068421904,0.6104699796615561,0.8180023390351586,0.017714336658060763,0.059708147136111285,4.9713530970287465
45,45,0.2923668482528614,2.9216988168756135,-8.944287779035612,-9.816028068421904,0.7453573149196343,0.8180023390351586,0.017295178731143095,0.059708147136111285,2.223086654017621
46,46,1.0151754418705343,2.9216988168756135,-8.647483276717182,-9.816028068421904,0.7206236063930985,0.8180023390351586,0.024451648500785475,0.059708147136111285,4.206456512784399
47,47,1.0151754418705343,0.19870943538092178,-6.054173042462187,-9.816028068421904,0.5045144202051822,0.8180023390351586,0.0004949125139513955,0.059708147136111285,4.019345449839449
48,48,2.0663353351424796,1.2498693165849313,-8.55445312210664,-9.816028068421904,0.7128710935088867,0.8180023390351586,0.0340478931091292,0.059708147136111285,4.6518847682076085
49,49,0.9784985636142347,1.3985741977258555,-8.586014202169052,-9.816028068421904,0.7155011835140876,0.8180023390351586,0.019070451207538794,0.059708147136111285,3.939654660394851
50,50,2.3878019655649823,1.3985741977258555,-9.064202572267789,-9.816028068421904,0.7553502143556491,0.8180023390351586,0.023507372498880477,0.059708147136111285,2.7866489580178637
51,51,2.3878019655649823,2.9524830345479973,-9.169058396427802,-9.816028068421904,0.7640881997023169,0.8180023390351586,0.02645595912626323,0.059708147136111285,2.7101875104954587
52,52,0.6163726760083164,1.2523372116333784,-9.788208497719983,-9.816028068421904,0.8156840414766653,0.8180023390351586,0.048730381902772554,0.059708147136111285,1.809651153285273
53,53,0.1406825963192342,1.5934878943422783,-7.4063134882437565,-9.816028068421904,0.6171927906869797,0.8180023390351586,0.0034843236973678684,0.059708147136111285,3.8221588644753766
54,54,1.0043738022745254,1.5934878943422783,-7.332282919375851,-9.816028068421904,0.6110235766146542,0.8180023390351586,0.0030137814447159807,0.059708147136111285,3.723432670612304
55,55,1.0043738022745254,1.1200892360653667,-8.51699448523252,-9.816028068421904,0.7097495404360433,0.8180023390351586,0.044515219386263585,0.059708147136111285,4.4676687623489215
56,56,0.6661539053299939,1.1638070727325636,-9.611538622272182,-9.816028068421904,0.8009615518560151,0.8180023390351586,0.05939139645034822,0.059708147136111285,2.586233083392301
57,57,2.2178289033581233,2.708041987020172,-8.838687003502677,-9.816028068421904,0.7365572502918898,0.8180023390351586,0.051772086247008096,0.059708147136111285,4.105330202061566
58,58,2.066613264426543,2.708041987020172,-8.362442670211578,-9.816028068421904,0.6968702225176315,0.8180023390351586,0.03901126574920353,0.059708147136111285,4.6574918516401596
59,59,2.066613264426543,0.6576438353363854,-5.786222900682485,-9.816028068421904,0.4821852417235404,0.8180023390351586,0.0011701446107115596,0.059708147136111285,7.024060229388205
60,60,2.8887477253293223,2.861298817901675,-8.984480945242575,-9.816028068421904,0.7487067454368813,0.8180023390351586,0.01815717304707602,0.059708147136111285,2.1780959910809514
61,61,2.4013034654386267,0.9229106712871771,-7.56320965656098,-9.816028068421904,0.6302674713800817,0.8180023390351586,0.03104490260505077,0.059708147136111285,5.907623457044771
62,62,1.6928154673515243,0.9229106712871771,-7.476535582599434,-9.816028068421904,0.6230446318832862,0.8180023390351586,0.02707863855173662,0.059708147136111285,4.642673483724536
63,63,1.6928154673515243,0.38785014406901674,-7.346797807644674,-9.816028068421904,0.6122331506370562,0.8180023390351586,0.004020289251197791,0.059708147136111285,3.398735955350567
64,64,0.30390155862794743,1.9534664605391276,-5.223502435609144,-9.816028068421904,0.43529186963409533,0.8180023390351586,6.728394726117853e-05,0.059708147136111285,4.540709766550872
65,65,2.7151885805176406,3.1324433001370764,-7.593799076263604,-9.816028068421904,0.6328165896886336,0.8180023390351586,0.004375997085091617,0.059708147136111285,3.6808697507699435
66,66,2.4105736812467313,3.1324433001370764,-7.601052001054859,-9.816028068421904,0.6334210000879049,0.8180023390351586,0.004449843985371781,0.059708147136111285,3.70038641569748
67,67,2.4105736812467313,0.5695009524016561,-4.167522199097493,-9.816028068421904,0.34729351659145774,0.8180023390351586,0.0003233198990019685,0.059708147136111285,5.933165095972591
68,68,0.5086671334753954,0.4772398059723495,-4.148678463701349,-9.816028068421904,0.34572320530844575,0.8180023390351586,5.1010995783918127e-05,0.059708147136111285,4.695064458847014
69,69,3.0065566393423193,0.023077936746070053,-7.408385200840142,-9.816028068421904,0.6173654334033452,0.8180023390351586,0.0034933368464555746,0.059708147136111285,3.8206642277378933
70,70,1.2114493921373024,0.023077936746070053,-7.418579044121147,-9.816028068421904,0.618214920343429,0.8180023390351586,0.0032975655240031565,0.059708147136111285,3.5946820201404606
71,71,1.2114493921373024,3.128994033496914,-7.543324176423972,-9.816028068421904,0.628610348035331,0.8180023390351586,0.004292707632545711,0.059708147136111285,3.840912950262897
72,72,1.8977470940037942,0.21632755045568275,-6.844714763125273,-9.816028068421904,0.570392896927106,0.8180023390351586,0.001970004144608743,0.059708147136111285,3.2422687832777157
73,73,1.9979896859215673,2.045492910126338,-5.826722567187452,-9.816028068421904,0.48556021393228765,0.8180023390351586,0.0005213212019040453,0.059708147136111285,6.222485390307597
74,74,0.3270707342268848,2.045492910126338,-5.087222801395856,-9.816028068421904,0.42393523344965467,0.8180023390351586,0.0001151840357183768,0.059708147136111285,4.758806731979661
75,75,0.3270707342268848,2.1371229648984507,-5.3842846153172905,-9.816028068421904,0.44869038460977423,0.8180023390351586,0.00047958734455498905,0.059708147136111285,5.113201298409013
76,76,3.0203494318828152,2.801543621057373,-8.339877799803578,-9.816028068421904,0.6949898166502981,0.8180023390351586,0.00985135639508781,0.059708147136111285,2.952936912932202
77,77,2.909637026207923,2.9736540219797227,-8.4836882851899,-9.816028068421904,0.706974023765825,0.8180023390351586,0.011164092364728572,0.059708147136111285,2.7751879976360385
78,78,0.6763392276039861,2.9736540219797227,-9.121652845038081,-9.816028068421904,0.7601377370865068,0.8180023390351586,0.023131587276009908,0.059708147136111285,2.504257395607638
79,79,0.6763392276039861,0.5403789050482823,-4.015586669910154,-9.816028068421904,0.33463222249251284,0.8180023390351586,0.00020217089604371806,0.059708147136111285,5.480757056430839
80,80,0.46244406654948933,1.0265983422687806,-8.952142815545988,-9.816028068421904,0.746011901295499,0.8180023390351586,0.03811454544551568,0.059708147136111285,3.5643999383937626
81,81,3.121681056676829,3.1238678929982484,-7.510571101741297,-9.816028068421904,0.6258809251451081,0.8180023390351586,0.003956039937732246,0.059708147136111285,3.7415185879228687
82,82,1.6921754559166173,1.0265983422687806,-7.521689777768039,-9.816028068421904,0.6268074814806699,0.8180023390351586,0.0296520779913593,0.059708147136111285,4.8233561392276485
83,83,0.46244406654948933,1.1099971468857073,-9.474280461515763,-9.816028068421904,0.7895233717929803,0.8180023390351586,0.044530977608997796,0.059708147136111285,2.4221114580564063
84,84,1.140929761868094,2.7016963224068444,-8.151707137244623,-9.816028068421904,0.6793089281037186,0.8180023390351586,0.03397305959190885,0.059708147136111285,4.837579452257643
85,85,0.49878300525376695,1.2691835334211545,-9.744360129722406,-9.816028068421904,0.8120300108102004,0.8180023390351586,0.04003714238799456,0.059708147136111285,1.4803615167755027
86,86,1.112598828962984,1.2691835334211545,-8.425788584219335,-9.816028068421904,0.7021490486849445,0.8180023390351586,0.029868109611063634,0.059708147136111285,4.843783239492609
87,87,0.49878300525376695,1.4558304070328332,-8.672947764232443,-9.816028068421904,0.7227456470193703,0.8180023390351586,0.01379299405735927,0.059708147136111285,2.6884798201973155
88,88,2.230303656356803,1.9317864761622252,-4.678127086911127,-9.816028068421904,0.3898439239092606,0.8180023390351586,0.0001956954097176095,0.059708147136111285,5.168980144409904
89,89,2.3379057682607147,0.036186283880743846,-7.117002486242509,-9.816028068421904,0.5930835405202091,0.8180023390351586,0.0022688072467644538,0.059708147136111285,3.879871569390893
90,90,0.08384320585820702,1.4558304070328332,-7.774636123259468,-9.816028068421904,0.6478863436049557,0.8180023390351586,0.005364286735940044,0.059708147136111285,3.513748937756297
91,91,0.08384320585820702,1.3742887034715034,-7.935160496751226,-9.816028068421904,0.6612633747292688,0.8180023390351586,0.006396084639157588,0.059708147136111285,3.361171644598741
92,92,0.5923567900041056,2.9863297610766324,-9.056874903123745,-9.816028068421904,0.7547395752603121,0.8180023390351586,0.02054891668885698,0.059708147136111285,2.3845422855675764
93,93,1.972133050283395,1.3852869054505723,-8.110020968652538,-9.816028068421904,0.6758350807210448,0.8180023390351586,0.015509846443660878,0.059708147136111285,4.882240928761192
94,94,0.7528961937988969,2.9863297610766324,-8.949474800287106,-9.816028068421904,0.7457895666905922,0.8180023390351586,0.020702436981551674,0.059708147136111285,2.868242433119292
95,95,0.7528961937988969,0.3392483893259419,-4.243160687226369,-9.816028068421904,0.3535967239355307,0.8180023390351586,3.279950587202842e-05,0.059708147136111285,4.541915835216567
96,96,2.660253356968866,2.229618290836452,-5.230048420259614,-9.816028068421904,0.43583736835496784,0.8180023390351586,0.0017728094103035307,0.059708147136111285,5.9936187439964
97,97,2.125798319528604,1.753316138029373,-6.16621128531741,-9.816028068421904,0.5138509404431175,0.8180023390351586,0.0005382757523263121,0.059708147136111285,3.938337850092175
98,98,0.8803357249085197,2.9863297610766324,-8.729718541703104,-9.816028068421904,0.7274765451419253,0.8180023390351586,0.018906164394975288,0.059708147136111285,3.4445190053790924
99,99,0.8803357249085197,1.9651210026586432,-4.4266400742668885,-9.816028068421904,0.368886672855574,0.8180023390351586,0.00013717767871691854,0.059708147136111285,5.314806722583086
100,100,1.5653767341430405,0.957200325927037,-7.499983519279315,-9.816028068421904,0.6249986266066095,0.8180023390351586,0.031050415090554603,0.059708147136111285,4.621680211123049
101,101,0.5779427792217844,2.7999886198345525,-9.813984278865265,-9.816028068421904,0.817832023238772,0.8180023390351586,0.050015271478291226,0.059708147136111285,1.7330696496298827
102,102,2.724070495048446,2.7999886198345525,-9.659756071825205,-9.816028068421904,0.8049796726521005,0.8180023390351586,0.03708313027646921,0.059708147136111285,1.5285341751624486
103,103,2.724070495048446,2.5704927682785943,-8.739174408096318,-9.816028068421904,0.7282645340080265,0.8180023390351586,0.031004362553698983,0.059708147136111285,3.7677715406893384
104,104,2.9858173213379953,1.8477131700487937,-6.445047243610979,-9.816028068421904,0.537087270300915,0.8180023390351586,0.0008693196401399288,0.059708147136111285,4.347460078416404
105,105,2.583035507510708,2.0225713018616176,-3.9732654939013488,-9.816028068421904,0.3311054578251124,0.8180023390351586,3.035956080281924e-05,0.059708147136111285,4.559901293616802
106,106,2.99912343468219,2.7999886198345525,-8.474487528219923,-9.816028068421904,0.7062072940183269,0.8180023390351586,0.011295214163798398,0.059708147136111285,2.8057373717613956
107,107,2.724070495048446,1.843218563804886,-5.025865659322916,-9.816028068421904,0.4188221382769097,0.8180023390351586,1.5897567975675607e-05,0.059708147136111285,4.344175337656214
108,108,2.204419760783889,2.978910484550793,-8.643893929642351,-9.816028068421904,0.7203244941368626,0.8180023390351586,0.018778393168100194,0.059708147136111285,3.7212266575424877
109,109,0.7666233266642346,0.05630197819849258,-6.878362874005215,-9.816028068421904,0.5731969061671013,0.8180023390351586,0.0015790874099677204,0.059708147136111285,3.977093940695994
110,110,0.38088818983878725,2.7999886198345525,-9.568006381784114,-9.816028068421904,0.7973338651486762,0.8180023390351586,0.03339362618014208,0.059708147136111285,1.5904630209567898
111,111,0.38088818983878725,1.4120324110411515,-8.855731040047528,-9.816028068421904,0.7379775866706274,0.8180023390351586,0.016019341350087337,0.059708147136111285,2.378444451624958
112,112,0.2600761652172159,1.5640932995803107,-7.548219383822618,-9.816028068421904,0.6290182819852181,0.8180023390351586,0.004139093854084534,0.059708147136111285,3.7122653175567706
113,113,2.146733050062428,1.6618590921296248,-6.794272373623339,-9.816028068421904,0.5661893644686116,0.8180023390351586,0.0012689592709908743,0.059708147136111285,3.7382736915401225
114,114,2.730602076693849,2.7999886198345525,-9.644967993986121,-9.816028068421904,0.8037473328321768,0.8180023390351586,0.03643540063248224,0.059708147136111285,1.5365650628622234
115,115,2.730602076693849,1.3148078777907346,-9.457740231339068,-9.816028068421904,0.7881450192782556,0.8180023390351586,0.028343116268591095,0.059708147136111285,1.6443388613651848
116,116,0.8571215216968116,2.5981495776575994,-8.349839082870655,-9.816028068421904,0.6958199235725546,0.8180023390351586,0.04667949945618,0.059708147136111285,4.779375064935564
117,117,0.024796307306118807,1.717202155539001,-7.396976186898792,-9.816028068421904,0.616414682241566,0.8180023390351586,0.0034453546304180557,0.059708147136111285,3.8299615785130356
118,118,2.4563026298504465,2.7999886198345525,-9.712027629270366,-9.816028068421904,0.8093356357725305,0.8180023390351586,0.05371494548136079,0.059708147136111285,2.2324417650337693
119,119,2.4563026298504465,1.4849209242492913,-8.416204951127119,-9.816028068421904,0.7013504125939266,0.8180023390351586,0.0112744221612309,0.059708147136111285,3.141314091534582
120,120,2.9990660812534244,1.6759597228891894,-7.068570478220293,-9.816028068421904,0.5890475398516911,0.8180023390351586,0.002240257276467185,0.059708147136111285,4.048722786261635
121,121,0.7044880367239641,0.7174157130805308,-5.308365908302611,-9.816028068421904,0.44236382569188426,0.8180023390351586,0.004100475145171841,0.059708147136111285,6.8106419238697065
122,122,0.11305918297622262,2.7999886198345525,-8.287935533873563,-9.816028068421904,0.6906612944894636,0.8180023390351586,0.00934245515500371,0.059708147136111285,3.009089312462521
123,123,2.4563026298504465,2.3913024991532392,-6.4646928984760885,-9.816028068421904,0.5387244082063407,0.8180023390351586,0.013837512060146565,0.059708147136111285,6.725870266347847
124,124,0.6852943013506094,0.07485805642369868,-6.628624482335666,-9.816028068421904,0.5523853735279721,0.8180023390351586,0.0010617876950678778,0.059708147136111285,4.10619933832691
125,125,2.4083457563542687,1.479723988121645,-8.438628539725052,-9.816028068421904,0.7032190449770876,0.8180023390351586,0.011789024002788747,0.059708147136111285,3.19481585898221
126,126,0.3786552701829875,2.7999886198345525,-9.561721370781392,-9.816028068421904,0.7968101142317826,0.8180023390351586,0.033165213718698655,0.059708147136111285,1.595555180766155
127,127,0.3786552701829875,1.884025738296755,-4.982952510961835,-9.816028068421904,0.4152460425801529,0.8180023390351586,1.6890956445999724e-05,0.059708147136111285,4.384506116730783
128,128,2.6813448355193756,1.8331583714189785,-4.942720358695577,-9.816028068421904,0.4118933632246314,0.8180023390351586,9.158954959255439e-06,0.059708147136111285,4.307172710526938
129,129,3.099926605035206,3.039654121102581,-7.623242787139944,-9.816028068421904,0.635270232261662,0.8180023390351586,0.0045170401813033525,0.059708147136111285,3.6479761833038395
130,130,1.9830031576113731,2.7999886198345525,-8.257820451545832,-9.816028068421904,0.688151704295486,0.8180023390351586,0.030479054178660803,0.059708147136111285,5.039026509795207
131,131,0.3786552701829875,0.5934338288545808,-5.228808566816662,-9.816028068421904,0.4357340472347218,0.8180023390351586,0.0006453987407080982,0.059708147136111285,5.351277868073208
132,132,2.6869840886200826,1.886037047371458,-4.643706601918771,-9.816028068421904,0.38697555015989754,0.8180023390351586,2.3694417593334643e-06,0.059708147136111285,4.2811964221668894
133,133,1.836751501380821,1.5408167688134677,-7.558416313403488,-9.816028068421904,0.6298680261169574,0.8180023390351586,0.0047074979002163005,0.059708147136111285,4.0329689631406325
134,134,0.5360483382834558,2.7999886198345525,-9.811371812203275,-9.816028068421904,0.8176143176836063,0.8180023390351586,0.047358635971555235,0.059708147136111285,1.6086734899600685
135,135,0.5360483382834558,2.457545101758104,-7.506665190094613,-9.816028068421904,0.6255554325078844,0.8180023390351586,0.022134349919004474,0.059708147136111285,5.8336324028458435
136,136,3.1313017187090733,2.9943911569419868,-7.542805666624609,-9.816028068421904,0.6285671388853841,0.8180023390351586,0.004110834402786341,0.059708147136111285,3.7153381744503804
137,137,0.6665736486469387,1.3968400553147868,-9.171477884775053,-9.816028068421904,0.7642898237312544,0.8180023390351586,0.02414487188075934,0.059708147136111285,2.430816600762185
138,138,0.8073893894947484,2.7999886198345525,-9.439659666651911,-9.816028068421904,0.7866383055543259,0.8180023390351586,0.05227624031384872,0.059708147136111285,2.9969637275432177
139,139,0.5360483382834558,0.026545742388965225,-7.196667282806379,-9.816028068421904,0.5997222735671982,0.8180023390351586,0.0026271502883627876,0.059708147136111285,3.9324235237062055
140,140,2.158441561049358,2.6083066116491764,-8.143878385776603,-9.816028068421904,0.6786565321480502,0.8180023390351586,0.03885101652687681,0.059708147136111285,4.788713450681939
141,141,1.9703742116783263,2.4768060360276216,-7.258478547581929,-9.816028068421904,0.6048732122984941,0.8180023390351586,0.01574522712044739,0.059708147136111285,5.22228899763801
142,142,0.14033213437886105,2.7999886198345525,-8.461244742087835,-9.816028068421904,0.7051037285073196,0.8180023390351586,0.01114573608627046,0.059708147136111285,2.8204511294567567
143,143,0.5360483382834558,1.1468207902330187,-9.65859633452154,-9.816028068421904,0.804883027876795,0.8180023390351586,0.052324090659231354,0.059708147136111285,2.2058855678514817
144,144,0.5247454015450599,2.215037926075402,-4.953603084005373,-9.816028068421904,0.4128002570004477,0.8180023390351586,0.0014404385849198084,0.059708147136111285,6.0100165480815555
145,145,0.4155212285691443,1.8882788718111316,-4.79173102950551,-9.816028068421904,0.3993109191254592,0.8180023390351586,6.236411457288648e-06,0.059708147136111285,4.333533132466965
146,146,2.722013358757282,1.1468207902330187,-9.561302115610394,-9.816028068421904,0.7967751763008661,0.8180023390351586,0.04039256943273712,0.059708147136111285,1.9800884453221386
147,147,2.722013358757282,2.4907021722597644,-8.034033395737286,-9.816028068421904,0.6695027829781072,0.8180023390351586,0.02156742027881224,0.059708147136111285,4.8350810550985415
148,148,0.4662697657462529,0.18996070409429877,-5.513866682635032,-9.816028068421904,0.459488890219586,0.8180023390351586,8.426157121148341e-05,0.059708147136111285,4.363924046930599
149,149,1.9420426773344774,1.5973062677412175,-7.40072017767968,-9.816028068421904,0.6167266814733067,0.8180023390351586,0.003198160661659579,0.059708147136111285,3.581028722763371
150,150,3.015035818799939,1.1468207902330187,-8.371381383827176,-9.816028068421904,0.6976151153189313,0.8180023390351586,0.01043047022914367,0.059708147136111285,2.9553523242046253
151,151,2.722013358757282,2.0116884307134395,-4.50413207330426,-9.816028068421904,0.37534433944202167,0.8180023390351586,2.0465680639351458e-05,0.059708147136111285,4.563494448215415
152,152,1.6088308392996125,0.7241609898865546,-7.4888383322736045,-9.816028068421904,0.6240698610228004,0.8180023390351586,0.008236468617870082,0.059708147136111285,4.87379704001107
153,153,0.5415208190092058,1.2732573018064868,-9.767723295505643,-9.816028068421904,0.8139769412921369,0.8180023390351586,0.042183105941072385,0.059708147136111285,1.546825046139645
154,154,0.2995949640469464,1.2732573018064868,-9.226143211158863,-9.816028068421904,0.7688452675965719,0.8180023390351586,0.022936396450342886,0.059708147136111285,1.8945400051344308
155,155,0.5415208190092058,1.9546956338147725,-4.098335381118165,-9.816028068421904,0.34152794842651374,0.8180023390351586,3.3237724620219675e-06,0.059708147136111285,4.280591614628591
156,156,2.6182754911142805,1.251327453425157,-9.7924439549226,-9.816028068421904,0.81603699624355,0.8180023390351586,0.043945610998925515,0.059708147136111285,1.524592791835218
157,157,2.9789460040963256,1.949767451792548,-6.2467517869752776,-9.816028068421904,0.5205626489146065,0.8180023390351586,0.00065568248609273,0.059708147136111285,4.447738332285049
158,158,1.152290954016243,1.251327453425157,-8.28936661233445,-9.816028068421904,0.6907805510278707,0.8180023390351586,0.029217267855825554,0.059708147136111285,5.030394849957375
159,159,2.6182754911142805,1.956637000409675,-4.14230148971357,-9.816028068421904,0.34519179080946416,0.8180023390351586,2.436120079538447e-06,0.059708147136111285,4.289032932617037
160,160,0.1617336276945649,1.5420892077121275,-7.63428900811854,-9.816028068421904,0.6361907506765451,0.8180023390351586,0.004576921857637681,0.059708147136111285,3.6398353243092885
161,161,0.4181494235417367,1.9375278080690743,-4.6000911518335075,-9.816028068421904,0.38334092931945896,0.8180023390351586,2.87709949971445e-06,0.059708147136111285,4.3652840689603565
162,162,2.932120461364569,1.251327453425157,-8.840307066280905,-9.816028068421904,0.7366922555234088,0.8180023390351586,0.01605551464681053,0.059708147136111285,2.3719156133442425
163,163,2.6182754911142805,2.707319621475447,-9.6180646891008,-9.816028068421904,0.8015053907584,0.8180023390351586,0.051217763959346733,0.059708147136111285,2.277890123767122
164,164,1.7348989273022062,0.1699595732457928,-7.358527073379118,-9.816028068421904,0.6132105894482599,0.8180023390351586,0.003030823394583898,0.059708147136111285,2.5145106487333706
165,165,2.034525410871243,2.8762589804941747,-8.425635481719675,-9.816028068421904,0.7021362901433063,0.8180023390351586,0.026260402846535535,0.059708147136111285,4.791338741326086
166,166,0.6394409269806245,1.251327453425157,-9.769799534268461,-9.816028068421904,0.8141499611890385,0.8180023390351586,0.049617743093673686,0.059708147136111285,1.9158930442589224
167,167,0.6394409269806245,1.0567247978635257,-9.03992634127845,-9.816028068421904,0.7533271951065376,0.8180023390351586,0.05424010249168441,0.059708147136111285,3.8215288168010346
168,168,2.151211930892014,2.405620218022138,-6.621026002911473,-9.816028068421904,0.5517521669092894,0.8180023390351586,0.010302201427052245,0.059708147136111285,6.269580627002071
169,169,0.6752675701736488,2.1181970581131324,-4.0448545192685295,-9.816028068421904,0.3370712099390441,0.8180023390351586,0.00023225132064950098,0.059708147136111285,5.538291103262139
170,170,0.4930653571065131,1.251327453425157,-9.766351491421487,-9.816028068421904,0.8138626242851239,0.8180023390351586,0.04174721189830531,0.059708147136111285,1.4828839031909666
171,171,0.4930653571065131,1.9073693745816345,-4.409067073761929,-9.816028068421904,0.36742225614682744,0.8180023390351586,4.480437967458902e-07,0.059708147136111285,4.24164878705977
172,172,2.0925682696450245,0.1035014390540374,-6.802903858839417,-9.816028068421904,0.5669086549032848,0.8180023390351586,0.0012729541124519668,0.059708147136111285,3.6353114137850255
173,173,2.195957296439884,0.6418565997473709,-5.1259061030635,-9.816028068421904,0.4271588419219583,0.8180023390351586,0.0008685419940441467,0.059708147136111285,7.045250496353415
174,174,1.023816832507917,1.251327453425157,-8.737967505551946,-9.816028068421904,0.7281639587959955,0.8180023390351586,0.037260799587905825,0.059708147136111285,4.360565537678923
175,175,0.4930653571065131,1.439119893428938,-8.81403501670345,-9.816028068421904,0.7345029180586208,0.8180023390351586,0.015748682762066885,0.059708147136111285,2.522452397583322
176,176,2.7497005038281426,2.222111470479799,-5.554691986640218,-9.816028068421904,0.4628909988866848,0.8180023390351586,0.0015305577540106925,0.059708147136111285,5.662126621968884
177,177,2.876233384584541,1.860006495475677,-5.708210538692726,-9.816028068421904,0.47568421155772717,0.8180023390351586,0.00018888970914137643,0.059708147136111285,4.468327651659585
178,178,0.5968286611107685,1.251327453425157,-9.799798294682821,-9.816028068421904,0.8166498578902351,0.8180023390351586,0.048094373537752935,0.059708147136111285,1.7332769524741707
179,179,0.5968286611107685,0.3893830906332598,-3.9768387002481376,-9.816028068421904,0.33140322502067815,0.8180023390351586,9.226764320157186e-06,0.059708147136111285,4.324489053726774
180,180,2.2945600967226376,0.7158633020251044,-5.374410951844723,-9.816028068421904,0.4478675793203936,0.8180023390351586,0.0033155023971905328,0.059708147136111285,6.970893694118839
181,181,2.155784760095898,1.3162286240734977,-8.82077399519728,-9.816028068421904,0.7350644995997734,0.8180023390351586,0.030720912360798262,0.059708147136111285,4.063258263938707
182,182,1.0958743257540144,1.251327453425157,-8.482382564552745,-9.816028068421904,0.7068652137127288,0.8180023390351586,0.03259575329224071,0.059708147136111285,4.759901583457534
183,183,0.5968286611107685,1.7145836935871215,-5.82706534040887,-9.816028068421904,0.4855887783674058,0.8180023390351586,0.00019399332297357253,0.059708147136111285,4.305408217354177
184,184,1.951241968794456,1.6848675822178356,-7.040424822903347,-9.816028068421904,0.586702068575279,0.8180023390351586,0.0018024870834449452,0.059708147136111285,3.2697201673219567
185,185,2.911585461861158,2.0044975110208654,-5.728781153372001,-9.816028068421904,0.47739842944766675,0.8180023390351586,0.0002849373099400136,0.059708147136111285,4.6174803375809645
186,186,2.608072931197446,1.251327453425157,-9.798147146868306,-9.816028068421904,0.8165122622390255,0.8180023390351586,0.04462734161315479,0.059708147136111285,1.5447030732840972
187,187,2.608072931197446,1.9116460535583484,-4.276077603915685,-9.816028068421904,0.35633980032630713,0.8180023390351586,9.055399079642451e-07,0.059708147136111285,4.217539746106109
188,188,0.25856128035538384,2.796081765876343,-9.11155458573734,-9.816028068421904,0.7592962154781117,0.8180023390351586,0.021139936567314447,0.059708147136111285,2.0737598750620094
189,189,3.074057274098699,0.6854750681529735,-7.277815700130556,-9.816028068421904,0.6064846416775463,0.8180023390351586,0.003145272912659626,0.059708147136111285,3.97449587478922
190,190,0.9161364228522155,1.251327453425157,-9.11397966463064,-9.816028068421904,0.7594983053858867,0.8180023390351586,0.044024992153733136,0.059708147136111285,3.6725475448038765
191,191,2.608072931197446,0.3163505382181262,-4.400829829339465,-9.816028068421904,0.3667358191116221,0.8180023390351586,1.04843536486187e-06,0.059708147136111285,4.211896847523757
192,192,1.2989381392714086,1.4616534785262163,-7.701437010424344,-9.816028068421904,0.641786417535362,0.8180023390351586,0.007962855864146745,0.059708147136111285,4.766011948084959
193,193,2.284195910796388,0.4890813969701908,-4.238845519407294,-9.816028068421904,0.35323712661727447,0.8180023390351586,6.690199207805544e-05,0.059708147136111285,5.920506597023262
194,194,2.6168335778068403,1.251327453425157,-9.79334390733516,-9.816028068421904,0.81611199227793,0.8180023390351586,0.04404387045916562,0.059708147136111285,1.527252982524132
195,195,2.6168335778068403,2.64973293971458,-9.313979575879364,-9.816028068421904,0.7761649646566137,0.8180023390351586,0.04895344939123433,0.059708147136111285,3.028749268322798
196,196,2.373850067556493,1.337614576798739,-9.362963472919539,-9.816028068421904,0.7802469560766282,0.8180023390351586,0.03443297304263364,0.059708147136111285,2.644077247790136
197,197,1.7597873775834876,2.5807804764646214,-7.537619314885767,-9.816028068421904,0.6281349429071472,0.8180023390351586,0.027470167684560322,0.059708147136111285,4.775479677803538
198,198,2.5646527319069286,1.251327453425157,-9.805409678456883,-9.816028068421904,0.8171174732047403,0.8180023390351586,0.04715409754365816,0.059708147136111285,1.6626962212065592
199,199,2.5646527319069286,1.6249491772689633,-6.867709452336043,-9.816028068421904,0.5723091210280036,0.8180023390351586,0.0016165541030577512,0.059708147136111285,4.07707055430329
