9.055999999999990280e+00 -3.018666666666663279e+00 1.000000000000000021e-03
1.014799999999998903e+01 -3.382666666666663158e+00 1.000000000000000021e-03
9.136999999999988020e+00 -3.045666666666662525e+00 1.000000000000000021e-03
9.669999999999983942e+00 -3.223333333333327833e+00 0.000000000000000000e+00
9.283999999999986485e+00 -3.094666666666662014e+00 0.000000000000000000e+00
9.723999999999985988e+00 -3.241333333333328515e+00 0.000000000000000000e+00
9.177999999999993719e+00 -3.059333333333331240e+00 4.000000000000000083e-03
9.282999999999985263e+00 -3.094333333333328273e+00 1.000000000000000021e-03
9.538999999999981938e+00 -3.179666666666660646e+00 2.000000000000000042e-03
9.409999999999985931e+00 -3.136666666666661829e+00 3.000000000000000062e-03
9.613999999999990109e+00 -3.204666666666663222e+00 2.000000000000000042e-03
9.141999999999985249e+00 -3.047333333333328564e+00 2.000000000000000042e-03
9.435999999999983956e+00 -3.145333333333327985e+00 2.000000000000000042e-03
9.599999999999987210e+00 -3.199999999999995737e+00 3.000000000000000062e-03
9.641999999999978144e+00 -3.213999999999992863e+00 4.000000000000000083e-03
9.647999999999992582e+00 -3.215999999999997527e+00 1.000000000000000021e-03
9.726999999999982549e+00 -3.242333333333327516e+00 1.000000000000000021e-03
9.376999999999988233e+00 -3.125666666666662596e+00 2.000000000000000042e-03
9.943999999999984851e+00 -3.314666666666661765e+00 1.000000000000000021e-03
9.004999999999986571e+00 -3.001666666666662042e+00 3.000000000000000062e-03
1.289699999999998070e+01 -4.298999999999993271e+00 2.000000000000000042e-03
9.478999999999997428e+00 -3.159666666666665957e+00 1.000000000000000021e-03
1.913900000000002066e+01 -6.379666666666673258e+00 1.000000000000000021e-03
2.675799999999999557e+01 -8.919333333333332448e+00 0.000000000000000000e+00
8.557999999999994500e+00 -2.852666666666664685e+00 1.000000000000000021e-03
3.305199999999999250e+01 -1.101733333333333142e+01 0.000000000000000000e+00
9.336999999999983757e+00 -3.112333333333328067e+00 2.000000000000000042e-03
1.161299999999999422e+01 -3.870999999999998220e+00 1.000000000000000021e-03
9.481999999999995765e+00 -3.160666666666665403e+00 1.099999999999999936e-02
9.646999999999984254e+00 -3.215666666666661566e+00 2.000000000000000042e-03
9.625999999999981682e+00 -3.208666666666660561e+00 3.000000000000000062e-03
1.294899999999998386e+01 -4.316333333333328248e+00 1.000000000000000021e-03
1.080100000000000371e+01 -3.600333333333334718e+00 1.000000000000000021e-03
1.074299999999998256e+01 -3.580999999999994188e+00 1.000000000000000021e-03
9.516999999999995907e+00 -3.172333333333332117e+00 0.000000000000000000e+00
2.521999999999996689e+00 -8.406666666666655630e-01 5.000000000000000104e-03
9.650999999999983814e+00 -3.216999999999994753e+00 3.000000000000000062e-03
7.188999999999991175e+00 -2.396333333333330540e+00 3.000000000000000062e-03
1.874999999999998224e+00 -6.249999999999994449e-01 1.000000000000000021e-03
1.777999999999998471e+00 -5.926666666666661198e-01 0.000000000000000000e+00
5.862999999999990663e+00 -1.954333333333330147e+00 8.000000000000000167e-03
6.690999999999987402e+00 -2.230333333333329282e+00 3.000000000000000062e-03
9.909999999999982379e+00 -3.303333333333327460e+00 4.000000000000000083e-03
8.854999999999996874e+00 -2.951666666666665773e+00 2.699999999999999969e-02
8.459999999999995524e+00 -2.819999999999998508e+00 1.000000000000000021e-03
9.617999999999994998e+00 -3.205999999999998185e+00 2.000000000000000042e-03
9.785999999999988930e+00 -3.261999999999996458e+00 0.000000000000000000e+00
9.856999999999999318e+00 -3.285666666666666291e+00 1.200000000000000025e-02
9.354999999999998650e+00 -3.118333333333332735e+00 8.000000000000000167e-03
7.140999999999998238e+00 -2.380333333333332746e+00 2.000000000000000042e-03
9.896999999999989583e+00 -3.298999999999996380e+00 4.000000000000000083e-03
9.772999999999994358e+00 -3.257666666666664934e+00 1.000000000000000021e-03
1.490999999999999215e+00 -4.969999999999997198e-01 2.000000000000000042e-03
9.766999999999992355e+00 -3.255666666666664266e+00 0.000000000000000000e+00
9.000000000000164119e-03 -3.000000000000054706e-03 5.000000000000000104e-03
9.309999999999984510e+00 -3.103333333333328170e+00 1.000000000000000021e-03
9.910000000000000142e+00 -3.303333333333333233e+00 4.000000000000000083e-03
7.680000000000005711e-01 -2.560000000000001719e-01 2.000000000000000042e-03
8.254999999999988347e+00 -2.751666666666662930e+00 2.699999999999999969e-02
1.005000000000000071e+01 -3.350000000000000089e+00 4.000000000000000083e-03
8.140999999999984027e+00 -2.713666666666661342e+00 2.000000000000000042e-03
2.049599999999998801e+01 -6.831999999999996298e+00 0.000000000000000000e+00
9.324999999999995737e+00 -3.108333333333332060e+00 2.000000000000000042e-03
4.220000000000004858e-01 -1.406666666666668286e-01 1.400000000000000029e-02
6.655999999999990813e+00 -2.218666666666663456e+00 4.000000000000000083e-03
1.468999999999998085e+00 -4.896666666666660284e-01 1.200000000000000025e-02
4.101999999999997648e+00 -1.367333333333332623e+00 5.000000000000000104e-03
9.144999999999983586e+00 -3.048333333333328010e+00 5.000000000000000104e-03
2.201999999999998181e+00 -7.339999999999994307e-01 1.000000000000000021e-03
6.061999999999994060e+00 -2.020666666666664835e+00 6.000000000000000125e-03
6.300000000000015310e-02 -2.100000000000004988e-02 7.000000000000000146e-03
1.544999999999998375e+00 -5.149999999999994582e-01 5.000000000000000104e-03
3.957999999999989971e+00 -1.319333333333329916e+00 3.000000000000000062e-03
6.907999999999989704e+00 -2.302666666666663087e+00 0.000000000000000000e+00
9.052999999999993719e+00 -3.017666666666664721e+00 0.000000000000000000e+00
2.340999999999997083e+00 -7.803333333333323241e-01 0.000000000000000000e+00
9.170999999999986940e+00 -3.056999999999995499e+00 3.000000000000000062e-03
1.280000000000002525e-01 -4.266666666666674851e-02 1.000000000000000021e-02
9.480999999999994543e+00 -3.160333333333331662e+00 3.000000000000000062e-03
9.828999999999984638e+00 -3.276333333333328213e+00 1.000000000000000021e-03
1.008299999999998953e+01 -3.360999999999996657e+00 3.000000000000000062e-03
9.654999999999994031e+00 -3.218333333333331492e+00 2.000000000000000042e-03
-3.249999999999998446e-01 1.083333333333332815e-01 1.499999999999999944e-02
1.540000000000002200e-01 -5.133333333333340437e-02 3.000000000000000062e-03
9.310999999999998167e+00 -3.103666666666665908e+00 0.000000000000000000e+00
9.409999999999987708e+00 -3.136666666666662717e+00 6.000000000000000125e-03
-2.689999999999998503e-01 8.966666666666661678e-02 7.000000000000000146e-03
-2.269999999999997020e-01 7.566666666666656271e-02 1.099999999999999936e-02
1.478999999999997961e+01 -4.929999999999993499e+00 0.000000000000000000e+00
-2.359999999999998210e-01 7.866666666666660701e-02 8.000000000000000167e-03
-2.499999999999996669e-01 8.333333333333321769e-02 1.000000000000000021e-02
9.324999999999983302e+00 -3.108333333333327619e+00 4.000000000000000083e-03
-4.469999999999997309e-01 1.489999999999999103e-01 1.000000000000000021e-02
-2.239999999999996994e-01 7.466666666666656182e-02 1.400000000000000029e-02
-1.189999999999998281e-01 3.966666666666660707e-02 6.000000000000000125e-03
9.571999999999995623e+00 -3.190666666666665208e+00 0.000000000000000000e+00
-1.089999999999997637e-01 3.633333333333325227e-02 6.000000000000000125e-03
-2.979999999999997096e-01 9.933333333333323190e-02 8.000000000000000167e-03
9.941999999999993065e+00 -3.313999999999997836e+00 3.000000000000000062e-03
-1.519999999999998019e-01 5.066666666666660296e-02 1.099999999999999936e-02
