6.140000000000003233e-01 -3.070000000000001616e-01 3.099999999999999978e-02
1.545000000000000595e+00 -7.725000000000002975e-01 3.200000000000000067e-02
-4.779999999999998694e-01 2.389999999999999347e-01 2.599999999999999881e-02
-1.089999999999997915e-01 5.449999999999989575e-02 3.400000000000000244e-02
2.105000000000000870e+00 -1.052500000000000435e+00 1.200000000000000025e-02
-4.619999999999996332e-01 2.309999999999998166e-01 3.699999999999999817e-02
-7.540000000000002256e-01 3.770000000000001128e-01 3.500000000000000333e-02
-4.989999999999998881e-01 2.494999999999999440e-01 3.099999999999999978e-02
1.715000000000000302e+00 -8.575000000000001510e-01 8.999999999999999320e-03
-6.199999999999998845e-01 3.099999999999999423e-01 3.599999999999999728e-02
3.839000000000000856e+00 -1.919500000000000428e+00 8.000000000000000167e-03
-5.339999999999996971e-01 2.669999999999998486e-01 3.599999999999999728e-02
3.850999999999999979e+00 -1.925499999999999989e+00 8.000000000000000167e-03
3.989000000000001211e+00 -1.994500000000000606e+00 8.000000000000000167e-03
-6.019999999999997575e-01 3.009999999999998788e-01 2.800000000000000058e-02
1.045099999999999696e+01 -5.225499999999998479e+00 3.000000000000000062e-03
3.954999999999998739e+00 -1.977499999999999369e+00 5.000000000000000104e-03
4.207999999999998408e+00 -2.103999999999999204e+00 1.099999999999999936e-02
3.922000000000000597e+00 -1.961000000000000298e+00 1.499999999999999944e-02
4.613999999999999879e+00 -2.306999999999999940e+00 2.199999999999999872e-02
-6.359999999999998987e-01 3.179999999999999494e-01 3.300000000000000155e-02
3.913000000000000256e+00 -1.956500000000000128e+00 7.000000000000000146e-03
-6.959999999999998410e-01 3.479999999999999205e-01 3.799999999999999906e-02
4.041999999999999815e+00 -2.020999999999999908e+00 8.000000000000000167e-03
-6.589999999999999192e-01 3.294999999999999596e-01 4.599999999999999922e-02
3.954999999999998739e+00 -1.977499999999999369e+00 1.299999999999999940e-02
-6.470000000000000195e-01 3.235000000000000098e-01 3.099999999999999978e-02
-5.199999999999999067e-01 2.599999999999999534e-01 3.899999999999999994e-02
-6.129999999999998783e-01 3.064999999999999392e-01 3.799999999999999906e-02
4.211999999999999744e+00 -2.105999999999999872e+00 1.000000000000000021e-02
-4.839999999999996527e-01 2.419999999999998264e-01 3.899999999999999994e-02
-6.239999999999999991e-01 3.119999999999999996e-01 1.899999999999999953e-02
-6.899999999999999467e-01 3.449999999999999734e-01 4.299999999999999656e-02
-6.090000000000000968e-01 3.045000000000000484e-01 4.200000000000000261e-02
-6.669999999999998153e-01 3.334999999999999076e-01 4.399999999999999745e-02
-6.509999999999999121e-01 3.254999999999999560e-01 3.500000000000000333e-02
-6.829999999999999405e-01 3.414999999999999702e-01 4.200000000000000261e-02
-7.340000000000000968e-01 3.670000000000000484e-01 4.900000000000000189e-02
-7.179999999999999716e-01 3.589999999999999858e-01 4.299999999999999656e-02
-6.239999999999998881e-01 3.119999999999999440e-01 4.399999999999999745e-02
-6.360000000000001208e-01 3.180000000000000604e-01 3.699999999999999817e-02
-7.389999999999998792e-01 3.694999999999999396e-01 4.000000000000000083e-02
-6.779999999999999361e-01 3.389999999999999680e-01 4.900000000000000189e-02
-7.010000000000001785e-01 3.505000000000000893e-01 4.299999999999999656e-02
-6.040000000000000924e-01 3.020000000000000462e-01 5.000000000000000278e-02
-7.269999999999998685e-01 3.634999999999999343e-01 3.200000000000000067e-02
-6.039999999999999813e-01 3.019999999999999907e-01 3.699999999999999817e-02
-6.430000000000000160e-01 3.215000000000000080e-01 2.900000000000000147e-02
-6.569999999999999174e-01 3.284999999999999587e-01 3.699999999999999817e-02
-7.119999999999999662e-01 3.559999999999999831e-01 4.100000000000000172e-02
-6.209999999999999964e-01 3.104999999999999982e-01 3.899999999999999994e-02
-5.959999999999998632e-01 2.979999999999999316e-01 3.500000000000000333e-02
-6.519999999999999130e-01 3.259999999999999565e-01 3.899999999999999994e-02
-6.739999999999998215e-01 3.369999999999999107e-01 3.500000000000000333e-02
-5.290000000000000258e-01 2.645000000000000129e-01 3.200000000000000067e-02
-6.729999999999999316e-01 3.364999999999999658e-01 4.200000000000000261e-02
-6.899999999999998357e-01 3.449999999999999178e-01 4.299999999999999656e-02
-5.830000000000000737e-01 2.915000000000000369e-01 4.900000000000000189e-02
-6.209999999999998854e-01 3.104999999999999427e-01 4.299999999999999656e-02
-6.410000000000000142e-01 3.205000000000000071e-01 3.699999999999999817e-02
-7.179999999999999716e-01 3.589999999999999858e-01 4.000000000000000083e-02
-5.849999999999999645e-01 2.924999999999999822e-01 5.199999999999999761e-02
-6.769999999999999352e-01 3.384999999999999676e-01 4.200000000000000261e-02
-5.169999999999999041e-01 2.584999999999999520e-01 4.499999999999999833e-02
4.163000000000002920e+00 -2.081500000000001460e+00 5.000000000000000104e-03
-5.099999999999996758e-01 2.549999999999998379e-01 3.400000000000000244e-02
-6.710000000000000409e-01 3.355000000000000204e-01 3.300000000000000155e-02
-6.049999999999998712e-01 3.024999999999999356e-01 5.000000000000000278e-02
-6.169999999999999929e-01 3.084999999999999964e-01 3.200000000000000067e-02
-6.059999999999997611e-01 3.029999999999998805e-01 3.699999999999999817e-02
-6.949999999999999512e-01 3.474999999999999756e-01 3.899999999999999994e-02
-6.290000000000000036e-01 3.145000000000000018e-01 2.699999999999999969e-02
-5.569999999999999396e-01 2.784999999999999698e-01 2.999999999999999889e-02
-5.659999999999998366e-01 2.829999999999999183e-01 4.700000000000000011e-02
-6.039999999999999813e-01 3.019999999999999907e-01 3.799999999999999906e-02
-6.929999999999998384e-01 3.464999999999999192e-01 3.699999999999999817e-02
-6.420000000000000151e-01 3.210000000000000075e-01 3.699999999999999817e-02
-6.149999999999998801e-01 3.074999999999999400e-01 3.899999999999999994e-02
-6.759999999999998233e-01 3.379999999999999116e-01 3.599999999999999728e-02
-6.529999999999999138e-01 3.264999999999999569e-01 4.499999999999999833e-02
-6.500000000000000222e-01 3.250000000000000111e-01 4.000000000000000083e-02
-5.489999999999998215e-01 2.744999999999999107e-01 4.200000000000000261e-02
-5.899999999999999689e-01 2.949999999999999845e-01 3.300000000000000155e-02
-6.780000000000000471e-01 3.390000000000000235e-01 3.899999999999999994e-02
-6.179999999999998828e-01 3.089999999999999414e-01 2.999999999999999889e-02
-6.189999999999997726e-01 3.094999999999998863e-01 3.300000000000000155e-02
-5.510000000000000453e-01 2.755000000000000226e-01 3.200000000000000067e-02
-6.469999999999997975e-01 3.234999999999998987e-01 3.799999999999999906e-02
-6.710000000000000409e-01 3.355000000000000204e-01 3.599999999999999728e-02
-6.459999999999999076e-01 3.229999999999999538e-01 4.299999999999999656e-02
-5.499999999999997113e-01 2.749999999999998557e-01 4.000000000000000083e-02
-6.509999999999999121e-01 3.254999999999999560e-01 4.200000000000000261e-02
-6.229999999999997762e-01 3.114999999999998881e-01 3.300000000000000155e-02
-5.749999999999997335e-01 2.874999999999998668e-01 2.800000000000000058e-02
-5.139999999999995683e-01 2.569999999999997842e-01 2.999999999999999889e-02
-5.769999999999997353e-01 2.884999999999998677e-01 3.599999999999999728e-02
-6.179999999999997717e-01 3.089999999999998859e-01 3.799999999999999906e-02
-5.389999999999998126e-01 2.694999999999999063e-01 3.300000000000000155e-02
-6.459999999999996856e-01 3.229999999999998428e-01 3.400000000000000244e-02
-6.729999999999998206e-01 3.364999999999999103e-01 4.000000000000000083e-02
