2.700000000000000316e-02 -1.350000000000000158e-02 3.799999999999999906e-02
-2.699999999999999623e-02 1.349999999999999811e-02 2.900000000000000147e-02
-1.075999999999999845e+00 5.379999999999999227e-01 8.300000000000000433e-02
-9.000000000000001055e-02 4.500000000000000527e-02 2.500000000000000139e-02
4.399999999999997663e-02 -2.199999999999998831e-02 2.599999999999999881e-02
-1.109000000000000208e+00 5.545000000000001039e-01 1.039999999999999952e-01
-1.284999999999999920e+00 6.424999999999999600e-01 1.039999999999999952e-01
-1.054000000000000048e+00 5.270000000000000240e-01 1.219999999999999973e-01
-1.329999999999999849e+00 6.649999999999999245e-01 9.800000000000000377e-02
-1.304000000000000048e+00 6.520000000000000240e-01 1.000000000000000056e-01
-1.385000000000000009e+00 6.925000000000000044e-01 1.130000000000000032e-01
-1.399999999999999911e+00 6.999999999999999556e-01 1.140000000000000041e-01
1.499999999999999251e-02 -7.499999999999996253e-03 2.400000000000000050e-02
-1.318999999999999950e+00 6.594999999999999751e-01 1.029999999999999943e-01
-4.800000000000004263e-02 2.400000000000002132e-02 3.300000000000000155e-02
-1.299999999999999822e+00 6.499999999999999112e-01 9.400000000000000022e-02
1.099999999999997508e-02 -5.499999999999987538e-03 1.000000000000000021e-03
-1.335999999999999854e+00 6.679999999999999272e-01 1.079999999999999988e-01
-1.351999999999999869e+00 6.759999999999999343e-01 1.150000000000000050e-01
6.800000000000006040e-02 -3.400000000000003020e-02 3.099999999999999978e-02
-1.352000000000000091e+00 6.760000000000000453e-01 1.150000000000000050e-01
7.090000000000000746e-01 -3.545000000000000373e-01 1.000000000000000021e-02
-1.100000000000002018e-02 5.500000000000010089e-03 3.599999999999999728e-02
-1.312000000000000055e+00 6.560000000000000275e-01 1.049999999999999961e-01
-1.298000000000000043e+00 6.490000000000000213e-01 9.700000000000000289e-02
2.200000000000001260e-02 -1.100000000000000630e-02 1.899999999999999953e-02
-1.296999999999999931e+00 6.484999999999999654e-01 1.000000000000000056e-01
-1.349999999999999867e+00 6.749999999999999334e-01 9.700000000000000289e-02
-1.341999999999999638e+00 6.709999999999998188e-01 1.089999999999999997e-01
-1.328000000000000069e+00 6.640000000000000346e-01 9.500000000000000111e-02
-1.304000000000000048e+00 6.520000000000000240e-01 9.900000000000000466e-02
-1.356999999999999984e+00 6.784999999999999920e-01 1.029999999999999943e-01
-1.340000000000000080e+00 6.700000000000000400e-01 1.000000000000000056e-01
-1.372999999999999998e+00 6.864999999999999991e-01 1.140000000000000041e-01
-1.327999999999999847e+00 6.639999999999999236e-01 1.100000000000000006e-01
-1.269999999999999796e+00 6.349999999999998979e-01 1.039999999999999952e-01
-1.339999999999999858e+00 6.699999999999999289e-01 1.010000000000000064e-01
-1.342000000000000082e+00 6.710000000000000409e-01 1.140000000000000041e-01
-1.309999999999999831e+00 6.549999999999999156e-01 9.700000000000000289e-02
-1.328999999999999959e+00 6.644999999999999796e-01 9.400000000000000022e-02
-1.312000000000000055e+00 6.560000000000000275e-01 1.059999999999999970e-01
-1.345999999999999641e+00 6.729999999999998206e-01 1.260000000000000009e-01
-1.335999999999999854e+00 6.679999999999999272e-01 1.100000000000000006e-01
-1.329999999999999849e+00 6.649999999999999245e-01 1.069999999999999979e-01
-1.368000000000000105e+00 6.840000000000000524e-01 1.000000000000000056e-01
-1.310999999999999943e+00 6.554999999999999716e-01 8.200000000000000344e-02
-1.366999999999999993e+00 6.834999999999999964e-01 1.029999999999999943e-01
-1.318999999999999728e+00 6.594999999999998641e-01 1.069999999999999979e-01
-1.362000000000000099e+00 6.810000000000000497e-01 1.089999999999999997e-01
-1.379000000000000226e+00 6.895000000000001128e-01 1.010000000000000064e-01
-1.370999999999999774e+00 6.854999999999998872e-01 1.199999999999999956e-01
-1.369999999999999885e+00 6.849999999999999423e-01 1.130000000000000032e-01
-1.356999999999999762e+00 6.784999999999998810e-01 1.049999999999999961e-01
-1.362999999999999767e+00 6.814999999999998836e-01 1.010000000000000064e-01
-1.340999999999999748e+00 6.704999999999998739e-01 1.059999999999999970e-01
-1.316999999999999948e+00 6.584999999999999742e-01 1.209999999999999964e-01
-1.357999999999999652e+00 6.789999999999998259e-01 9.500000000000000111e-02
-1.403000000000000025e+00 7.015000000000000124e-01 1.100000000000000006e-01
-1.333999999999999853e+00 6.669999999999999263e-01 1.049999999999999961e-01
-1.337999999999999856e+00 6.689999999999999281e-01 1.049999999999999961e-01
-1.341000000000000192e+00 6.705000000000000959e-01 1.140000000000000041e-01
-1.366999999999999771e+00 6.834999999999998854e-01 1.209999999999999964e-01
-2.899999999999998065e-02 1.449999999999999033e-02 2.199999999999999872e-02
-1.385000000000000009e+00 6.925000000000000044e-01 9.700000000000000289e-02
-1.367000000000000215e+00 6.835000000000001075e-01 1.179999999999999938e-01
-1.407000000000000028e+00 7.035000000000000142e-01 1.150000000000000050e-01
-1.340000000000000080e+00 6.700000000000000400e-01 9.800000000000000377e-02
-1.348999999999999977e+00 6.744999999999999885e-01 1.130000000000000032e-01
-1.313999999999999835e+00 6.569999999999999174e-01 9.900000000000000466e-02
-1.310999999999999721e+00 6.554999999999998606e-01 8.599999999999999312e-02
-1.373999999999999666e+00 6.869999999999998330e-01 7.900000000000000078e-02
-1.353999999999999870e+00 6.769999999999999352e-01 1.019999999999999934e-01
-1.379000000000000004e+00 6.895000000000000018e-01 9.400000000000000022e-02
-1.377999999999999892e+00 6.889999999999999458e-01 1.049999999999999961e-01
-1.404999999999999805e+00 7.024999999999999023e-01 1.089999999999999997e-01
-1.358999999999999986e+00 6.794999999999999929e-01 9.600000000000000200e-02
-1.388999999999999790e+00 6.944999999999998952e-01 9.900000000000000466e-02
-1.360000000000000320e+00 6.800000000000001599e-01 8.799999999999999489e-02
-1.354999999999999982e+00 6.774999999999999911e-01 1.039999999999999952e-01
-1.350000000000000089e+00 6.750000000000000444e-01 9.500000000000000111e-02
-1.337999999999999856e+00 6.689999999999999281e-01 8.999999999999999667e-02
-1.378999999999999782e+00 6.894999999999998908e-01 1.019999999999999934e-01
-1.367999999999999661e+00 6.839999999999998304e-01 8.899999999999999578e-02
-1.372999999999999998e+00 6.864999999999999991e-01 9.800000000000000377e-02
-1.391000000000000014e+00 6.955000000000000071e-01 1.150000000000000050e-01
-1.384000000000000119e+00 6.920000000000000595e-01 1.059999999999999970e-01
-1.365999999999999881e+00 6.829999999999999405e-01 9.800000000000000377e-02
-1.360000000000000098e+00 6.800000000000000488e-01 9.900000000000000466e-02
-1.378999999999999782e+00 6.894999999999998908e-01 1.049999999999999961e-01
-1.380999999999999783e+00 6.904999999999998916e-01 9.600000000000000200e-02
-1.358999999999999986e+00 6.794999999999999929e-01 9.099999999999999756e-02
-1.389999999999999902e+00 6.949999999999999512e-01 8.300000000000000433e-02
-1.369999999999999885e+00 6.849999999999999423e-01 1.029999999999999943e-01
-1.375000000000000000e+00 6.875000000000000000e-01 9.099999999999999756e-02
-1.351999999999999869e+00 6.759999999999999343e-01 1.000000000000000056e-01
-1.379999999999999893e+00 6.899999999999999467e-01 1.300000000000000044e-01
-1.351999999999999647e+00 6.759999999999998233e-01 8.599999999999999312e-02
-1.314999999999999947e+00 6.574999999999999734e-01 8.899999999999999578e-02
-1.393999999999999684e+00 6.969999999999998419e-01 9.700000000000000289e-02
-1.358000000000000096e+00 6.790000000000000480e-01 8.300000000000000433e-02
