2.498999999999997890e+00 -1.249499999999998945e+00 1.200000000000000025e-02
3.125999999999999890e+00 -1.562999999999999945e+00 1.799999999999999864e-02
1.141000000000000014e+00 -5.705000000000000071e-01 0.000000000000000000e+00
6.890000000000002789e-01 -3.445000000000001394e-01 1.000000000000000021e-03
5.421000000000001151e+00 -2.710500000000000576e+00 1.400000000000000029e-02
1.274999999999999911e+00 -6.374999999999999556e-01 0.000000000000000000e+00
4.260999999999999233e+00 -2.130499999999999616e+00 8.000000000000000167e-03
6.780000000000002691e-01 -3.390000000000001346e-01 1.000000000000000021e-03
4.522999999999999687e+00 -2.261499999999999844e+00 8.000000000000000167e-03
6.520000000000004681e-01 -3.260000000000002340e-01 0.000000000000000000e+00
-8.699999999999971645e-02 4.349999999999985822e-02 3.699999999999999817e-02
3.066999999999999726e+00 -1.533499999999999863e+00 1.499999999999999944e-02
5.870000000000005214e-01 -2.935000000000002607e-01 2.599999999999999881e-02
3.460000000000001963e-01 -1.730000000000000981e-01 2.500000000000000139e-02
4.381000000000001116e+00 -2.190500000000000558e+00 8.000000000000000167e-03
-5.789999999999999591e-01 2.894999999999999796e-01 5.500000000000000028e-02
4.335999999999999410e+00 -2.167999999999999705e+00 4.000000000000000083e-03
-5.219999999999999085e-01 2.609999999999999543e-01 3.599999999999999728e-02
4.740000000000001101e+00 -2.370000000000000551e+00 2.000000000000000042e-03
-5.940000000000000835e-01 2.970000000000000417e-01 3.599999999999999728e-02
4.463000000000000966e+00 -2.231500000000000483e+00 8.000000000000000167e-03
-4.779999999999999249e-01 2.389999999999999625e-01 4.200000000000000261e-02
4.502000000000000668e+00 -2.251000000000000334e+00 6.000000000000000125e-03
4.624999999999999112e+00 -2.312499999999999556e+00 1.099999999999999936e-02
-5.969999999999998641e-01 2.984999999999999321e-01 3.599999999999999728e-02
4.829000000000002402e+00 -2.414500000000001201e+00 0.000000000000000000e+00
-5.550000000000000488e-01 2.775000000000000244e-01 4.000000000000000083e-02
-5.619999999999998330e-01 2.809999999999999165e-01 3.799999999999999906e-02
4.765999999999998238e+00 -2.382999999999999119e+00 8.999999999999999320e-03
-5.689999999999999503e-01 2.844999999999999751e-01 3.699999999999999817e-02
4.613999999999998991e+00 -2.306999999999999496e+00 6.000000000000000125e-03
-4.969999999999998863e-01 2.484999999999999432e-01 4.100000000000000172e-02
4.538999999999997037e+00 -2.269499999999998519e+00 5.000000000000000104e-03
-5.229999999999999094e-01 2.614999999999999547e-01 4.100000000000000172e-02
6.782000000000000028e+00 -3.391000000000000014e+00 1.099999999999999936e-02
-5.589999999999998304e-01 2.794999999999999152e-01 3.799999999999999906e-02
-4.799999999999999822e-01 2.399999999999999911e-01 3.899999999999999994e-02
4.396999999999998465e+00 -2.198499999999999233e+00 1.499999999999999944e-02
-6.260000000000000009e-01 3.130000000000000004e-01 4.200000000000000261e-02
-6.799999999999999378e-01 3.399999999999999689e-01 3.699999999999999817e-02
-6.189999999999999947e-01 3.094999999999999973e-01 4.100000000000000172e-02
-6.260000000000000009e-01 3.130000000000000004e-01 4.299999999999999656e-02
4.828999999999997073e+00 -2.414499999999998536e+00 2.000000000000000042e-03
-4.759999999999999232e-01 2.379999999999999616e-01 4.100000000000000172e-02
-5.619999999999999440e-01 2.809999999999999720e-01 4.599999999999999922e-02
-4.609999999999999098e-01 2.304999999999999549e-01 4.299999999999999656e-02
-5.939999999999998614e-01 2.969999999999999307e-01 2.599999999999999881e-02
-5.449999999999999289e-01 2.724999999999999645e-01 5.000000000000000278e-02
-4.979999999999998872e-01 2.489999999999999436e-01 4.399999999999999745e-02
6.501000000000000334e+00 -3.250500000000000167e+00 8.000000000000000167e-03
-4.989999999999997771e-01 2.494999999999998885e-01 4.599999999999999922e-02
-4.549999999999998490e-01 2.274999999999999245e-01 3.300000000000000155e-02
-5.799999999999999600e-01 2.899999999999999800e-01 3.699999999999999817e-02
-5.889999999999998570e-01 2.944999999999999285e-01 5.000000000000000278e-02
-4.699999999999998623e-01 2.349999999999999312e-01 3.799999999999999906e-02
-6.109999999999999876e-01 3.054999999999999938e-01 3.200000000000000067e-02
-4.819999999999998730e-01 2.409999999999999365e-01 5.000000000000000278e-02
-5.109999999999998987e-01 2.554999999999999494e-01 3.699999999999999817e-02
-4.619999999999996332e-01 2.309999999999998166e-01 3.300000000000000155e-02
-5.979999999999998650e-01 2.989999999999999325e-01 4.900000000000000189e-02
-5.879999999999999671e-01 2.939999999999999836e-01 3.200000000000000067e-02
-5.869999999999999662e-01 2.934999999999999831e-01 4.100000000000000172e-02
-5.180000000000000160e-01 2.590000000000000080e-01 3.500000000000000333e-02
-4.809999999999999831e-01 2.404999999999999916e-01 4.700000000000000011e-02
-5.299999999999996936e-01 2.649999999999998468e-01 5.000000000000000278e-02
-5.839999999999997415e-01 2.919999999999998708e-01 4.499999999999999833e-02
-6.440000000000000169e-01 3.220000000000000084e-01 5.800000000000000294e-02
-5.589999999999999414e-01 2.794999999999999707e-01 3.099999999999999978e-02
-5.759999999999998455e-01 2.879999999999999227e-01 3.500000000000000333e-02
-5.470000000000000417e-01 2.735000000000000209e-01 3.899999999999999994e-02
-5.029999999999996696e-01 2.514999999999998348e-01 3.699999999999999817e-02
-5.559999999999999387e-01 2.779999999999999694e-01 3.799999999999999906e-02
-6.380000000000000115e-01 3.190000000000000058e-01 4.399999999999999745e-02
-4.879999999999998783e-01 2.439999999999999392e-01 3.099999999999999978e-02
-5.399999999999999245e-01 2.699999999999999623e-01 4.399999999999999745e-02
-5.799999999999999600e-01 2.899999999999999800e-01 4.599999999999999922e-02
-5.209999999999995746e-01 2.604999999999997873e-01 4.299999999999999656e-02
-5.539999999999997149e-01 2.769999999999998574e-01 4.000000000000000083e-02
-5.009999999999998899e-01 2.504999999999999449e-01 3.099999999999999978e-02
-4.749999999999999223e-01 2.374999999999999611e-01 3.599999999999999728e-02
-4.639999999999999125e-01 2.319999999999999563e-01 4.100000000000000172e-02
-5.129999999999996785e-01 2.564999999999998392e-01 3.599999999999999728e-02
-5.999999999999999778e-01 2.999999999999999889e-01 3.599999999999999728e-02
-5.149999999999999023e-01 2.574999999999999512e-01 3.599999999999999728e-02
-4.889999999999997682e-01 2.444999999999998841e-01 4.700000000000000011e-02
-5.009999999999997788e-01 2.504999999999998894e-01 2.999999999999999889e-02
-4.829999999999998739e-01 2.414999999999999369e-01 3.300000000000000155e-02
-6.149999999999998801e-01 3.074999999999999400e-01 3.799999999999999906e-02
2.820999999999997510e+00 -1.410499999999998755e+00 5.000000000000000104e-03
-5.949999999999998623e-01 2.974999999999999312e-01 4.299999999999999656e-02
-5.069999999999998952e-01 2.534999999999999476e-01 3.799999999999999906e-02
-5.809999999999998499e-01 2.904999999999999249e-01 4.900000000000000189e-02
-4.669999999999997486e-01 2.334999999999998743e-01 3.599999999999999728e-02
-4.339999999999996638e-01 2.169999999999998319e-01 3.599999999999999728e-02
-5.939999999999999725e-01 2.969999999999999862e-01 3.500000000000000333e-02
-4.839999999999997637e-01 2.419999999999998819e-01 2.900000000000000147e-02
-4.999999999999996669e-01 2.499999999999998335e-01 4.599999999999999922e-02
-5.539999999999999369e-01 2.769999999999999685e-01 3.500000000000000333e-02
-5.939999999999998614e-01 2.969999999999999307e-01 4.900000000000000189e-02
-4.019999999999998019e-01 2.009999999999999010e-01 3.200000000000000067e-02
