1.664000000000000590e+00 -5.546666666666668633e-01 1.700000000000000122e-02
-1.449999999999999345e-01 4.833333333333331150e-02 2.199999999999999872e-02
-6.530000000000000249e-01 2.176666666666666750e-01 4.900000000000000189e-02
8.759999999999998899e-01 -2.919999999999999818e-01 4.399999999999999745e-02
6.000000000000003109e-01 -2.000000000000000944e-01 2.599999999999999881e-02
-1.076000000000000068e+00 3.586666666666666892e-01 5.600000000000000117e-02
-1.011999999999999567e+00 3.373333333333332074e-01 3.799999999999999906e-02
-9.579999999999998517e-01 3.193333333333333024e-01 5.399999999999999939e-02
-1.058999999999999941e+00 3.529999999999999805e-01 6.400000000000000133e-02
1.520000000000000018e+00 -5.066666666666667096e-01 1.600000000000000033e-02
1.421000000000000485e+00 -4.736666666666668468e-01 1.099999999999999936e-02
-1.030999999999999917e+00 3.436666666666666203e-01 4.599999999999999922e-02
1.004000000000000004e+00 -3.346666666666666679e-01 2.199999999999999872e-02
-1.032000000000000250e+00 3.440000000000000835e-01 4.000000000000000083e-02
1.613999999999999879e+00 -5.379999999999999227e-01 1.600000000000000033e-02
-1.066999999999999948e+00 3.556666666666666310e-01 5.899999999999999689e-02
1.509999999999999787e+00 -5.033333333333332993e-01 1.600000000000000033e-02
-1.050999999999999934e+00 3.503333333333333299e-01 5.600000000000000117e-02
-1.069000000000000172e+00 3.563333333333333908e-01 5.199999999999999761e-02
1.589999999999999414e+00 -5.299999999999998046e-01 1.400000000000000029e-02
-1.112000000000000099e+00 3.706666666666666998e-01 4.599999999999999922e-02
-9.739999999999999769e-01 3.246666666666666590e-01 3.300000000000000155e-02
1.531000000000000361e+00 -5.103333333333334165e-01 1.499999999999999944e-02
-1.027000000000000135e+00 3.423333333333333783e-01 5.399999999999999939e-02
1.453000000000000513e+00 -4.843333333333335045e-01 1.600000000000000033e-02
-1.036999999999999922e+00 3.456666666666666221e-01 5.399999999999999939e-02
-1.120000000000000107e+00 3.733333333333333504e-01 5.299999999999999850e-02
-1.054999999999999938e+00 3.516666666666666274e-01 4.499999999999999833e-02
1.340999999999999748e+00 -4.469999999999998974e-01 4.700000000000000011e-02
-1.033999999999999808e+00 3.446666666666666212e-01 5.500000000000000028e-02
-9.249999999999998224e-01 3.083333333333332926e-01 4.000000000000000083e-02
-9.849999999999999867e-01 3.283333333333333104e-01 3.699999999999999817e-02
-1.091000000000000192e+00 3.636666666666667491e-01 5.299999999999999850e-02
-9.850000000000000977e-01 3.283333333333333659e-01 3.599999999999999728e-02
-1.068999999999999728e+00 3.563333333333332242e-01 4.299999999999999656e-02
-1.067000000000000171e+00 3.556666666666667420e-01 6.600000000000000311e-02
9.210000000000001519e-01 -3.070000000000000506e-01 5.000000000000000104e-03
-1.018000000000000238e+00 3.393333333333334312e-01 3.899999999999999994e-02
-1.051000000000000156e+00 3.503333333333333854e-01 5.999999999999999778e-02
-1.076000000000000068e+00 3.586666666666666892e-01 4.700000000000000011e-02
-9.959999999999999964e-01 3.320000000000000173e-01 4.000000000000000083e-02
-1.063000000000000167e+00 3.543333333333333890e-01 5.800000000000000294e-02
-1.038000000000000478e+00 3.460000000000001408e-01 4.700000000000000011e-02
-1.035000000000000142e+00 3.450000000000000289e-01 4.499999999999999833e-02
-1.023000000000000131e+00 3.410000000000000253e-01 4.499999999999999833e-02
-1.037000000000000144e+00 3.456666666666667331e-01 5.700000000000000205e-02
-1.014000000000000457e+00 3.380000000000001337e-01 4.700000000000000011e-02
-1.020999999999999908e+00 3.403333333333333210e-01 4.000000000000000083e-02
-1.038000000000000034e+00 3.460000000000000298e-01 4.599999999999999922e-02
-1.044999999999999929e+00 3.483333333333333282e-01 4.700000000000000011e-02
-1.049000000000000155e+00 3.496666666666667367e-01 5.099999999999999672e-02
-1.021000000000000130e+00 3.403333333333333766e-01 4.399999999999999745e-02
-1.072000000000000064e+00 3.573333333333333361e-01 6.199999999999999956e-02
-1.050999999999999934e+00 3.503333333333333299e-01 4.499999999999999833e-02
-1.082999999999999963e+00 3.609999999999999876e-01 6.700000000000000400e-02
-9.730000000000003091e-01 3.243333333333334179e-01 3.099999999999999978e-02
-1.128000000000000114e+00 3.760000000000000564e-01 5.999999999999999778e-02
-1.076000000000000290e+00 3.586666666666667447e-01 5.999999999999999778e-02
-1.041000000000000147e+00 3.470000000000000306e-01 5.700000000000000205e-02
-9.400000000000000577e-01 3.133333333333333526e-01 4.100000000000000172e-02
-1.044000000000000039e+00 3.480000000000000315e-01 3.699999999999999817e-02
-1.017000000000000126e+00 3.390000000000000235e-01 5.299999999999999850e-02
-1.007999999999999785e+00 3.359999999999999098e-01 4.200000000000000261e-02
-9.909999999999997700e-01 3.303333333333332567e-01 4.399999999999999745e-02
-1.036000000000000254e+00 3.453333333333334365e-01 5.700000000000000205e-02
-1.020000000000000018e+00 3.400000000000000244e-01 4.399999999999999745e-02
-1.089999999999999858e+00 3.633333333333332860e-01 5.500000000000000028e-02
-1.070000000000000062e+00 3.566666666666666874e-01 5.500000000000000028e-02
-1.015000000000000124e+00 3.383333333333333748e-01 4.599999999999999922e-02
-1.053999999999999826e+00 3.513333333333332753e-01 4.900000000000000189e-02
-1.042000000000000037e+00 3.473333333333333273e-01 5.600000000000000117e-02
-1.010000000000000009e+00 3.366666666666666696e-01 4.399999999999999745e-02
-1.053000000000000158e+00 3.510000000000000342e-01 4.200000000000000261e-02
-9.919999999999998819e-01 3.306666666666666088e-01 4.700000000000000011e-02
-1.088000000000000300e+00 3.626666666666667482e-01 5.600000000000000117e-02
-1.077000000000000179e+00 3.590000000000000413e-01 5.199999999999999761e-02
-1.084999999999999742e+00 3.616666666666665808e-01 6.400000000000000133e-02
-1.036999999999999922e+00 3.456666666666666221e-01 4.700000000000000011e-02
-9.799999999999997602e-01 3.266666666666666052e-01 4.200000000000000261e-02
-1.041000000000000147e+00 3.470000000000000306e-01 4.100000000000000172e-02
-1.085999999999999854e+00 3.619999999999999329e-01 5.899999999999999689e-02
-1.036000000000000254e+00 3.453333333333334365e-01 3.799999999999999906e-02
-1.048000000000000043e+00 3.493333333333333290e-01 5.500000000000000028e-02
-1.024999999999999911e+00 3.416666666666666186e-01 4.299999999999999656e-02
-1.013000000000000123e+00 3.376666666666667260e-01 5.600000000000000117e-02
-1.108999999999999764e+00 3.696666666666665879e-01 5.800000000000000294e-02
-1.060000000000000053e+00 3.533333333333333326e-01 4.000000000000000083e-02
-1.039000000000000146e+00 3.463333333333333819e-01 4.900000000000000189e-02
-1.024000000000000243e+00 3.413333333333334330e-01 3.899999999999999994e-02
-1.061000000000000387e+00 3.536666666666667957e-01 5.000000000000000278e-02
-1.091000000000000414e+00 3.636666666666668046e-01 5.000000000000000278e-02
-1.016000000000000236e+00 3.386666666666667269e-01 4.100000000000000172e-02
-1.034999999999999920e+00 3.449999999999999734e-01 4.599999999999999922e-02
-1.014000000000000234e+00 3.380000000000000782e-01 3.799999999999999906e-02
-1.043000000000000149e+00 3.476666666666667349e-01 3.799999999999999906e-02
-9.139999999999999236e-01 3.046666666666666412e-01 4.000000000000000083e-02
-9.879999999999999893e-01 3.293333333333333113e-01 4.800000000000000100e-02
-9.890000000000001013e-01 3.296666666666667189e-01 5.500000000000000028e-02
-1.060000000000000053e+00 3.533333333333333326e-01 4.599999999999999922e-02
-1.094000000000000306e+00 3.646666666666667500e-01 5.199999999999999761e-02
