-9.500000000000000111e-02 4.750000000000000056e-02 2.800000000000000058e-02
-7.310000000000000941e-01 3.655000000000000471e-01 6.199999999999999956e-02
-4.999999999999997502e-03 2.499999999999998751e-03 2.699999999999999969e-02
-4.600000000000000755e-01 2.300000000000000377e-01 4.100000000000000172e-02
-6.149999999999999911e-01 3.074999999999999956e-01 4.800000000000000100e-02
-1.112999999999999989e+00 5.564999999999999947e-01 8.100000000000000255e-02
-1.240999999999999881e+00 6.204999999999999405e-01 9.299999999999999933e-02
-1.262999999999999901e+00 6.314999999999999503e-01 9.900000000000000466e-02
-1.283999999999999808e+00 6.419999999999999041e-01 9.400000000000000022e-02
-1.303999999999999826e+00 6.519999999999999130e-01 9.400000000000000022e-02
-1.250999999999999890e+00 6.254999999999999449e-01 9.600000000000000200e-02
-3.300000000000002931e-02 1.650000000000001465e-02 2.000000000000000042e-02
-1.225000000000000089e+00 6.125000000000000444e-01 8.500000000000000611e-02
1.110000000000000292e-01 -5.550000000000001460e-02 3.099999999999999978e-02
-1.232000000000000206e+00 6.160000000000001030e-01 8.500000000000000611e-02
-1.400000000000002631e-02 7.000000000000013156e-03 3.300000000000000155e-02
-1.292000000000000037e+00 6.460000000000000187e-01 9.800000000000000377e-02
-6.400000000000000133e-02 3.200000000000000067e-02 2.400000000000000050e-02
-1.278000000000000247e+00 6.390000000000001235e-01 9.199999999999999845e-02
-1.129999999999999893e-01 5.649999999999999467e-02 3.099999999999999978e-02
-1.262000000000000233e+00 6.310000000000001164e-01 8.000000000000000167e-02
1.050000000000000655e-01 -5.250000000000003275e-02 2.599999999999999881e-02
-1.300999999999999712e+00 6.504999999999998561e-01 9.600000000000000200e-02
1.079999999999999849e-01 -5.399999999999999245e-02 2.000000000000000042e-02
-1.302999999999999936e+00 6.514999999999999680e-01 9.199999999999999845e-02
-1.322999999999999732e+00 6.614999999999998659e-01 1.069999999999999979e-01
-5.399999999999997857e-02 2.699999999999998929e-02 1.200000000000000025e-02
-1.247999999999999776e+00 6.239999999999998881e-01 9.099999999999999756e-02
-1.272000000000000020e+00 6.360000000000000098e-01 9.900000000000000466e-02
8.399999999999999134e-02 -4.199999999999999567e-02 2.900000000000000147e-02
-1.284999999999999920e+00 6.424999999999999600e-01 8.999999999999999667e-02
-1.234999999999999876e+00 6.174999999999999378e-01 1.110000000000000014e-01
-1.276000000000000023e+00 6.380000000000000115e-01 1.059999999999999970e-01
-1.234000000000000208e+00 6.170000000000001039e-01 9.900000000000000466e-02
-1.276999999999999913e+00 6.384999999999999565e-01 9.900000000000000466e-02
-1.262999999999999901e+00 6.314999999999999503e-01 8.500000000000000611e-02
-4.200000000000006506e-02 2.100000000000003253e-02 2.800000000000000058e-02
-1.258999999999999897e+00 6.294999999999999485e-01 9.800000000000000377e-02
-1.323999999999999844e+00 6.619999999999999218e-01 1.039999999999999952e-01
-1.221999999999999753e+00 6.109999999999998765e-01 1.059999999999999970e-01
-1.286000000000000032e+00 6.430000000000000160e-01 1.110000000000000014e-01
-1.254999999999999893e+00 6.274999999999999467e-01 1.089999999999999997e-01
-1.330999999999999739e+00 6.654999999999998694e-01 1.019999999999999934e-01
-1.252999999999999892e+00 6.264999999999999458e-01 1.140000000000000041e-01
-1.298999999999999932e+00 6.494999999999999662e-01 1.069999999999999979e-01
-1.337999999999999856e+00 6.689999999999999281e-01 1.189999999999999947e-01
-1.302999999999999714e+00 6.514999999999998570e-01 8.899999999999999578e-02
-1.264999999999999902e+00 6.324999999999999512e-01 9.099999999999999756e-02
-1.330999999999999961e+00 6.654999999999999805e-01 1.079999999999999988e-01
-1.322000000000000064e+00 6.610000000000000320e-01 1.029999999999999943e-01
-1.272000000000000020e+00 6.360000000000000098e-01 1.029999999999999943e-01
-1.300999999999999934e+00 6.504999999999999671e-01 9.900000000000000466e-02
-1.281999999999999584e+00 6.409999999999997922e-01 8.599999999999999312e-02
-1.267000000000000126e+00 6.335000000000000631e-01 1.029999999999999943e-01
-1.229999999999999982e+00 6.149999999999999911e-01 1.000000000000000056e-01
-1.203000000000000069e+00 6.015000000000000346e-01 1.029999999999999943e-01
-1.224999999999999867e+00 6.124999999999999334e-01 9.900000000000000466e-02
-1.289999999999999591e+00 6.449999999999997957e-01 1.010000000000000064e-01
-1.240999999999999437e+00 6.204999999999997184e-01 9.600000000000000200e-02
-1.294999999999999929e+00 6.474999999999999645e-01 1.010000000000000064e-01
-1.276999999999999913e+00 6.384999999999999565e-01 1.059999999999999970e-01
-1.230999999999999872e+00 6.154999999999999361e-01 9.299999999999999933e-02
-1.280000000000000027e+00 6.400000000000000133e-01 1.079999999999999988e-01
-1.254999999999999893e+00 6.274999999999999467e-01 9.099999999999999756e-02
-1.282999999999999918e+00 6.414999999999999591e-01 9.900000000000000466e-02
-1.353999999999999870e+00 6.769999999999999352e-01 1.170000000000000068e-01
-1.274000000000000021e+00 6.370000000000000107e-01 9.099999999999999756e-02
-1.276000000000000023e+00 6.380000000000000115e-01 1.059999999999999970e-01
-1.219999999999999973e+00 6.099999999999999867e-01 1.010000000000000064e-01
-1.270000000000000018e+00 6.350000000000000089e-01 1.120000000000000023e-01
-1.308000000000000052e+00 6.540000000000000258e-01 1.019999999999999934e-01
-1.264999999999999902e+00 6.324999999999999512e-01 1.069999999999999979e-01
-1.343999999999999861e+00 6.719999999999999307e-01 1.089999999999999997e-01
-1.286999999999999922e+00 6.434999999999999609e-01 1.250000000000000000e-01
-1.281999999999999806e+00 6.409999999999999032e-01 1.049999999999999961e-01
-1.216000000000000192e+00 6.080000000000000959e-01 1.039999999999999952e-01
-1.266000000000000014e+00 6.330000000000000071e-01 1.010000000000000064e-01
-1.269999999999999796e+00 6.349999999999998979e-01 1.170000000000000068e-01
-1.281000000000000139e+00 6.405000000000000693e-01 1.160000000000000059e-01
-1.306000000000000050e+00 6.530000000000000249e-01 1.049999999999999961e-01
-1.202999999999999847e+00 6.014999999999999236e-01 9.099999999999999756e-02
-1.213000000000000078e+00 6.065000000000000391e-01 1.069999999999999979e-01
-1.287000000000000144e+00 6.435000000000000719e-01 1.000000000000000056e-01
-1.288000000000000034e+00 6.440000000000000169e-01 1.110000000000000014e-01
-1.286000000000000254e+00 6.430000000000001270e-01 9.099999999999999756e-02
-1.287999999999999812e+00 6.439999999999999059e-01 1.049999999999999961e-01
1.782000000000000028e+00 -8.910000000000000142e-01 8.000000000000000167e-03
-1.274999999999999911e+00 6.374999999999999556e-01 9.800000000000000377e-02
-1.298999999999999710e+00 6.494999999999998552e-01 1.039999999999999952e-01
-1.323999999999999844e+00 6.619999999999999218e-01 1.029999999999999943e-01
-1.292000000000000037e+00 6.460000000000000187e-01 1.029999999999999943e-01
-1.292000000000000037e+00 6.460000000000000187e-01 9.700000000000000289e-02
-1.286000000000000254e+00 6.430000000000001270e-01 1.039999999999999952e-01
-1.234999999999999876e+00 6.174999999999999378e-01 9.400000000000000022e-02
-1.270999999999999908e+00 6.354999999999999538e-01 1.049999999999999961e-01
-1.262000000000000233e+00 6.310000000000001164e-01 1.029999999999999943e-01
-1.285999999999999810e+00 6.429999999999999050e-01 1.010000000000000064e-01
-1.317000000000000393e+00 6.585000000000001963e-01 1.089999999999999997e-01
-1.299999999999999822e+00 6.499999999999999112e-01 8.999999999999999667e-02
-1.275999999999999801e+00 6.379999999999999005e-01 9.400000000000000022e-02
