9.562999999999981071e+00 -3.187666666666660209e+00 1.000000000000000021e-03
1.005599999999998850e+01 -3.351999999999996316e+00 2.000000000000000042e-03
9.419999999999983942e+00 -3.139999999999994795e+00 2.000000000000000042e-03
9.936999999999995836e+00 -3.312333333333331797e+00 2.000000000000000042e-03
1.033399999999999253e+01 -3.444666666666664323e+00 5.000000000000000104e-03
9.612999999999992440e+00 -3.204333333333330813e+00 5.000000000000000104e-03
9.133999999999995012e+00 -3.044666666666664856e+00 8.999999999999999320e-03
1.004899999999999949e+01 -3.349666666666666348e+00 5.000000000000000104e-03
9.914999999999995595e+00 -3.304999999999998384e+00 8.000000000000000167e-03
9.802999999999997272e+00 -3.267666666666665609e+00 7.000000000000000146e-03
9.668999999999996930e+00 -3.222999999999998977e+00 7.000000000000000146e-03
9.695999999999992625e+00 -3.231999999999997542e+00 6.000000000000000125e-03
9.307999999999990948e+00 -3.102666666666663797e+00 4.000000000000000083e-03
9.949999999999993960e+00 -3.316666666666664653e+00 6.000000000000000125e-03
9.921999999999988162e+00 -3.307333333333329239e+00 5.000000000000000104e-03
9.385999999999993904e+00 -3.128666666666664486e+00 3.000000000000000062e-03
9.677999999999999048e+00 -3.225999999999999535e+00 3.000000000000000062e-03
9.618999999999990891e+00 -3.206333333333330149e+00 4.000000000000000083e-03
9.301999999999983615e+00 -3.100666666666661353e+00 2.000000000000000042e-03
9.015999999999989356e+00 -3.005333333333329637e+00 3.000000000000000062e-03
9.318999999999986628e+00 -3.106333333333328728e+00 0.000000000000000000e+00
9.449999999999990408e+00 -3.149999999999996803e+00 2.000000000000000042e-03
9.916999999999987381e+00 -3.305666666666662312e+00 0.000000000000000000e+00
9.397999999999983700e+00 -3.132666666666661381e+00 1.000000000000000021e-03
9.774999999999993250e+00 -3.258333333333331083e+00 2.000000000000000042e-03
9.601999999999989654e+00 -3.200666666666663218e+00 4.000000000000000083e-03
9.608999999999989328e+00 -3.202999999999996295e+00 1.000000000000000021e-03
1.004299999999999038e+01 -3.347666666666663460e+00 0.000000000000000000e+00
8.837999999999990308e+00 -2.945999999999996621e+00 2.000000000000000042e-03
9.328999999999979309e+00 -3.109666666666659918e+00 3.000000000000000062e-03
9.531999999999994699e+00 -3.177333333333331566e+00 0.000000000000000000e+00
9.685999999999996390e+00 -3.228666666666665463e+00 1.000000000000000021e-03
1.021999999999998465e+01 -3.406666666666661403e+00 1.000000000000000021e-03
9.716999999999991644e+00 -3.238999999999997215e+00 1.000000000000000021e-03
9.614999999999987779e+00 -3.204999999999996074e+00 2.000000000000000042e-03
1.008799999999999031e+01 -3.362666666666663584e+00 2.000000000000000042e-03
9.059999999999991616e+00 -3.019999999999997353e+00 4.000000000000000083e-03
9.230000000000002203e+00 -3.076666666666667549e+00 2.000000000000000042e-03
9.974999999999988987e+00 -3.324999999999996181e+00 3.000000000000000062e-03
9.540999999999989711e+00 -3.180333333333329904e+00 3.000000000000000062e-03
9.168999999999996930e+00 -3.056333333333332458e+00 2.000000000000000042e-03
9.232999999999991658e+00 -3.077666666666663886e+00 3.000000000000000062e-03
9.225999999999993761e+00 -3.075333333333331254e+00 1.000000000000000021e-03
9.388999999999988688e+00 -3.129666666666663044e+00 3.000000000000000062e-03
9.467999999999983984e+00 -3.155999999999994809e+00 2.000000000000000042e-03
9.601999999999982549e+00 -3.200666666666660998e+00 0.000000000000000000e+00
1.240499999999998160e+01 -4.134999999999993570e+00 2.000000000000000042e-03
1.127499999999998614e+01 -3.758333333333328863e+00 3.000000000000000062e-03
9.289999999999990266e+00 -3.096666666666663570e+00 1.000000000000000021e-03
9.487999999999980005e+00 -3.162666666666659854e+00 1.000000000000000021e-03
9.576999999999987523e+00 -3.192333333333329026e+00 2.000000000000000042e-03
9.503999999999988901e+00 -3.167999999999996152e+00 0.000000000000000000e+00
9.514999999999991687e+00 -3.171666666666663748e+00 0.000000000000000000e+00
9.490999999999981895e+00 -3.163666666666660632e+00 0.000000000000000000e+00
9.857999999999989882e+00 -3.285999999999996479e+00 0.000000000000000000e+00
9.864999999999984226e+00 -3.288333333333328223e+00 0.000000000000000000e+00
8.746999999999991005e+00 -2.915666666666663520e+00 0.000000000000000000e+00
9.331999999999991857e+00 -3.110666666666663804e+00 0.000000000000000000e+00
9.607999999999981000e+00 -3.202666666666660333e+00 1.000000000000000021e-03
9.552999999999986613e+00 -3.184333333333329019e+00 0.000000000000000000e+00
9.296999999999988162e+00 -3.098999999999996202e+00 0.000000000000000000e+00
9.506999999999992568e+00 -3.168999999999997375e+00 0.000000000000000000e+00
9.487999999999985334e+00 -3.162666666666661630e+00 0.000000000000000000e+00
9.543999999999993378e+00 -3.181333333333331126e+00 0.000000000000000000e+00
8.879999999999990123e+00 -2.959999999999996856e+00 0.000000000000000000e+00
9.536999999999984823e+00 -3.178999999999994941e+00 0.000000000000000000e+00
9.345999999999991203e+00 -3.115333333333330401e+00 0.000000000000000000e+00
9.659999999999982379e+00 -3.219999999999993978e+00 0.000000000000000000e+00
9.871999999999992781e+00 -3.290666666666664408e+00 0.000000000000000000e+00
9.926999999999980062e+00 -3.308999999999993502e+00 2.000000000000000042e-03
9.721999999999985320e+00 -3.240666666666661921e+00 4.000000000000000083e-03
9.357999999999991658e+00 -3.119333333333330405e+00 1.000000000000000021e-03
1.437599999999997635e+01 -4.791999999999991822e+00 1.000000000000000021e-03
9.092999999999980432e+00 -3.030999999999993477e+00 0.000000000000000000e+00
1.808499999999999019e+01 -6.028333333333329769e+00 0.000000000000000000e+00
2.668800000000002015e+01 -8.896000000000006125e+00 3.000000000000000062e-03
9.302999999999990166e+00 -3.100999999999996870e+00 3.300000000000000155e-02
1.026899999999998947e+01 -3.422999999999996490e+00 3.000000000000000062e-03
9.407999999999999474e+00 -3.135999999999999677e+00 0.000000000000000000e+00
2.635899999999999466e+01 -8.786333333333331552e+00 0.000000000000000000e+00
9.287999999999980716e+00 -3.095999999999993424e+00 4.000000000000000083e-03
1.107899999999998997e+01 -3.692999999999996508e+00 2.000000000000000042e-03
9.464999999999987423e+00 -3.154999999999995808e+00 3.000000000000000062e-03
9.771000000000002572e+00 -3.257000000000001005e+00 4.000000000000000083e-03
8.121999999999987452e+00 -2.707333333333329151e+00 1.700000000000000122e-02
9.442999999999990735e+00 -3.147666666666663726e+00 2.000000000000000042e-03
1.183899999999999331e+01 -3.946333333333331250e+00 4.000000000000000083e-03
4.475999999999996426e+00 -1.491999999999998883e+00 3.000000000000000062e-03
9.850999999999990209e+00 -3.283666666666663403e+00 0.000000000000000000e+00
9.927999999999991942e+00 -3.309333333333330796e+00 1.000000000000000021e-03
9.683999999999981512e+00 -3.227999999999993985e+00 3.000000000000000062e-03
9.047999999999992937e+00 -3.015999999999997794e+00 2.000000000000000042e-03
9.642999999999982919e+00 -3.214333333333327491e+00 0.000000000000000000e+00
9.879999999999986571e+00 -3.293333333333329005e+00 7.000000000000000146e-03
1.092399999999999238e+01 -3.641333333333330646e+00 5.000000000000000104e-03
1.011999999999999034e+01 -3.373333333333329964e+00 2.000000000000000042e-03
1.402000000000000135e+01 -4.673333333333333783e+00 1.099999999999999936e-02
9.678999999999984283e+00 -3.226333333333327946e+00 0.000000000000000000e+00
1.718999999999999195e+00 -5.729999999999997318e-01 4.000000000000000083e-03
6.719999999999996199e+00 -2.239999999999998881e+00 0.000000000000000000e+00
