1.834000000000000297e+00 -9.170000000000001483e-01 1.499999999999999944e-02
2.022000000000000242e+00 -1.011000000000000121e+00 2.000000000000000042e-02
1.898999999999999799e+00 -9.494999999999998996e-01 1.799999999999999864e-02
2.032999999999999918e+00 -1.016499999999999959e+00 2.000000000000000042e-02
4.715999999999998415e+00 -2.357999999999999208e+00 5.000000000000000104e-03
2.101000000000000423e+00 -1.050500000000000211e+00 1.899999999999999953e-02
1.838000000000000522e+00 -9.190000000000002611e-01 1.700000000000000122e-02
4.012000000000000455e+00 -2.006000000000000227e+00 1.000000000000000021e-02
4.838999999999999524e+00 -2.419499999999999762e+00 1.000000000000000021e-03
6.195999999999999730e+00 -3.097999999999999865e+00 5.000000000000000104e-03
2.073000000000000398e+00 -1.036500000000000199e+00 1.099999999999999936e-02
2.290999999999999925e+00 -1.145499999999999963e+00 1.000000000000000021e-02
1.909000000000000030e+00 -9.545000000000000151e-01 3.500000000000000333e-02
2.022999999999999687e+00 -1.011499999999999844e+00 2.800000000000000058e-02
1.846000000000000529e+00 -9.230000000000002647e-01 1.700000000000000122e-02
9.190000000000000391e-01 -4.595000000000000195e-01 3.799999999999999906e-02
-6.619999999999999218e-01 3.309999999999999609e-01 4.700000000000000011e-02
-1.519999999999999685e-01 7.599999999999998423e-02 6.199999999999999956e-02
1.139999999999999902e-01 -5.699999999999999512e-02 1.499999999999999944e-02
-4.039999999999999147e-01 2.019999999999999574e-01 2.999999999999999889e-02
1.998000000000001108e+00 -9.990000000000005542e-01 1.899999999999999953e-02
-8.279999999999999583e-01 4.139999999999999791e-01 6.199999999999999956e-02
-8.319999999999999618e-01 4.159999999999999809e-01 5.099999999999999672e-02
1.855000000000000204e+00 -9.275000000000001021e-01 1.400000000000000029e-02
-8.569999999999999840e-01 4.284999999999999920e-01 5.899999999999999689e-02
2.095000000000000195e+00 -1.047500000000000098e+00 0.000000000000000000e+00
-7.559999999999997833e-01 3.779999999999998916e-01 5.099999999999999672e-02
2.378000000000000558e+00 -1.189000000000000279e+00 5.000000000000000104e-03
-8.419999999999998597e-01 4.209999999999999298e-01 4.399999999999999745e-02
2.068000000000000504e+00 -1.034000000000000252e+00 1.200000000000000025e-02
-7.749999999999999112e-01 3.874999999999999556e-01 5.000000000000000278e-02
1.295000000000000151e+00 -6.475000000000000755e-01 0.000000000000000000e+00
1.886000000000000565e+00 -9.430000000000002824e-01 1.200000000000000025e-02
-9.080000000000002514e-01 4.540000000000001257e-01 6.800000000000000488e-02
9.970000000000004414e-01 -4.985000000000002207e-01 2.100000000000000130e-02
-8.900000000000000133e-01 4.450000000000000067e-01 4.599999999999999922e-02
1.959000000000000741e+00 -9.795000000000003704e-01 1.799999999999999864e-02
-8.039999999999999369e-01 4.019999999999999685e-01 5.099999999999999672e-02
1.931999999999999940e+00 -9.659999999999999698e-01 1.899999999999999953e-02
-8.099999999999999423e-01 4.049999999999999711e-01 6.400000000000000133e-02
7.720000000000000195e-01 -3.860000000000000098e-01 3.799999999999999906e-02
-8.099999999999999423e-01 4.049999999999999711e-01 5.600000000000000117e-02
-7.610000000000000098e-01 3.805000000000000049e-01 5.500000000000000028e-02
1.646999999999999797e+00 -8.234999999999998987e-01 2.800000000000000058e-02
-8.459999999999998632e-01 4.229999999999999316e-01 6.900000000000000577e-02
-8.719999999999997753e-01 4.359999999999998876e-01 5.500000000000000028e-02
1.946999999999999842e+00 -9.734999999999999210e-01 1.200000000000000025e-02
-8.310000000000000719e-01 4.155000000000000360e-01 5.999999999999999778e-02
-8.059999999999999387e-01 4.029999999999999694e-01 5.800000000000000294e-02
-8.729999999999998872e-01 4.364999999999999436e-01 5.800000000000000294e-02
-8.049999999999999378e-01 4.024999999999999689e-01 5.999999999999999778e-02
2.117999999999999439e+00 -1.058999999999999719e+00 1.700000000000000122e-02
-9.720000000000000862e-01 4.860000000000000431e-01 5.999999999999999778e-02
-8.910000000000000142e-01 4.455000000000000071e-01 5.399999999999999939e-02
-8.950000000000000178e-01 4.475000000000000089e-01 5.099999999999999672e-02
-8.270000000000000684e-01 4.135000000000000342e-01 5.899999999999999689e-02
-7.990000000000000435e-01 3.995000000000000218e-01 5.199999999999999761e-02
-8.739999999999997771e-01 4.369999999999998885e-01 3.500000000000000333e-02
-8.929999999999999050e-01 4.464999999999999525e-01 5.000000000000000278e-02
-8.829999999999998961e-01 4.414999999999999480e-01 5.099999999999999672e-02
-8.829999999999998961e-01 4.414999999999999480e-01 5.299999999999999850e-02
-8.419999999999999707e-01 4.209999999999999853e-01 5.899999999999999689e-02
1.849000000000000199e+00 -9.245000000000000995e-01 1.700000000000000122e-02
-8.720000000000001084e-01 4.360000000000000542e-01 6.800000000000000488e-02
-8.849999999999998979e-01 4.424999999999999489e-01 5.600000000000000117e-02
-8.630000000000001004e-01 4.315000000000000502e-01 5.999999999999999778e-02
1.986000000000000654e+00 -9.930000000000003268e-01 1.400000000000000029e-02
-8.799999999999998934e-01 4.399999999999999467e-01 4.599999999999999922e-02
-8.369999999999998552e-01 4.184999999999999276e-01 5.000000000000000278e-02
-9.019999999999999130e-01 4.509999999999999565e-01 6.700000000000000400e-02
-8.509999999999998677e-01 4.254999999999999338e-01 5.199999999999999761e-02
-8.840000000000000080e-01 4.420000000000000040e-01 6.500000000000000222e-02
-8.039999999999999369e-01 4.019999999999999685e-01 5.299999999999999850e-02
-8.269999999999998463e-01 4.134999999999999232e-01 5.299999999999999850e-02
-8.879999999999999005e-01 4.439999999999999503e-01 5.199999999999999761e-02
-8.940000000000000169e-01 4.470000000000000084e-01 5.700000000000000205e-02
-8.460000000000000853e-01 4.230000000000000426e-01 5.099999999999999672e-02
-8.419999999999999707e-01 4.209999999999999853e-01 4.700000000000000011e-02
-8.870000000000000107e-01 4.435000000000000053e-01 5.899999999999999689e-02
-8.720000000000001084e-01 4.360000000000000542e-01 6.199999999999999956e-02
-9.020000000000000240e-01 4.510000000000000120e-01 5.899999999999999689e-02
-8.569999999999999840e-01 4.284999999999999920e-01 5.299999999999999850e-02
-7.850000000000001421e-01 3.925000000000000711e-01 5.099999999999999672e-02
-8.609999999999999876e-01 4.304999999999999938e-01 5.299999999999999850e-02
-9.080000000000001403e-01 4.540000000000000702e-01 5.700000000000000205e-02
-8.809999999999998943e-01 4.404999999999999472e-01 6.199999999999999956e-02
-8.559999999999998721e-01 4.279999999999999361e-01 5.299999999999999850e-02
-8.279999999999999583e-01 4.139999999999999791e-01 5.500000000000000028e-02
-8.649999999999999911e-01 4.324999999999999956e-01 6.400000000000000133e-02
-9.150000000000001465e-01 4.575000000000000733e-01 6.900000000000000577e-02
-8.689999999999998836e-01 4.344999999999999418e-01 5.999999999999999778e-02
-8.320000000000000728e-01 4.160000000000000364e-01 5.600000000000000117e-02
-8.989999999999997993e-01 4.494999999999998996e-01 4.700000000000000011e-02
5.564999999999998614e+00 -2.782499999999999307e+00 1.000000000000000021e-03
1.947000000000000952e+00 -9.735000000000004761e-01 1.700000000000000122e-02
-9.380000000000000560e-01 4.690000000000000280e-01 7.599999999999999811e-02
-8.140000000000000568e-01 4.070000000000000284e-01 4.900000000000000189e-02
-8.699999999999999956e-01 4.349999999999999978e-01 5.199999999999999761e-02
-8.239999999999999547e-01 4.119999999999999774e-01 5.899999999999999689e-02
-8.370000000000000773e-01 4.185000000000000386e-01 5.199999999999999761e-02
