1.486999999999999211e+01 -7.434999999999996056e+00 7.000000000000000146e-03
4.676999999999996938e+00 -2.338499999999998469e+00 1.200000000000000025e-02
1.523999999999999577e+00 -7.619999999999997886e-01 1.700000000000000122e-02
1.840999999999997971e+00 -9.204999999999989857e-01 0.000000000000000000e+00
4.874999999999992006e+00 -2.437499999999996003e+00 6.000000000000000125e-03
1.255000000000000115e+00 -6.275000000000000577e-01 4.000000000000000083e-03
6.450000000000004619e-01 -3.225000000000002309e-01 8.999999999999999320e-03
6.868999999999994444e+00 -3.434499999999997222e+00 2.000000000000000042e-03
1.581999999999999851e+00 -7.909999999999999254e-01 4.000000000000000083e-03
9.954999999999984084e+00 -4.977499999999992042e+00 2.000000000000000042e-03
1.254699999999999527e+01 -6.273499999999997634e+00 8.999999999999999320e-03
1.198999999999999844e+00 -5.994999999999999218e-01 3.000000000000000062e-03
1.690599999999998815e+01 -8.452999999999994074e+00 0.000000000000000000e+00
1.112899999999997114e+01 -5.564499999999985569e+00 3.000000000000000062e-03
1.077999999999999048e+01 -5.389999999999995239e+00 2.000000000000000042e-03
6.750000000000003775e-01 -3.375000000000001887e-01 5.000000000000000104e-03
1.060999999999999233e+01 -5.304999999999996163e+00 1.000000000000000021e-03
1.052599999999998737e+01 -5.262999999999993683e+00 0.000000000000000000e+00
2.980000000000002092e-01 -1.490000000000001046e-01 1.099999999999999936e-02
1.020799999999998242e+01 -5.103999999999991211e+00 3.000000000000000062e-03
3.190000000000003944e-01 -1.595000000000001972e-01 1.000000000000000021e-02
1.112299999999999578e+01 -5.561499999999997890e+00 0.000000000000000000e+00
7.540000000000004476e-01 -3.770000000000002238e-01 2.000000000000000042e-03
1.068199999999999328e+01 -5.340999999999996639e+00 4.000000000000000083e-03
3.220000000000003970e-01 -1.610000000000001985e-01 8.000000000000000167e-03
1.061899999999999444e+01 -5.309499999999997222e+00 3.000000000000000062e-03
2.890000000000002567e-01 -1.445000000000001283e-01 5.000000000000000104e-03
1.078599999999998715e+01 -5.392999999999993577e+00 0.000000000000000000e+00
6.230000000000004423e-01 -3.115000000000002212e-01 2.000000000000000042e-03
1.056299999999998285e+01 -5.281499999999991424e+00 3.000000000000000062e-03
2.460000000000003573e-01 -1.230000000000001786e-01 1.200000000000000025e-02
1.009099999999999220e+01 -5.045499999999996099e+00 2.000000000000000042e-03
2.330000000000002347e-01 -1.165000000000001174e-01 7.000000000000000146e-03
2.840000000000003078e-01 -1.420000000000001539e-01 5.000000000000000104e-03
3.990000000000003544e-01 -1.995000000000001772e-01 6.000000000000000125e-03
1.072099999999997877e+01 -5.360499999999989384e+00 2.000000000000000042e-03
1.630000000000001725e-01 -8.150000000000008626e-02 1.499999999999999944e-02
6.440000000000003499e-01 -3.220000000000001750e-01 3.000000000000000062e-03
1.081199999999999051e+01 -5.405999999999995254e+00 1.000000000000000021e-03
7.880000000000005889e-01 -3.940000000000002944e-01 6.000000000000000125e-03
5.890000000000005231e-01 -2.945000000000002616e-01 1.099999999999999936e-02
1.056299999999999528e+01 -5.281499999999997641e+00 3.000000000000000062e-03
4.850000000000003753e-01 -2.425000000000001876e-01 5.000000000000000104e-03
3.690000000000004388e-01 -1.845000000000002194e-01 8.000000000000000167e-03
3.360000000000002984e-01 -1.680000000000001492e-01 8.000000000000000167e-03
2.680000000000003491e-01 -1.340000000000001745e-01 8.000000000000000167e-03
1.041499999999998671e+01 -5.207499999999993356e+00 0.000000000000000000e+00
3.430000000000003046e-01 -1.715000000000001523e-01 8.000000000000000167e-03
2.970000000000004303e-01 -1.485000000000002152e-01 1.000000000000000021e-02
3.540000000000003699e-01 -1.770000000000001850e-01 1.000000000000000021e-02
4.590000000000005742e-01 -2.295000000000002871e-01 8.999999999999999320e-03
4.700000000000003619e-01 -2.350000000000001810e-01 5.000000000000000104e-03
4.490000000000003988e-01 -2.245000000000001994e-01 8.000000000000000167e-03
4.140000000000002567e-01 -2.070000000000001283e-01 8.000000000000000167e-03
4.360000000000002762e-01 -2.180000000000001381e-01 6.000000000000000125e-03
5.320000000000004725e-01 -2.660000000000002363e-01 3.000000000000000062e-03
3.510000000000003118e-01 -1.755000000000001559e-01 5.000000000000000104e-03
4.420000000000002816e-01 -2.210000000000001408e-01 6.000000000000000125e-03
2.510000000000001674e-01 -1.255000000000000837e-01 5.000000000000000104e-03
2.990000000000002656e-01 -1.495000000000001328e-01 4.000000000000000083e-03
4.570000000000003504e-01 -2.285000000000001752e-01 8.000000000000000167e-03
4.590000000000003522e-01 -2.295000000000001761e-01 6.000000000000000125e-03
3.560000000000004272e-01 -1.780000000000002136e-01 1.099999999999999936e-02
3.990000000000003544e-01 -1.995000000000001772e-01 8.999999999999999320e-03
3.840000000000004521e-01 -1.920000000000002260e-01 4.000000000000000083e-03
2.730000000000002980e-01 -1.365000000000001490e-01 6.000000000000000125e-03
5.380000000000003668e-01 -2.690000000000001834e-01 6.000000000000000125e-03
5.210000000000003517e-01 -2.605000000000001759e-01 4.000000000000000083e-03
6.230000000000004423e-01 -3.115000000000002212e-01 4.000000000000000083e-03
3.130000000000003335e-01 -1.565000000000001668e-01 4.000000000000000083e-03
2.310000000000002607e-01 -1.155000000000001303e-01 6.000000000000000125e-03
4.100000000000004197e-01 -2.050000000000002098e-01 7.000000000000000146e-03
4.300000000000004374e-01 -2.150000000000002187e-01 8.999999999999999320e-03
4.070000000000002505e-01 -2.035000000000001252e-01 8.000000000000000167e-03
3.980000000000002425e-01 -1.990000000000001212e-01 5.000000000000000104e-03
3.480000000000003091e-01 -1.740000000000001545e-01 1.099999999999999936e-02
4.790000000000002589e-01 -2.395000000000001295e-01 5.000000000000000104e-03
3.830000000000003402e-01 -1.915000000000001701e-01 4.000000000000000083e-03
5.100000000000003419e-01 -2.550000000000001710e-01 1.000000000000000021e-02
3.590000000000003744e-01 -1.795000000000001872e-01 4.000000000000000083e-03
3.890000000000003455e-01 -1.945000000000001728e-01 3.000000000000000062e-03
4.230000000000002647e-01 -2.115000000000001323e-01 5.000000000000000104e-03
4.640000000000003011e-01 -2.320000000000001505e-01 4.000000000000000083e-03
5.660000000000005027e-01 -2.830000000000002514e-01 5.000000000000000104e-03
5.840000000000004077e-01 -2.920000000000002038e-01 8.000000000000000167e-03
1.048700000000000010e+01 -5.243500000000000050e+00 3.000000000000000062e-03
4.260000000000003229e-01 -2.130000000000001614e-01 4.000000000000000083e-03
3.180000000000002824e-01 -1.590000000000001412e-01 7.000000000000000146e-03
4.060000000000003606e-01 -2.030000000000001803e-01 4.000000000000000083e-03
4.480000000000003424e-01 -2.240000000000001712e-01 6.000000000000000125e-03
5.980000000000005311e-01 -2.990000000000002656e-01 7.000000000000000146e-03
3.030000000000002136e-01 -1.515000000000001068e-01 8.000000000000000167e-03
4.100000000000003086e-01 -2.050000000000001543e-01 6.000000000000000125e-03
2.940000000000003721e-01 -1.470000000000001861e-01 8.000000000000000167e-03
5.150000000000004574e-01 -2.575000000000002287e-01 8.999999999999999320e-03
3.320000000000002949e-01 -1.660000000000001474e-01 1.000000000000000021e-02
3.500000000000003664e-01 -1.750000000000001832e-01 8.999999999999999320e-03
2.820000000000001950e-01 -1.410000000000000975e-01 3.000000000000000062e-03
3.510000000000002562e-01 -1.755000000000001281e-01 6.000000000000000125e-03
6.180000000000004379e-01 -3.090000000000002189e-01 4.000000000000000083e-03
