4.150000000000000355e+00 -1.383333333333333526e+00 1.299999999999999940e-02
3.839000000000000412e+00 -1.279666666666666730e+00 2.400000000000000050e-02
4.132000000000000561e+00 -1.377333333333333520e+00 2.500000000000000139e-02
2.977999999999997538e+00 -9.926666666666658090e-01 2.699999999999999969e-02
2.817999999999997840e+00 -9.393333333333325763e-01 2.599999999999999881e-02
2.717999999999997307e+00 -9.059999999999991394e-01 1.899999999999999953e-02
3.151999999999999691e+00 -1.050666666666666638e+00 2.199999999999999872e-02
2.684999999999999609e+00 -8.949999999999999067e-01 1.899999999999999953e-02
3.080999999999999073e+00 -1.026999999999999691e+00 2.400000000000000050e-02
3.277999999999998693e+00 -1.092666666666666231e+00 1.700000000000000122e-02
2.188999999999998725e+00 -7.296666666666662415e-01 2.000000000000000042e-02
1.704999999999999849e+00 -5.683333333333332460e-01 3.500000000000000333e-02
1.489999999999999991e+00 -4.966666666666666452e-01 2.800000000000000058e-02
1.785000000000000364e+00 -5.950000000000000844e-01 2.900000000000000147e-02
1.725000000000000311e+00 -5.750000000000000666e-01 2.400000000000000050e-02
1.745999999999999552e+00 -5.819999999999998508e-01 2.400000000000000050e-02
1.549999999999999600e+00 -5.166666666666664964e-01 3.200000000000000067e-02
1.737999999999999545e+00 -5.793333333333331447e-01 1.400000000000000029e-02
1.850999999999999757e+00 -6.169999999999998819e-01 2.000000000000000042e-02
1.407999999999999030e+00 -4.693333333333329915e-01 3.300000000000000155e-02
1.590000000000000302e+00 -5.300000000000001377e-01 2.299999999999999961e-02
1.686000000000000165e+00 -5.620000000000000551e-01 2.999999999999999889e-02
1.055000000000000382e+00 -3.516666666666667940e-01 2.800000000000000058e-02
1.111000000000000432e+00 -3.703333333333334587e-01 3.699999999999999817e-02
2.122999999999999776e+00 -7.076666666666665551e-01 2.100000000000000130e-02
6.110000000000002096e-01 -2.036666666666667458e-01 2.599999999999999881e-02
1.140000000000001568e-01 -3.800000000000005457e-02 3.699999999999999817e-02
4.129999999999999893e+00 -1.376666666666666705e+00 7.000000000000000146e-03
4.073000000000001286e+00 -1.357666666666667021e+00 6.000000000000000125e-03
6.190000000000003277e-01 -2.063333333333334518e-01 2.500000000000000139e-02
-6.260000000000000009e-01 2.086666666666666670e-01 4.399999999999999745e-02
-5.499999999999998224e-01 1.833333333333332649e-01 2.999999999999999889e-02
4.262999999999999012e+00 -1.420999999999999597e+00 8.999999999999999320e-03
-5.799999999999997380e-01 1.933333333333332460e-01 2.999999999999999889e-02
-6.310000000000000053e-01 2.103333333333333444e-01 3.599999999999999728e-02
3.918999999999999595e+00 -1.306333333333333124e+00 5.000000000000000104e-03
3.817000000000001059e+00 -1.272333333333333760e+00 5.000000000000000104e-03
-6.539999999999998037e-01 2.179999999999999438e-01 3.699999999999999817e-02
5.870999999999998664e+00 -1.956999999999999629e+00 0.000000000000000000e+00
3.909000000000000252e+00 -1.303000000000000158e+00 8.999999999999999320e-03
3.831999999999998963e+00 -1.277333333333332988e+00 4.000000000000000083e-03
3.831999999999999851e+00 -1.277333333333333210e+00 8.000000000000000167e-03
-4.759999999999998677e-01 1.586666666666666226e-01 3.500000000000000333e-02
3.561999999999999389e+00 -1.187333333333333130e+00 2.000000000000000042e-02
-5.109999999999996767e-01 1.703333333333332256e-01 3.799999999999999906e-02
3.793000000000000593e+00 -1.264333333333333531e+00 8.000000000000000167e-03
-5.459999999999997078e-01 1.819999999999999118e-01 2.800000000000000058e-02
4.356999999999999318e+00 -1.452333333333333032e+00 5.000000000000000104e-03
-5.529999999999998250e-01 1.843333333333332658e-01 2.800000000000000058e-02
3.630000000000000338e+00 -1.210000000000000187e+00 1.000000000000000021e-02
-5.449999999999997069e-01 1.816666666666665597e-01 4.000000000000000083e-02
4.080000000000000071e+00 -1.360000000000000098e+00 5.000000000000000104e-03
-5.889999999999998570e-01 1.963333333333332764e-01 3.300000000000000155e-02
-6.499999999999996891e-01 2.166666666666665630e-01 3.400000000000000244e-02
-6.330000000000000071e-01 2.109999999999999931e-01 2.800000000000000058e-02
2.417000000000000259e+00 -8.056666666666667531e-01 6.000000000000000125e-03
-7.229999999999998650e-01 2.409999999999999643e-01 3.400000000000000244e-02
2.780000000000001137e+00 -9.266666666666670826e-01 7.000000000000000146e-03
-6.419999999999997931e-01 2.139999999999999403e-01 3.500000000000000333e-02
-6.379999999999999005e-01 2.126666666666666428e-01 3.300000000000000155e-02
4.194999999999999396e+00 -1.398333333333333206e+00 7.000000000000000146e-03
-6.679999999999998161e-01 2.226666666666665961e-01 3.699999999999999817e-02
-6.609999999999998099e-01 2.203333333333332700e-01 3.200000000000000067e-02
4.075000000000001066e+00 -1.358333333333333615e+00 7.000000000000000146e-03
-6.650000000000000355e-01 2.216666666666666785e-01 4.299999999999999656e-02
-5.659999999999999476e-01 1.886666666666666492e-01 2.699999999999999969e-02
-6.289999999999997815e-01 2.096666666666665846e-01 4.499999999999999833e-02
-5.809999999999997389e-01 1.936666666666665704e-01 4.100000000000000172e-02
3.641999999999999904e+00 -1.213999999999999968e+00 8.999999999999999320e-03
-6.319999999999997842e-01 2.106666666666665855e-01 3.899999999999999994e-02
-6.139999999999998792e-01 2.046666666666666357e-01 3.099999999999999978e-02
3.844999999999999307e+00 -1.281666666666666510e+00 1.000000000000000021e-03
-7.520000000000000018e-01 2.506666666666666488e-01 4.000000000000000083e-02
-7.079999999999999627e-01 2.359999999999999876e-01 4.100000000000000172e-02
-6.159999999999997700e-01 2.053333333333332567e-01 4.100000000000000172e-02
-7.049999999999999600e-01 2.349999999999999867e-01 3.799999999999999906e-02
-6.569999999999998064e-01 2.189999999999999447e-01 3.799999999999999906e-02
-6.099999999999998757e-01 2.033333333333332826e-01 3.300000000000000155e-02
8.764999999999993463e+00 -2.921666666666664636e+00 1.700000000000000122e-02
4.214999999999998970e+00 -1.404999999999999583e+00 1.000000000000000021e-03
-6.979999999999999538e-01 2.326666666666666605e-01 3.400000000000000244e-02
6.839999999999995417e+00 -2.279999999999998472e+00 3.000000000000000062e-03
-5.789999999999999591e-01 1.929999999999999771e-01 1.799999999999999864e-02
-7.379999999999999893e-01 2.459999999999999964e-01 3.500000000000000333e-02
-6.820000000000000506e-01 2.273333333333333595e-01 3.099999999999999978e-02
-5.699999999999997291e-01 1.899999999999999190e-01 2.999999999999999889e-02
-6.479999999999997984e-01 2.159999999999999420e-01 2.400000000000000050e-02
-6.479999999999999094e-01 2.159999999999999698e-01 2.900000000000000147e-02
-5.709999999999996190e-01 1.903333333333332156e-01 3.300000000000000155e-02
-6.529999999999999138e-01 2.176666666666666472e-01 3.699999999999999817e-02
-7.339999999999997637e-01 2.446666666666665879e-01 2.999999999999999889e-02
-6.149999999999998801e-01 2.049999999999999600e-01 2.800000000000000058e-02
-6.919999999999997264e-01 2.306666666666665755e-01 3.200000000000000067e-02
-6.979999999999999538e-01 2.326666666666666605e-01 2.699999999999999969e-02
-5.729999999999999538e-01 1.909999999999999754e-01 2.900000000000000147e-02
-6.410000000000000142e-01 2.136666666666666714e-01 2.699999999999999969e-02
-6.509999999999998010e-01 2.169999999999999429e-01 3.799999999999999906e-02
-7.439999999999998836e-01 2.479999999999999705e-01 3.200000000000000067e-02
-6.639999999999998126e-01 2.213333333333332709e-01 2.800000000000000058e-02
-6.979999999999998428e-01 2.326666666666666050e-01 3.200000000000000067e-02
