7.353999999999991211e+00 -3.676999999999995605e+00 5.000000000000000104e-03
3.794999999999994600e+00 -1.897499999999997300e+00 3.000000000000000062e-03
4.189999999999992397e+00 -2.094999999999996199e+00 3.000000000000000062e-03
9.516999999999990578e+00 -4.758499999999995289e+00 1.000000000000000021e-03
1.302000000000000046e+00 -6.510000000000000231e-01 8.999999999999999320e-03
6.230000000000003313e-01 -3.115000000000001656e-01 2.000000000000000042e-03
1.737999999999998657e+00 -8.689999999999993285e-01 1.899999999999999953e-02
9.478999999999979664e+00 -4.739499999999989832e+00 5.000000000000000104e-03
1.146399999999998442e+01 -5.731999999999992212e+00 7.000000000000000146e-03
5.115999999999995218e+00 -2.557999999999997609e+00 1.799999999999999864e-02
1.391999999999998794e+00 -6.959999999999993969e-01 1.099999999999999936e-02
2.040000000000003200e-01 -1.020000000000001600e-01 6.000000000000000125e-03
9.688999999999978741e+00 -4.844499999999989370e+00 1.000000000000000021e-03
9.573999999999989186e+00 -4.786999999999994593e+00 2.000000000000000042e-03
9.164999999999990266e+00 -4.582499999999995133e+00 1.000000000000000021e-03
9.828999999999982862e+00 -4.914499999999991431e+00 0.000000000000000000e+00
8.450000000000005285e-01 -4.225000000000002642e-01 3.000000000000000062e-03
9.042999999999993932e+00 -4.521499999999996966e+00 5.000000000000000104e-03
2.500000000000002220e-01 -1.250000000000001110e-01 8.999999999999999320e-03
1.005599999999998850e+01 -5.027999999999994252e+00 5.000000000000000104e-03
9.645999999999990138e+00 -4.822999999999995069e+00 2.000000000000000042e-03
5.180000000000003491e-01 -2.590000000000001745e-01 5.000000000000000104e-03
1.001299999999999635e+01 -5.006499999999998174e+00 4.000000000000000083e-03
5.210000000000003517e-01 -2.605000000000001759e-01 2.000000000000000042e-03
9.835999999999993193e+00 -4.917999999999996597e+00 1.000000000000000021e-03
7.892000000000002125e+00 -3.946000000000001062e+00 8.000000000000000167e-03
-3.899999999999979178e-02 1.949999999999989589e-02 8.999999999999999320e-03
6.782999999999995921e+00 -3.391499999999997961e+00 3.000000000000000062e-03
4.750000000000004774e-01 -2.375000000000002387e-01 6.000000000000000125e-03
7.800000000000008038e-01 -3.900000000000004019e-01 1.499999999999999944e-02
2.932599999999999341e+01 -1.466299999999999670e+01 0.000000000000000000e+00
2.445499999999999474e+01 -1.222749999999999737e+01 0.000000000000000000e+00
9.631999999999985462e+00 -4.815999999999992731e+00 0.000000000000000000e+00
9.700999999999986301e+00 -4.850499999999993150e+00 2.000000000000000042e-03
9.496999999999985675e+00 -4.748499999999992838e+00 1.000000000000000021e-03
9.307999999999994500e+00 -4.653999999999997250e+00 3.000000000000000062e-03
9.431000000000000938e+00 -4.715500000000000469e+00 6.000000000000000125e-03
1.019499999999998785e+01 -5.097499999999993925e+00 6.000000000000000125e-03
9.663999999999994373e+00 -4.831999999999997186e+00 1.000000000000000021e-03
9.415999999999980830e+00 -4.707999999999990415e+00 3.000000000000000062e-03
9.425999999999991275e+00 -4.712999999999995637e+00 3.000000000000000062e-03
1.339299999999999891e+01 -6.696499999999999453e+00 2.000000000000000042e-03
9.569999999999991402e+00 -4.784999999999995701e+00 1.000000000000000021e-03
9.235999999999995325e+00 -4.617999999999997662e+00 4.000000000000000083e-03
9.542999999999981497e+00 -4.771499999999990749e+00 4.000000000000000083e-03
4.050000000000002487e-01 -2.025000000000001243e-01 6.000000000000000125e-03
3.011999999999995570e+00 -1.505999999999997785e+00 7.000000000000000146e-03
9.485999999999981114e+00 -4.742999999999990557e+00 3.000000000000000062e-03
9.889999999999988134e+00 -4.944999999999994067e+00 1.000000000000000021e-03
-2.629999999999997895e-01 1.314999999999998948e-01 2.000000000000000042e-02
2.760000000000001896e-01 -1.380000000000000948e-01 8.000000000000000167e-03
-2.499999999999975853e-02 1.249999999999987926e-02 1.000000000000000021e-02
1.090000000000002078e-01 -5.450000000000010392e-02 7.000000000000000146e-03
-2.099999999999989375e-02 1.049999999999994688e-02 8.000000000000000167e-03
-7.099999999999972999e-02 3.549999999999986500e-02 1.799999999999999864e-02
-4.799999999999977895e-02 2.399999999999988948e-02 1.700000000000000122e-02
-1.699999999999986591e-02 8.499999999999932956e-03 1.200000000000000025e-02
-1.309999999999996723e-01 6.549999999999983613e-02 1.899999999999999953e-02
-2.399999999999985825e-02 1.199999999999992913e-02 1.499999999999999944e-02
-1.759999999999997122e-01 8.799999999999985612e-02 1.799999999999999864e-02
8.100000000000029399e-02 -4.050000000000014699e-02 1.799999999999999864e-02
9.512999999999991019e+00 -4.756499999999995509e+00 2.000000000000000042e-03
-1.399999999999979733e-02 6.999999999999898664e-03 8.999999999999999320e-03
-1.429999999999997939e-01 7.149999999999989697e-02 7.000000000000000146e-03
-3.399999999999983591e-02 1.699999999999991795e-02 1.299999999999999940e-02
-1.369999999999998164e-01 6.849999999999990818e-02 1.000000000000000021e-02
-1.389999999999997349e-01 6.949999999999986744e-02 1.299999999999999940e-02
-5.099999999999978162e-02 2.549999999999989081e-02 8.000000000000000167e-03
1.200000000000011995e-02 -6.000000000000059973e-03 1.700000000000000122e-02
-5.299999999999964462e-02 2.649999999999982231e-02 8.000000000000000167e-03
1.630000000000003113e-01 -8.150000000000015565e-02 1.400000000000000029e-02
-1.299999999999997824e-01 6.499999999999989120e-02 1.200000000000000025e-02
-1.229999999999996652e-01 6.149999999999983258e-02 4.000000000000000083e-03
-1.009999999999997566e-01 5.049999999999987832e-02 1.200000000000000025e-02
9.403999999999998138e+00 -4.701999999999999069e+00 1.000000000000000021e-03
9.777999999999975600e+00 -4.888999999999987800e+00 2.000000000000000042e-03
5.300000000000037320e-02 -2.650000000000018660e-02 1.200000000000000025e-02
-1.429999999999996829e-01 7.149999999999984146e-02 1.299999999999999940e-02
-7.999999999999972411e-02 3.999999999999986205e-02 1.299999999999999940e-02
-7.999999999999713937e-03 3.999999999999856969e-03 1.099999999999999936e-02
-3.499999999999972577e-02 1.749999999999986289e-02 1.099999999999999936e-02
-5.699999999999969674e-02 2.849999999999984837e-02 1.000000000000000021e-02
-2.999999999999799702e-03 1.499999999999899851e-03 1.099999999999999936e-02
-1.379999999999997340e-01 6.899999999999986700e-02 1.099999999999999936e-02
-3.099999999999980896e-02 1.549999999999990448e-02 8.999999999999999320e-03
-3.799999999999988803e-02 1.899999999999994402e-02 8.999999999999999320e-03
-8.299999999999962963e-02 4.149999999999981481e-02 1.499999999999999944e-02
-1.689999999999997615e-01 8.449999999999988076e-02 1.299999999999999940e-02
-8.899999999999977374e-02 4.449999999999988687e-02 5.000000000000000104e-03
-8.899999999999971823e-02 4.449999999999985911e-02 1.000000000000000021e-02
9.487999999999997769e+00 -4.743999999999998884e+00 1.000000000000000021e-03
-1.079999999999999016e-01 5.399999999999995082e-02 8.000000000000000167e-03
-1.699999999999997624e-01 8.499999999999988121e-02 2.000000000000000042e-02
-2.019999999999997353e-01 1.009999999999998677e-01 1.600000000000000033e-02
-4.999999999999973216e-02 2.499999999999986608e-02 2.100000000000000130e-02
-1.459999999999998244e-01 7.299999999999991218e-02 1.799999999999999864e-02
-1.369999999999997886e-01 6.849999999999989431e-02 1.600000000000000033e-02
-6.599999999999986433e-02 3.299999999999993217e-02 1.099999999999999936e-02
1.370000000000004547e-01 -6.850000000000022737e-02 1.099999999999999936e-02
-2.059999999999997666e-01 1.029999999999998833e-01 1.099999999999999936e-02
