1.220000000000000112e-01 -6.100000000000000561e-02 7.599999999999999811e-02
3.999999999999975797e-03 -1.999999999999987899e-03 6.900000000000000577e-02
-2.899999999999994249e-02 1.449999999999997125e-02 7.099999999999999367e-02
1.229999999999999705e-01 -6.149999999999998523e-02 4.700000000000000011e-02
1.590000000000000302e-01 -7.950000000000001510e-02 5.399999999999999939e-02
6.200000000000001343e-02 -3.100000000000000672e-02 5.700000000000000205e-02
6.999999999999997891e-02 -3.499999999999998945e-02 6.400000000000000133e-02
4.099999999999993927e-02 -2.049999999999996964e-02 6.400000000000000133e-02
8.499999999999996447e-02 -4.249999999999998224e-02 5.500000000000000028e-02
3.800000000000001293e-02 -1.900000000000000647e-02 5.299999999999999850e-02
1.019999999999999934e-01 -5.099999999999999672e-02 5.099999999999999672e-02
9.999999999999936023e-03 -4.999999999999968012e-03 6.600000000000000311e-02
-1.000000000000000888e-03 5.000000000000004441e-04 8.000000000000000167e-02
-2.600000000000006473e-02 1.300000000000003236e-02 7.399999999999999634e-02
9.000000000000035749e-03 -4.500000000000017875e-03 6.500000000000000222e-02
9.200000000000004008e-02 -4.600000000000002004e-02 6.700000000000000400e-02
3.699999999999999123e-02 -1.849999999999999561e-02 6.400000000000000133e-02
-2.600000000000003697e-02 1.300000000000001849e-02 6.400000000000000133e-02
-2.999999999999999889e-02 1.499999999999999944e-02 7.599999999999999811e-02
1.960000000000000075e-01 -9.800000000000000377e-02 5.099999999999999672e-02
-6.400000000000002909e-02 3.200000000000001454e-02 5.000000000000000278e-02
-1.499999999999998557e-02 7.499999999999992784e-03 7.599999999999999811e-02
1.559999999999998332e-01 -7.799999999999991662e-02 5.800000000000000294e-02
2.000000000000001776e-03 -1.000000000000000888e-03 7.399999999999999634e-02
1.049999999999999822e-01 -5.249999999999999112e-02 3.799999999999999906e-02
-2.200000000000000566e-02 1.100000000000000283e-02 6.900000000000000577e-02
3.500000000000005884e-02 -1.750000000000002942e-02 2.500000000000000139e-02
-9.600000000000000200e-02 4.800000000000000100e-02 3.300000000000000155e-02
9.999999999999988065e-03 -4.999999999999994033e-03 2.900000000000000147e-02
1.000000000000002276e-02 -5.000000000000011380e-03 3.799999999999999906e-02
4.600000000000001310e-02 -2.300000000000000655e-02 3.300000000000000155e-02
1.800000000000000211e-02 -9.000000000000001055e-03 2.999999999999999889e-02
-7.000000000000000666e-02 3.500000000000000333e-02 2.699999999999999969e-02
8.100000000000007194e-02 -4.050000000000003597e-02 2.699999999999999969e-02
2.199999999999999178e-02 -1.099999999999999589e-02 2.299999999999999961e-02
-4.000000000000010492e-03 2.000000000000005246e-03 3.599999999999999728e-02
-9.000000000000001055e-03 4.500000000000000527e-03 2.900000000000000147e-02
6.500000000000000222e-02 -3.250000000000000111e-02 2.299999999999999961e-02
2.000000000000001776e-03 -1.000000000000000888e-03 3.899999999999999994e-02
-9.999999999999988065e-03 4.999999999999994033e-03 3.400000000000000244e-02
6.000000000000019207e-03 -3.000000000000009603e-03 3.500000000000000333e-02
2.599999999999999187e-02 -1.299999999999999593e-02 3.599999999999999728e-02
5.800000000000002376e-02 -2.900000000000001188e-02 3.300000000000000155e-02
3.700000000000000511e-02 -1.850000000000000255e-02 2.900000000000000147e-02
2.179999999999999993e-01 -1.089999999999999997e-01 2.299999999999999961e-02
2.500000000000005690e-02 -1.250000000000002845e-02 2.800000000000000058e-02
-3.000000000000006134e-03 1.500000000000003067e-03 3.599999999999999728e-02
9.499999999999994560e-02 -4.749999999999997280e-02 2.500000000000000139e-02
-1.899999999999996830e-02 9.499999999999984152e-03 2.999999999999999889e-02
-4.599999999999999922e-02 2.299999999999999961e-02 2.999999999999999889e-02
2.649999999999999023e-01 -1.324999999999999512e-01 2.500000000000000139e-02
-1.140000000000000457e-01 5.700000000000002287e-02 3.300000000000000155e-02
-2.399999999999998662e-02 1.199999999999999331e-02 3.200000000000000067e-02
-1.700000000000013306e-02 8.500000000000066530e-03 3.599999999999999728e-02
1.000000000000000333e-01 -5.000000000000001665e-02 2.299999999999999961e-02
1.289999999999999480e-01 -6.449999999999997402e-02 3.300000000000000155e-02
7.199999999999998068e-02 -3.599999999999999034e-02 2.699999999999999969e-02
-2.199999999999999178e-02 1.099999999999999589e-02 3.200000000000000067e-02
2.499999999999992159e-02 -1.249999999999996080e-02 3.400000000000000244e-02
-2.699999999999999623e-02 1.349999999999999811e-02 3.099999999999999978e-02
-6.300000000000000044e-02 3.150000000000000022e-02 2.500000000000000139e-02
-6.800000000000001876e-02 3.400000000000000938e-02 3.200000000000000067e-02
1.400000000000002978e-02 -7.000000000000014891e-03 3.599999999999999728e-02
2.400000000000002132e-02 -1.200000000000001066e-02 3.200000000000000067e-02
-1.500000000000001332e-02 7.500000000000006661e-03 3.899999999999999994e-02
2.400000000000002132e-02 -1.200000000000001066e-02 3.300000000000000155e-02
2.499999999999999098e-02 -1.249999999999999549e-02 4.200000000000000261e-02
3.399999999999999550e-02 -1.699999999999999775e-02 3.699999999999999817e-02
-1.199999999999994127e-02 5.999999999999970635e-03 2.999999999999999889e-02
6.999999999999992339e-03 -3.499999999999996170e-03 2.800000000000000058e-02
1.200000000000000233e-01 -6.000000000000001166e-02 3.200000000000000067e-02
-3.999999999999948042e-03 1.999999999999974021e-03 4.399999999999999745e-02
-3.000000000000037359e-03 1.500000000000018680e-03 3.400000000000000244e-02
1.299999999999998379e-02 -6.499999999999991895e-03 2.999999999999999889e-02
1.799999999999999517e-02 -8.999999999999997585e-03 3.500000000000000333e-02
-7.999999999999979350e-03 3.999999999999989675e-03 3.400000000000000244e-02
-2.899999999999998412e-02 1.449999999999999206e-02 2.999999999999999889e-02
6.100000000000001255e-02 -3.050000000000000627e-02 2.999999999999999889e-02
5.200000000000003231e-02 -2.600000000000001615e-02 4.299999999999999656e-02
1.299999999999997685e-02 -6.499999999999988426e-03 3.200000000000000067e-02
9.100000000000001144e-02 -4.550000000000000572e-02 3.899999999999999994e-02
4.999999999999995420e-02 -2.499999999999997710e-02 2.599999999999999881e-02
3.099999999999996855e-02 -1.549999999999998428e-02 3.099999999999999978e-02
-5.999999999999999778e-02 2.999999999999999889e-02 1.899999999999999953e-02
-1.500000000000001332e-02 7.500000000000006661e-03 2.999999999999999889e-02
4.800000000000005651e-02 -2.400000000000002826e-02 2.699999999999999969e-02
2.900000000000002576e-02 -1.450000000000001288e-02 2.500000000000000139e-02
4.099999999999997397e-02 -2.049999999999998698e-02 2.299999999999999961e-02
-2.799999999999999017e-02 1.399999999999999509e-02 2.800000000000000058e-02
-6.999999999999999278e-03 3.499999999999999639e-03 2.599999999999999881e-02
-1.599999999999995870e-02 7.999999999999979350e-03 2.999999999999999889e-02
-1.350000000000000089e-01 6.750000000000000444e-02 2.800000000000000058e-02
4.999999999999983624e-03 -2.499999999999991812e-03 3.500000000000000333e-02
1.400000000000004019e-02 -7.000000000000020095e-03 2.900000000000000147e-02
-6.799999999999997713e-02 3.399999999999998856e-02 3.699999999999999817e-02
-5.699999999999996736e-02 2.849999999999998368e-02 2.800000000000000058e-02
5.000000000000002359e-02 -2.500000000000001180e-02 2.999999999999999889e-02
-2.000000000000001776e-02 1.000000000000000888e-02 3.400000000000000244e-02
1.089999999999999858e-01 -5.449999999999999289e-02 3.300000000000000155e-02
1.999999999999996919e-02 -9.999999999999984596e-03 2.500000000000000139e-02
