5.262999999999997236e+00 -2.631499999999998618e+00 2.500000000000000139e-02
3.093999999999994532e+00 -1.546999999999997266e+00 6.000000000000000125e-03
9.482999999999982776e+00 -4.741499999999991388e+00 7.000000000000000146e-03
5.760000000000005116e-01 -2.880000000000002558e-01 1.400000000000000029e-02
1.039199999999998880e+01 -5.195999999999994401e+00 4.000000000000000083e-03
1.720000000000004303e-01 -8.600000000000021516e-02 2.599999999999999881e-02
2.351999999999999424e+00 -1.175999999999999712e+00 4.000000000000000083e-03
9.887999999999989242e+00 -4.943999999999994621e+00 0.000000000000000000e+00
-6.699999999999975420e-02 3.349999999999987710e-02 1.799999999999999864e-02
1.070299999999999052e+01 -5.351499999999995261e+00 4.000000000000000083e-03
1.029099999999998438e+01 -5.145499999999992191e+00 4.000000000000000083e-03
1.012699999999998113e+01 -5.063499999999990564e+00 3.000000000000000062e-03
5.910000000000004139e-01 -2.955000000000002069e-01 8.000000000000000167e-03
2.564999999999996838e+00 -1.282499999999998419e+00 2.000000000000000042e-03
1.061699999999998489e+01 -5.308499999999992447e+00 4.000000000000000083e-03
1.143799999999998462e+01 -5.718999999999992312e+00 6.000000000000000125e-03
8.702999999999986969e+00 -4.351499999999993484e+00 0.000000000000000000e+00
7.470000000000005524e-01 -3.735000000000002762e-01 1.000000000000000021e-03
1.164999999999999858e+01 -5.824999999999999289e+00 3.000000000000000062e-03
1.082299999999998619e+01 -5.411499999999993094e+00 2.000000000000000042e-03
1.042599999999998950e+01 -5.212999999999994749e+00 0.000000000000000000e+00
1.060099999999999376e+01 -5.300499999999996881e+00 1.000000000000000021e-03
3.400000000000004130e-01 -1.700000000000002065e-01 2.699999999999999969e-02
1.074399999999998379e+01 -5.371999999999991893e+00 0.000000000000000000e+00
1.111599999999998367e+01 -5.557999999999991836e+00 0.000000000000000000e+00
-1.719999999999998197e-01 8.599999999999990985e-02 8.999999999999999320e-03
1.056999999999999318e+01 -5.284999999999996589e+00 4.000000000000000083e-03
1.102799999999998803e+01 -5.513999999999994017e+00 1.000000000000000021e-02
-3.599999999999978911e-02 1.799999999999989456e-02 2.299999999999999961e-02
1.030599999999998317e+01 -5.152999999999991587e+00 3.000000000000000062e-03
-8.899999999999989864e-02 4.449999999999994932e-02 2.400000000000000050e-02
9.810999999999987509e+00 -4.905499999999993754e+00 1.000000000000000021e-03
1.154199999999999271e+01 -5.770999999999996355e+00 6.000000000000000125e-03
1.770000000000003515e-01 -8.850000000000017575e-02 8.999999999999999320e-03
1.477599999999999270e+01 -7.387999999999996348e+00 1.000000000000000021e-03
1.753799999999999315e+01 -8.768999999999996575e+00 1.000000000000000021e-03
2.171299999999998676e+01 -1.085649999999999338e+01 1.000000000000000021e-03
1.048399999999999110e+01 -5.241999999999995552e+00 3.000000000000000062e-03
1.074299999999998434e+01 -5.371499999999992170e+00 0.000000000000000000e+00
1.029599999999999049e+01 -5.147999999999995246e+00 2.000000000000000042e-03
1.089899999999999736e+01 -5.449499999999998678e+00 2.000000000000000042e-03
-1.349999999999997591e-01 6.749999999999987954e-02 2.100000000000000130e-02
1.029799999999998583e+01 -5.148999999999992916e+00 1.000000000000000021e-03
-1.239999999999997216e-01 6.199999999999986078e-02 1.799999999999999864e-02
1.097599999999998310e+01 -5.487999999999991552e+00 1.000000000000000021e-03
1.039699999999997893e+01 -5.198499999999989463e+00 3.000000000000000062e-03
-2.599999999999986003e-02 1.299999999999993001e-02 2.400000000000000050e-02
1.023499999999998167e+01 -5.117499999999990834e+00 1.000000000000000021e-03
-6.399999999999983480e-02 3.199999999999991740e-02 2.100000000000000130e-02
1.160399999999999920e+01 -5.801999999999999602e+00 7.000000000000000146e-03
-2.379999999999997951e-01 1.189999999999998975e-01 2.500000000000000139e-02
2.606999999999997897e+01 -1.303499999999998948e+01 2.000000000000000042e-03
1.019999999999997264e+01 -5.099999999999986322e+00 2.000000000000000042e-03
1.091599999999999682e+01 -5.457999999999998408e+00 0.000000000000000000e+00
1.003799999999998782e+01 -5.018999999999993911e+00 2.000000000000000042e-03
2.020000000000002072e-01 -1.010000000000001036e-01 1.499999999999999944e-02
1.046999999999998820e+01 -5.234999999999994102e+00 1.000000000000000021e-03
-2.629999999999997340e-01 1.314999999999998670e-01 2.599999999999999881e-02
-5.699999999999978695e-02 2.849999999999989347e-02 2.199999999999999872e-02
-1.709999999999998188e-01 8.549999999999990941e-02 1.600000000000000033e-02
1.091799999999999571e+01 -5.458999999999997854e+00 0.000000000000000000e+00
-3.999999999999997446e-01 1.999999999999998723e-01 2.800000000000000058e-02
-2.699999999999978459e-02 1.349999999999989229e-02 1.400000000000000029e-02
9.971999999999992426e+00 -4.985999999999996213e+00 1.000000000000000021e-03
-3.729999999999997207e-01 1.864999999999998603e-01 2.500000000000000139e-02
-2.499999999999997224e-01 1.249999999999998612e-01 2.500000000000000139e-02
1.116499999999998849e+01 -5.582499999999994245e+00 0.000000000000000000e+00
-2.199999999999997513e-01 1.099999999999998757e-01 2.599999999999999881e-02
-2.179999999999999161e-01 1.089999999999999580e-01 1.499999999999999944e-02
1.041899999999998983e+01 -5.209499999999994913e+00 5.000000000000000104e-03
-2.819999999999998619e-01 1.409999999999999309e-01 1.899999999999999953e-02
7.800000000000024969e-02 -3.900000000000012484e-02 2.299999999999999961e-02
-3.209999999999997300e-01 1.604999999999998650e-01 1.400000000000000029e-02
-1.619999999999998386e-01 8.099999999999991929e-02 1.400000000000000029e-02
-2.519999999999997242e-01 1.259999999999998621e-01 2.500000000000000139e-02
-2.709999999999997966e-01 1.354999999999998983e-01 2.800000000000000058e-02
-2.219999999999997531e-01 1.109999999999998765e-01 2.400000000000000050e-02
-2.769999999999996909e-01 1.384999999999998455e-01 1.700000000000000122e-02
1.025299999999998768e+01 -5.126499999999993840e+00 2.000000000000000042e-03
-2.919999999999998153e-01 1.459999999999999076e-01 2.400000000000000050e-02
7.600000000000023404e-02 -3.800000000000011702e-02 1.600000000000000033e-02
-2.949999999999997069e-01 1.474999999999998535e-01 1.600000000000000033e-02
-2.589999999999997304e-01 1.294999999999998652e-01 2.500000000000000139e-02
-2.589999999999996749e-01 1.294999999999998375e-01 2.500000000000000139e-02
-2.829999999999997518e-01 1.414999999999998759e-01 2.299999999999999961e-02
1.107299999999999329e+01 -5.536499999999996646e+00 1.400000000000000029e-02
-2.319999999999998730e-01 1.159999999999999365e-01 1.899999999999999953e-02
-2.249999999999996725e-01 1.124999999999998362e-01 1.899999999999999953e-02
-7.499999999999984457e-02 3.749999999999992228e-02 1.400000000000000029e-02
-2.619999999999997331e-01 1.309999999999998666e-01 1.899999999999999953e-02
-5.999999999999981043e-02 2.999999999999990521e-02 1.400000000000000029e-02
-1.299999999999982246e-02 6.499999999999911231e-03 1.400000000000000029e-02
-4.099999999999992539e-02 2.049999999999996270e-02 1.700000000000000122e-02
1.180000000000001742e-01 -5.900000000000008710e-02 1.099999999999999936e-02
-6.099999999999983907e-02 3.049999999999991954e-02 2.400000000000000050e-02
1.040000000000002034e-01 -5.200000000000010170e-02 1.299999999999999940e-02
-3.489999999999998104e-01 1.744999999999999052e-01 1.200000000000000025e-02
-1.629999999999997562e-01 8.149999999999987810e-02 1.600000000000000033e-02
-3.039999999999997149e-01 1.519999999999998574e-01 1.600000000000000033e-02
-3.609999999999997655e-01 1.804999999999998828e-01 2.599999999999999881e-02
