8.979000000000000981e+00 -4.489500000000000490e+00 1.499999999999999944e-02
7.265999999999993797e+00 -3.632999999999996898e+00 3.000000000000000062e-03
8.421999999999997044e+00 -4.210999999999998522e+00 2.000000000000000042e-03
1.291999999999999815e+00 -6.459999999999999076e-01 7.000000000000000146e-03
7.300999999999990386e+00 -3.650499999999995193e+00 1.000000000000000021e-03
1.707999999999999519e+00 -8.539999999999997593e-01 7.000000000000000146e-03
7.489999999999987779e+00 -3.744999999999993889e+00 6.000000000000000125e-03
6.695999999999998842e+00 -3.347999999999999421e+00 4.000000000000000083e-03
1.736999999999999211e+00 -8.684999999999996056e-01 8.000000000000000167e-03
-1.979999999999998705e-01 9.899999999999993527e-02 2.599999999999999881e-02
5.004999999999998117e+00 -2.502499999999999059e+00 2.400000000000000050e-02
7.446999999999991182e+00 -3.723499999999995591e+00 4.000000000000000083e-03
1.424999999999999378e+00 -7.124999999999996891e-01 1.799999999999999864e-02
6.772999999999991694e+00 -3.386499999999995847e+00 4.000000000000000083e-03
2.557999999999997165e+00 -1.278999999999998582e+00 1.099999999999999936e-02
9.790000000000006475e-01 -4.895000000000003237e-01 2.000000000000000042e-03
7.296999999999992603e+00 -3.648499999999996302e+00 3.000000000000000062e-03
7.494999999999994778e+00 -3.747499999999997389e+00 6.000000000000000125e-03
7.362999999999998657e+00 -3.681499999999999329e+00 0.000000000000000000e+00
1.400000000000008529e-02 -7.000000000000042646e-03 2.500000000000000139e-02
7.982999999999998764e+00 -3.991499999999999382e+00 1.000000000000000021e-03
7.540999999999987935e+00 -3.770499999999993967e+00 3.000000000000000062e-03
7.448999999999990962e+00 -3.724499999999995481e+00 5.000000000000000104e-03
-2.959999999999997078e-01 1.479999999999998539e-01 2.900000000000000147e-02
7.478999999999992987e+00 -3.739499999999996493e+00 5.000000000000000104e-03
-1.499999999999997446e-01 7.499999999999987232e-02 1.899999999999999953e-02
7.547999999999995602e+00 -3.773999999999997801e+00 0.000000000000000000e+00
7.229999999999992433e+00 -3.614999999999996216e+00 1.799999999999999864e-02
-3.009999999999998233e-01 1.504999999999999116e-01 2.800000000000000058e-02
7.701999999999992852e+00 -3.850999999999996426e+00 3.000000000000000062e-03
-1.749999999999997669e-01 8.749999999999988343e-02 2.299999999999999961e-02
2.531999999999997808e+00 -1.265999999999998904e+00 6.000000000000000125e-03
1.000399999999999245e+01 -5.001999999999996227e+00 4.000000000000000083e-03
3.153999999999998582e+00 -1.576999999999999291e+00 4.000000000000000083e-03
1.752999999999998115e+00 -8.764999999999990576e-01 5.000000000000000104e-03
1.654100000000000037e+01 -8.270500000000000185e+00 1.000000000000000021e-03
7.588999999999996859e+00 -3.794499999999998430e+00 1.099999999999999936e-02
7.608999999999997321e+00 -3.804499999999998661e+00 5.000000000000000104e-03
-1.239999999999997771e-01 6.199999999999988853e-02 2.100000000000000130e-02
-1.949999999999998401e-01 9.749999999999992006e-02 2.299999999999999961e-02
7.802999999999993719e+00 -3.901499999999996859e+00 1.099999999999999936e-02
-4.249999999999997113e-01 2.124999999999998557e-01 1.799999999999999864e-02
-2.009999999999998455e-01 1.004999999999999227e-01 2.000000000000000042e-02
-3.009999999999997122e-01 1.504999999999998561e-01 2.299999999999999961e-02
-6.999999999999881317e-03 3.499999999999940659e-03 2.500000000000000139e-02
7.738999999999995438e+00 -3.869499999999997719e+00 2.000000000000000042e-03
-3.619999999999997664e-01 1.809999999999998832e-01 2.500000000000000139e-02
-3.879999999999997895e-01 1.939999999999998948e-01 2.800000000000000058e-02
-2.859999999999997544e-01 1.429999999999998772e-01 2.800000000000000058e-02
7.556999999999992390e+00 -3.778499999999996195e+00 5.000000000000000104e-03
-2.409999999999996589e-01 1.204999999999998295e-01 2.699999999999999969e-02
-3.169999999999998375e-01 1.584999999999999187e-01 2.699999999999999969e-02
-4.069999999999996954e-01 2.034999999999998477e-01 3.599999999999999728e-02
-4.259999999999998788e-01 2.129999999999999394e-01 2.500000000000000139e-02
-1.679999999999998439e-01 8.399999999999992195e-02 2.599999999999999881e-02
-2.369999999999998219e-01 1.184999999999999110e-01 2.199999999999999872e-02
-3.869999999999997331e-01 1.934999999999998666e-01 2.900000000000000147e-02
-3.459999999999998077e-01 1.729999999999999039e-01 2.999999999999999889e-02
-3.009999999999997677e-01 1.504999999999998839e-01 3.200000000000000067e-02
-2.149999999999998301e-01 1.074999999999999151e-01 2.400000000000000050e-02
-3.279999999999997917e-01 1.639999999999998959e-01 3.300000000000000155e-02
-2.849999999999996980e-01 1.424999999999998490e-01 2.900000000000000147e-02
-2.899999999999998135e-01 1.449999999999999067e-01 2.599999999999999881e-02
-3.029999999999997140e-01 1.514999999999998570e-01 2.900000000000000147e-02
-3.479999999999997540e-01 1.739999999999998770e-01 2.400000000000000050e-02
-2.599999999999997868e-01 1.299999999999998934e-01 2.000000000000000042e-02
-3.549999999999997047e-01 1.774999999999998523e-01 2.800000000000000058e-02
-3.129999999999997229e-01 1.564999999999998614e-01 3.099999999999999978e-02
-2.509999999999996678e-01 1.254999999999998339e-01 2.599999999999999881e-02
-3.129999999999997229e-01 1.564999999999998614e-01 2.999999999999999889e-02
-2.459999999999996634e-01 1.229999999999998317e-01 2.999999999999999889e-02
-1.579999999999996962e-01 7.899999999999984812e-02 2.000000000000000042e-02
-2.529999999999997251e-01 1.264999999999998626e-01 2.800000000000000058e-02
-3.409999999999999143e-01 1.704999999999999571e-01 2.999999999999999889e-02
-3.249999999999997891e-01 1.624999999999998945e-01 3.400000000000000244e-02
-2.859999999999997544e-01 1.429999999999998772e-01 2.599999999999999881e-02
-3.679999999999997717e-01 1.839999999999998859e-01 2.599999999999999881e-02
-1.349999999999997313e-01 6.749999999999986566e-02 1.899999999999999953e-02
-3.519999999999997575e-01 1.759999999999998788e-01 2.299999999999999961e-02
-2.919999999999997597e-01 1.459999999999998799e-01 3.099999999999999978e-02
-3.589999999999998193e-01 1.794999999999999096e-01 3.400000000000000244e-02
-2.399999999999997691e-01 1.199999999999998845e-01 2.100000000000000130e-02
-2.629999999999996785e-01 1.314999999999998392e-01 1.700000000000000122e-02
-3.109999999999997211e-01 1.554999999999998606e-01 2.100000000000000130e-02
-2.639999999999997349e-01 1.319999999999998674e-01 2.100000000000000130e-02
-3.939999999999997948e-01 1.969999999999998974e-01 2.500000000000000139e-02
-2.309999999999997888e-01 1.154999999999998944e-01 1.899999999999999953e-02
-2.519999999999996132e-01 1.259999999999998066e-01 1.799999999999999864e-02
-3.749999999999997780e-01 1.874999999999998890e-01 2.599999999999999881e-02
-3.559999999999998721e-01 1.779999999999999361e-01 2.500000000000000139e-02
-3.479999999999997540e-01 1.739999999999998770e-01 4.200000000000000261e-02
-2.449999999999997735e-01 1.224999999999998868e-01 2.100000000000000130e-02
-3.169999999999997264e-01 1.584999999999998632e-01 2.699999999999999969e-02
-3.049999999999997158e-01 1.524999999999998579e-01 2.299999999999999961e-02
-1.759999999999997955e-01 8.799999999999989775e-02 2.900000000000000147e-02
-3.299999999999997380e-01 1.649999999999998690e-01 2.999999999999999889e-02
-2.999999999999997669e-01 1.499999999999998834e-01 2.500000000000000139e-02
-3.479999999999997540e-01 1.739999999999998770e-01 2.299999999999999961e-02
-2.549999999999997269e-01 1.274999999999998634e-01 1.899999999999999953e-02
-2.669999999999997931e-01 1.334999999999998965e-01 2.500000000000000139e-02
