-3.499999999999999639e-02 1.166666666666666546e-02 3.400000000000000244e-02
3.980000000000000759e-01 -1.326666666666666827e-01 1.700000000000000122e-02
-5.500000000000002109e-02 1.833333333333334036e-02 3.500000000000000333e-02
-2.680000000000000715e-01 8.933333333333336179e-02 1.099999999999999936e-02
-4.330000000000000515e-01 1.443333333333333413e-01 2.000000000000000042e-03
-4.600000000000000755e-01 1.533333333333333492e-01 6.000000000000000125e-03
-4.579999999999999627e-01 1.526666666666666450e-01 2.000000000000000042e-03
-5.200000000000001288e-01 1.733333333333333670e-01 2.000000000000000042e-03
1.200999999999999845e+00 -4.003333333333332633e-01 8.000000000000000167e-03
2.099999999999998396e-02 -6.999999999999994942e-03 2.500000000000000139e-02
-9.999999999999997780e-02 3.333333333333332593e-02 3.599999999999999728e-02
-5.100000000000000366e-02 1.700000000000000122e-02 3.300000000000000155e-02
-4.169999999999999818e-01 1.389999999999999847e-01 0.000000000000000000e+00
-4.520000000000000129e-01 1.506666666666666710e-01 4.000000000000000083e-03
4.300000000000001044e-02 -1.433333333333333681e-02 2.699999999999999969e-02
-5.270000000000001350e-01 1.756666666666667209e-01 1.000000000000000021e-03
-1.030000000000000082e-01 3.433333333333333376e-02 2.599999999999999881e-02
-4.779999999999999249e-01 1.593333333333332991e-01 5.000000000000000104e-03
-4.250000000000000444e-01 1.416666666666666907e-01 1.000000000000000021e-03
1.400000000000000550e-02 -4.666666666666668788e-03 2.599999999999999881e-02
-4.779999999999999249e-01 1.593333333333332991e-01 2.000000000000000042e-03
8.100000000000001643e-02 -2.700000000000000663e-02 2.299999999999999961e-02
-5.099999999999998979e-01 1.699999999999999567e-01 3.000000000000000062e-03
-4.330000000000000515e-01 1.443333333333333413e-01 2.000000000000000042e-03
-4.640000000000000235e-01 1.546666666666666745e-01 0.000000000000000000e+00
-4.920000000000000484e-01 1.640000000000000069e-01 3.000000000000000062e-03
-2.899999999999998412e-02 9.666666666666661953e-03 3.200000000000000067e-02
-3.930000000000000715e-01 1.310000000000000331e-01 7.000000000000000146e-03
-4.420000000000000040e-01 1.473333333333333439e-01 2.000000000000000042e-03
-5.150000000000000133e-01 1.716666666666666619e-01 1.000000000000000021e-03
-4.530000000000001248e-01 1.510000000000000508e-01 1.000000000000000021e-03
-4.710000000000000298e-01 1.570000000000000007e-01 2.000000000000000042e-03
-4.760000000000000342e-01 1.586666666666666781e-01 3.000000000000000062e-03
-5.050000000000000044e-01 1.683333333333333348e-01 3.000000000000000062e-03
-5.460000000000000409e-01 1.820000000000000229e-01 0.000000000000000000e+00
-5.440000000000000391e-01 1.813333333333333464e-01 0.000000000000000000e+00
-5.420000000000000373e-01 1.806666666666666698e-01 0.000000000000000000e+00
-5.070000000000000062e-01 1.690000000000000113e-01 0.000000000000000000e+00
-4.959999999999999409e-01 1.653333333333333044e-01 0.000000000000000000e+00
-4.999999999999998890e-01 1.666666666666666297e-01 0.000000000000000000e+00
-4.629999999999999671e-01 1.543333333333333224e-01 0.000000000000000000e+00
-4.990000000000000546e-01 1.663333333333333608e-01 0.000000000000000000e+00
-5.619999999999999440e-01 1.873333333333333239e-01 0.000000000000000000e+00
-5.560000000000000497e-01 1.853333333333333499e-01 0.000000000000000000e+00
-5.259999999999999121e-01 1.753333333333333133e-01 0.000000000000000000e+00
-4.879999999999999338e-01 1.626666666666666539e-01 0.000000000000000000e+00
-4.510000000000001230e-01 1.503333333333333743e-01 0.000000000000000000e+00
-5.000000000000001110e-01 1.666666666666667129e-01 1.000000000000000021e-03
-5.800000000000000711e-01 1.933333333333333570e-01 0.000000000000000000e+00
-5.710000000000001741e-01 1.903333333333333821e-01 0.000000000000000000e+00
-4.759999999999999787e-01 1.586666666666666503e-01 0.000000000000000000e+00
-5.500000000000000444e-01 1.833333333333333481e-01 0.000000000000000000e+00
-4.650000000000000244e-01 1.549999999999999989e-01 0.000000000000000000e+00
-4.939999999999999947e-01 1.646666666666666556e-01 1.000000000000000021e-03
-4.790000000000001479e-01 1.596666666666667067e-01 1.000000000000000021e-03
-5.410000000000000364e-01 1.803333333333333455e-01 0.000000000000000000e+00
-5.440000000000000391e-01 1.813333333333333464e-01 0.000000000000000000e+00
-5.269999999999999130e-01 1.756666666666666377e-01 0.000000000000000000e+00
-4.899999999999999356e-01 1.633333333333333026e-01 0.000000000000000000e+00
-5.000000000000000000e-01 1.666666666666666574e-01 0.000000000000000000e+00
-5.660000000000000586e-01 1.886666666666666770e-01 0.000000000000000000e+00
-4.440000000000000058e-01 1.479999999999999927e-01 0.000000000000000000e+00
-4.859999999999999876e-01 1.620000000000000051e-01 0.000000000000000000e+00
-4.630000000000000226e-01 1.543333333333333501e-01 0.000000000000000000e+00
-4.700000000000001399e-01 1.566666666666667040e-01 0.000000000000000000e+00
-4.969999999999999973e-01 1.656666666666666565e-01 0.000000000000000000e+00
-5.359999999999999210e-01 1.786666666666666403e-01 0.000000000000000000e+00
-5.179999999999999050e-01 1.726666666666666350e-01 0.000000000000000000e+00
-4.260000000000000453e-01 1.420000000000000151e-01 0.000000000000000000e+00
-5.890000000000000790e-01 1.963333333333333597e-01 0.000000000000000000e+00
-5.479999999999999316e-01 1.826666666666666439e-01 0.000000000000000000e+00
-5.549999999999999378e-01 1.849999999999999700e-01 1.000000000000000021e-03
-5.400000000000000355e-01 1.800000000000000211e-01 0.000000000000000000e+00
-5.569999999999999396e-01 1.856666666666666465e-01 1.000000000000000021e-03
-4.829999999999999294e-01 1.609999999999999765e-01 0.000000000000000000e+00
-5.730000000000000648e-01 1.910000000000000309e-01 0.000000000000000000e+00
-4.570000000000000728e-01 1.523333333333333484e-01 0.000000000000000000e+00
-4.389999999999999458e-01 1.463333333333333153e-01 0.000000000000000000e+00
-4.440000000000000058e-01 1.479999999999999927e-01 0.000000000000000000e+00
-4.169999999999999263e-01 1.389999999999999847e-01 0.000000000000000000e+00
-4.910000000000000475e-01 1.636666666666666825e-01 0.000000000000000000e+00
-4.650000000000000244e-01 1.549999999999999989e-01 0.000000000000000000e+00
-5.020000000000000018e-01 1.673333333333333339e-01 0.000000000000000000e+00
-5.399999999999999245e-01 1.799999999999999656e-01 1.000000000000000021e-03
-5.230000000000000204e-01 1.743333333333333401e-01 0.000000000000000000e+00
-3.940000000000000724e-01 1.313333333333333575e-01 0.000000000000000000e+00
-4.940000000000000502e-01 1.646666666666666834e-01 2.000000000000000042e-03
-5.189999999999999059e-01 1.729999999999999594e-01 0.000000000000000000e+00
-5.160000000000000142e-01 1.720000000000000140e-01 0.000000000000000000e+00
-4.169999999999999818e-01 1.389999999999999847e-01 0.000000000000000000e+00
-5.080000000000001181e-01 1.693333333333333635e-01 0.000000000000000000e+00
-3.750000000000001110e-01 1.250000000000000278e-01 0.000000000000000000e+00
-4.780000000000000360e-01 1.593333333333333546e-01 0.000000000000000000e+00
-5.120000000000001217e-01 1.706666666666667165e-01 0.000000000000000000e+00
-5.510000000000000453e-01 1.836666666666666725e-01 0.000000000000000000e+00
-4.670000000000000262e-01 1.556666666666666754e-01 0.000000000000000000e+00
-5.310000000000000275e-01 1.770000000000000184e-01 0.000000000000000000e+00
-5.060000000000000053e-01 1.686666666666666592e-01 0.000000000000000000e+00
-4.929999999999999938e-01 1.643333333333333313e-01 0.000000000000000000e+00
-4.659999999999999698e-01 1.553333333333333233e-01 0.000000000000000000e+00
