4.893999999999993022e+00 -1.631333333333331082e+00 3.000000000000000062e-03
4.484999999999993214e+00 -1.494999999999997664e+00 4.000000000000000083e-03
2.208999999999997410e+00 -7.363333333333325070e-01 4.000000000000000083e-03
2.766999999999994131e+00 -9.223333333333313400e-01 0.000000000000000000e+00
1.239000000000000101e+00 -4.130000000000000338e-01 0.000000000000000000e+00
1.105000000000000648e+00 -3.683333333333335680e-01 1.000000000000000021e-03
8.120000000000007212e-01 -2.706666666666668886e-01 1.000000000000000021e-03
6.500000000000007994e-01 -2.166666666666669239e-01 2.000000000000000042e-03
7.580000000000004512e-01 -2.526666666666668171e-01 8.999999999999999320e-03
9.735999999999995325e+00 -3.245333333333331627e+00 4.000000000000000083e-03
1.009499999999999353e+01 -3.364999999999997993e+00 5.000000000000000104e-03
8.180000000000005045e-01 -2.726666666666668348e-01 2.000000000000000042e-03
-2.079999999999997962e-01 6.933333333333326076e-02 8.999999999999999320e-03
1.169899999999998919e+01 -3.899666666666663062e+00 1.000000000000000021e-03
-2.169999999999997486e-01 7.233333333333324955e-02 7.000000000000000146e-03
9.377999999999987679e+00 -3.125999999999995893e+00 4.000000000000000083e-03
9.084999999999990195e+00 -3.028333333333330213e+00 1.000000000000000021e-03
-2.169999999999996376e-01 7.233333333333320792e-02 6.000000000000000125e-03
9.358999999999992880e+00 -3.119666666666664145e+00 3.000000000000000062e-03
9.534999999999991260e+00 -3.178333333333330568e+00 2.000000000000000042e-03
-2.599999999999997868e-01 8.666666666666660024e-02 1.099999999999999936e-02
1.544999999999998597e+00 -5.149999999999995692e-01 0.000000000000000000e+00
6.026999999999995694e+00 -2.008999999999998565e+00 6.000000000000000125e-03
5.071999999999996511e+00 -1.690666666666665430e+00 1.000000000000000021e-03
4.116999999999991111e+00 -1.372333333333330296e+00 1.000000000000000021e-03
2.227999999999996650e+00 -7.426666666666655869e-01 0.000000000000000000e+00
9.850999999999995538e+00 -3.283666666666665179e+00 3.000000000000000062e-03
1.833599999999999142e+01 -6.111999999999997435e+00 0.000000000000000000e+00
2.456600000000000250e+01 -8.188666666666668092e+00 0.000000000000000000e+00
9.485999999999984666e+00 -3.161999999999995037e+00 6.000000000000000125e-03
9.911999999999990152e+00 -3.303999999999996717e+00 1.000000000000000021e-03
9.217999999999987537e+00 -3.072666666666662660e+00 3.000000000000000062e-03
9.593999999999990536e+00 -3.197999999999996845e+00 2.000000000000000042e-03
9.711999999999985533e+00 -3.237333333333328511e+00 2.000000000000000042e-03
9.323999999999980304e+00 -3.107999999999993435e+00 1.000000000000000021e-03
9.592999999999999972e+00 -3.197666666666666657e+00 1.000000000000000021e-03
9.293999999999989825e+00 -3.097999999999996756e+00 2.000000000000000042e-03
9.319999999999991402e+00 -3.106666666666663801e+00 6.000000000000000125e-03
1.005499999999998195e+01 -3.351666666666660799e+00 2.000000000000000042e-03
-3.609999999999998210e-01 1.203333333333332783e-01 7.000000000000000146e-03
-1.759999999999997122e-01 5.866666666666656843e-02 8.000000000000000167e-03
-3.899999999999997358e-01 1.299999999999999212e-01 6.000000000000000125e-03
-2.639999999999997904e-01 8.799999999999992550e-02 7.000000000000000146e-03
-3.559999999999997056e-01 1.186666666666665731e-01 1.400000000000000029e-02
9.947999999999989740e+00 -3.315999999999996728e+00 4.000000000000000083e-03
-5.119999999999998996e-01 1.706666666666666332e-01 1.000000000000000021e-02
-2.429999999999997162e-01 8.099999999999990541e-02 1.499999999999999944e-02
-3.539999999999997038e-01 1.179999999999998966e-01 8.999999999999999320e-03
-4.139999999999997016e-01 1.379999999999999005e-01 1.000000000000000021e-02
-3.199999999999997846e-01 1.066666666666665902e-01 7.000000000000000146e-03
9.657999999999992369e+00 -3.219333333333330938e+00 1.200000000000000025e-02
-2.529999999999996696e-01 8.433333333333321857e-02 1.400000000000000029e-02
-2.689999999999997393e-01 8.966666666666657515e-02 8.999999999999999320e-03
-2.199999999999997513e-01 7.333333333333325044e-02 5.000000000000000104e-03
-3.469999999999997531e-01 1.156666666666665844e-01 1.600000000000000033e-02
-1.899999999999998079e-01 6.333333333333326931e-02 5.000000000000000104e-03
-2.409999999999998255e-01 8.033333333333327053e-02 5.000000000000000104e-03
-1.839999999999996361e-01 6.133333333333321202e-02 1.200000000000000025e-02
-2.739999999999996882e-01 9.133333333333322479e-02 1.400000000000000029e-02
-2.699999999999997402e-01 8.999999999999991340e-02 8.000000000000000167e-03
-2.249999999999996725e-01 7.499999999999988620e-02 8.999999999999999320e-03
-2.079999999999997129e-01 6.933333333333323301e-02 5.000000000000000104e-03
-2.539999999999997260e-01 8.466666666666657071e-02 1.499999999999999944e-02
-3.139999999999997238e-01 1.046666666666665746e-01 7.000000000000000146e-03
-3.119999999999998330e-01 1.039999999999999397e-01 5.000000000000000104e-03
-3.089999999999997193e-01 1.029999999999999111e-01 8.000000000000000167e-03
-3.519999999999998130e-01 1.173333333333332756e-01 1.400000000000000029e-02
-4.119999999999998108e-01 1.373333333333332795e-01 1.099999999999999936e-02
-3.709999999999996634e-01 1.236666666666665498e-01 8.000000000000000167e-03
-3.289999999999996816e-01 1.096666666666665652e-01 6.000000000000000125e-03
-2.299999999999997879e-01 7.666666666666659136e-02 1.400000000000000029e-02
-2.849999999999998090e-01 9.499999999999993172e-02 1.099999999999999936e-02
-3.599999999999998201e-01 1.199999999999999400e-01 8.000000000000000167e-03
-2.179999999999995830e-01 7.266666666666653229e-02 1.099999999999999936e-02
-3.699999999999997735e-01 1.233333333333332532e-01 1.200000000000000025e-02
-3.879999999999998450e-01 1.293333333333332724e-01 1.000000000000000021e-02
-2.219999999999998086e-01 7.399999999999994083e-02 8.999999999999999320e-03
-3.079999999999997184e-01 1.026666666666665728e-01 6.000000000000000125e-03
-2.569999999999998397e-01 8.566666666666661323e-02 8.000000000000000167e-03
-4.159999999999996478e-01 1.386666666666665493e-01 7.000000000000000146e-03
-3.149999999999998357e-01 1.049999999999999406e-01 1.099999999999999936e-02
-2.639999999999997349e-01 8.799999999999991163e-02 1.099999999999999936e-02
-3.169999999999995044e-01 1.056666666666665061e-01 1.000000000000000021e-02
-1.709999999999996800e-01 5.699999999999989103e-02 1.000000000000000021e-02
-3.999999999999998002e-01 1.333333333333332760e-01 1.000000000000000021e-02
-4.599999999999998535e-01 1.533333333333332937e-01 8.000000000000000167e-03
-3.819999999999997287e-01 1.273333333333332429e-01 1.400000000000000029e-02
-3.949999999999997957e-01 1.316666666666665986e-01 4.000000000000000083e-03
-3.889999999999996794e-01 1.296666666666665690e-01 1.099999999999999936e-02
-4.099999999999995870e-01 1.366666666666665197e-01 1.299999999999999940e-02
-3.269999999999996243e-01 1.089999999999998748e-01 1.000000000000000021e-02
-2.829999999999996962e-01 9.433333333333322746e-02 1.200000000000000025e-02
-3.889999999999997904e-01 1.296666666666665968e-01 1.499999999999999944e-02
-2.559999999999998388e-01 8.533333333333327497e-02 1.000000000000000021e-02
-3.549999999999997047e-01 1.183333333333332349e-01 1.400000000000000029e-02
-2.719999999999997420e-01 9.066666666666657604e-02 8.000000000000000167e-03
-3.229999999999997318e-01 1.076666666666665773e-01 1.099999999999999936e-02
-3.219999999999996754e-01 1.073333333333332251e-01 7.000000000000000146e-03
-3.039999999999995484e-01 1.013333333333331782e-01 8.999999999999999320e-03
-3.709999999999997189e-01 1.236666666666665776e-01 1.200000000000000025e-02
