8.165000000000002700e+00 -4.082500000000001350e+00 0.000000000000000000e+00
7.485999999999996213e+00 -3.742999999999998106e+00 5.000000000000000104e-03
7.404999999999991367e+00 -3.702499999999995683e+00 6.000000000000000125e-03
8.613999999999990109e+00 -4.306999999999995055e+00 0.000000000000000000e+00
7.506999999999990791e+00 -3.753499999999995396e+00 3.000000000000000062e-03
1.039199999999999768e+01 -5.195999999999998842e+00 1.799999999999999864e-02
8.493000000000000327e+00 -4.246500000000000163e+00 8.000000000000000167e-03
7.525999999999995360e+00 -3.762999999999997680e+00 1.000000000000000021e-03
7.624999999999997335e+00 -3.812499999999998668e+00 5.000000000000000104e-03
8.426999999999996049e+00 -4.213499999999998025e+00 0.000000000000000000e+00
7.208999999999991637e+00 -3.604499999999995818e+00 3.000000000000000062e-03
7.226999999999995872e+00 -3.613499999999997936e+00 0.000000000000000000e+00
7.634999999999993570e+00 -3.817499999999996785e+00 3.000000000000000062e-03
7.514999999999990798e+00 -3.757499999999995399e+00 3.000000000000000062e-03
7.696999999999987629e+00 -3.848499999999993815e+00 7.000000000000000146e-03
6.825999999999990742e+00 -3.412999999999995371e+00 5.000000000000000104e-03
7.510999999999988574e+00 -3.755499999999994287e+00 4.000000000000000083e-03
7.563999999999994728e+00 -3.781999999999997364e+00 4.000000000000000083e-03
7.686999999999994060e+00 -3.843499999999997030e+00 2.000000000000000042e-03
7.421999999999989051e+00 -3.710999999999994525e+00 4.000000000000000083e-03
7.278999999999993697e+00 -3.639499999999996849e+00 2.000000000000000042e-03
7.477999999999995318e+00 -3.738999999999997659e+00 5.000000000000000104e-03
7.477999999999989988e+00 -3.738999999999994994e+00 4.000000000000000083e-03
7.511999999999998678e+00 -3.755999999999999339e+00 4.000000000000000083e-03
7.926000000000001044e+00 -3.963000000000000522e+00 2.000000000000000042e-03
7.467999999999992866e+00 -3.733999999999996433e+00 7.000000000000000146e-03
7.604000000000005421e+00 -3.802000000000002711e+00 5.000000000000000104e-03
7.703999999999994408e+00 -3.851999999999997204e+00 8.000000000000000167e-03
7.725999999999997314e+00 -3.862999999999998657e+00 1.000000000000000021e-03
7.430999999999992056e+00 -3.715499999999996028e+00 2.000000000000000042e-03
7.805999999999995609e+00 -3.902999999999997804e+00 6.000000000000000125e-03
7.186999999999995836e+00 -3.593499999999997918e+00 6.000000000000000125e-03
7.175999999999993939e+00 -3.587999999999996970e+00 6.000000000000000125e-03
7.422999999999999154e+00 -3.711499999999999577e+00 2.000000000000000042e-03
7.227999999999992653e+00 -3.613999999999996326e+00 0.000000000000000000e+00
7.235999999999995325e+00 -3.617999999999997662e+00 2.000000000000000042e-03
7.535999999999998700e+00 -3.767999999999999350e+00 1.000000000000000021e-03
7.588999999999996859e+00 -3.794499999999998430e+00 6.000000000000000125e-03
7.099999999999995204e+00 -3.549999999999997602e+00 6.000000000000000125e-03
7.342999999999992866e+00 -3.671499999999996433e+00 4.000000000000000083e-03
7.724999999999999645e+00 -3.862499999999999822e+00 5.000000000000000104e-03
7.140999999999995573e+00 -3.570499999999997787e+00 4.000000000000000083e-03
7.688999999999988511e+00 -3.844499999999994255e+00 2.000000000000000042e-03
7.395999999999995467e+00 -3.697999999999997733e+00 4.000000000000000083e-03
7.763999999999997570e+00 -3.881999999999998785e+00 2.000000000000000042e-03
7.575000000000002842e+00 -3.787500000000001421e+00 1.000000000000000021e-02
7.459999999999992859e+00 -3.729999999999996430e+00 1.099999999999999936e-02
7.492999999999993221e+00 -3.746499999999996611e+00 2.000000000000000042e-03
7.119999999999998330e+00 -3.559999999999999165e+00 3.000000000000000062e-03
7.786999999999999034e+00 -3.893499999999999517e+00 1.000000000000000021e-03
7.287999999999996703e+00 -3.643999999999998352e+00 2.000000000000000042e-03
7.581999999999993634e+00 -3.790999999999996817e+00 1.000000000000000021e-03
7.352999999999999758e+00 -3.676499999999999879e+00 0.000000000000000000e+00
7.800999999999994827e+00 -3.900499999999997414e+00 3.000000000000000062e-03
7.286999999999992816e+00 -3.643499999999996408e+00 2.000000000000000042e-03
7.752999999999993008e+00 -3.876499999999996504e+00 1.000000000000000021e-03
7.204999999999998295e+00 -3.602499999999999147e+00 5.000000000000000104e-03
7.506999999999993456e+00 -3.753499999999996728e+00 1.000000000000000021e-03
7.176999999999994273e+00 -3.588499999999997137e+00 2.000000000000000042e-03
7.350999999999992873e+00 -3.675499999999996437e+00 0.000000000000000000e+00
7.490999999999993442e+00 -3.745499999999996721e+00 1.000000000000000021e-03
7.423999999999992383e+00 -3.711999999999996191e+00 6.000000000000000125e-03
7.548999999999995048e+00 -3.774499999999997524e+00 3.000000000000000062e-03
7.119999999999993889e+00 -3.559999999999996945e+00 3.000000000000000062e-03
6.903999999999995474e+00 -3.451999999999997737e+00 5.000000000000000104e-03
7.620999999999991559e+00 -3.810499999999995779e+00 0.000000000000000000e+00
7.367999999999995886e+00 -3.683999999999997943e+00 2.000000000000000042e-03
7.663999999999990820e+00 -3.831999999999995410e+00 3.000000000000000062e-03
7.645999999999992802e+00 -3.822999999999996401e+00 4.000000000000000083e-03
7.961999999999991751e+00 -3.980999999999995875e+00 2.000000000000000042e-03
7.383999999999991459e+00 -3.691999999999995730e+00 3.000000000000000062e-03
7.987999999999998657e+00 -3.993999999999999329e+00 3.000000000000000062e-03
7.119999999999997442e+00 -3.559999999999998721e+00 3.000000000000000062e-03
7.416999999999997151e+00 -3.708499999999998575e+00 5.000000000000000104e-03
7.340999999999993086e+00 -3.670499999999996543e+00 5.000000000000000104e-03
7.289999999999993818e+00 -3.644999999999996909e+00 8.000000000000000167e-03
7.399999999999995914e+00 -3.699999999999997957e+00 5.000000000000000104e-03
7.558000000000000718e+00 -3.779000000000000359e+00 6.000000000000000125e-03
7.277999999999989811e+00 -3.638999999999994905e+00 1.000000000000000021e-03
7.787999999999997591e+00 -3.893999999999998796e+00 4.000000000000000083e-03
7.374999999999993783e+00 -3.687499999999996891e+00 5.000000000000000104e-03
7.437999999999992617e+00 -3.718999999999996309e+00 3.000000000000000062e-03
7.650999999999999801e+00 -3.825499999999999901e+00 8.999999999999999320e-03
7.566999999999993065e+00 -3.783499999999996533e+00 3.000000000000000062e-03
7.731999999999993989e+00 -3.865999999999996994e+00 3.000000000000000062e-03
7.517000000000001236e+00 -3.758500000000000618e+00 4.000000000000000083e-03
7.339999999999996305e+00 -3.669999999999998153e+00 4.000000000000000083e-03
7.624999999999994671e+00 -3.812499999999997335e+00 6.000000000000000125e-03
7.451999999999991964e+00 -3.725999999999995982e+00 7.000000000000000146e-03
7.584000000000000519e+00 -3.792000000000000259e+00 8.999999999999999320e-03
7.127999999999997449e+00 -3.563999999999998725e+00 4.000000000000000083e-03
7.916999999999995374e+00 -3.958499999999997687e+00 1.000000000000000021e-03
7.668000000000001926e+00 -3.834000000000000963e+00 7.000000000000000146e-03
7.754999999999997229e+00 -3.877499999999998614e+00 8.999999999999999320e-03
7.645000000000002238e+00 -3.822500000000001119e+00 1.000000000000000021e-02
7.269999999999992468e+00 -3.634999999999996234e+00 8.999999999999999320e-03
7.738999999999993662e+00 -3.869499999999996831e+00 3.000000000000000062e-03
7.483999999999996433e+00 -3.741999999999998217e+00 6.000000000000000125e-03
7.557999999999998941e+00 -3.778999999999999471e+00 5.000000000000000104e-03
7.508999999999993236e+00 -3.754499999999996618e+00 8.999999999999999320e-03
