1.927999999999999714e+00 -9.639999999999998570e-01 5.700000000000000205e-02
2.209999999999999520e+00 -1.104999999999999760e+00 5.199999999999999761e-02
1.882999999999999563e+00 -9.414999999999997815e-01 5.000000000000000278e-02
2.128000000000000114e+00 -1.064000000000000057e+00 4.599999999999999922e-02
1.712000000000000188e+00 -8.560000000000000941e-01 6.400000000000000133e-02
1.607000000000000206e+00 -8.035000000000001030e-01 6.099999999999999867e-02
1.745000000000000107e+00 -8.725000000000000533e-01 5.099999999999999672e-02
1.440000000000000169e+00 -7.200000000000000844e-01 5.999999999999999778e-02
1.706999999999999851e+00 -8.534999999999999254e-01 5.099999999999999672e-02
1.234999999999999876e+00 -6.174999999999999378e-01 5.199999999999999761e-02
1.151000000000000245e+00 -5.755000000000001226e-01 4.599999999999999922e-02
9.760000000000004228e-01 -4.880000000000002114e-01 4.599999999999999922e-02
1.115000000000000213e+00 -5.575000000000001066e-01 5.399999999999999939e-02
1.092999999999999972e+00 -5.464999999999999858e-01 4.900000000000000189e-02
1.203999999999999959e+00 -6.019999999999999796e-01 4.299999999999999656e-02
1.221000000000000529e+00 -6.105000000000002647e-01 4.700000000000000011e-02
9.949999999999998845e-01 -4.974999999999999423e-01 5.099999999999999672e-02
8.490000000000004210e-01 -4.245000000000002105e-01 4.399999999999999745e-02
9.060000000000000275e-01 -4.530000000000000138e-01 2.999999999999999889e-02
8.870000000000000107e-01 -4.435000000000000053e-01 4.499999999999999833e-02
1.005000000000000115e+00 -5.025000000000000577e-01 4.399999999999999745e-02
9.510000000000002895e-01 -4.755000000000001448e-01 4.399999999999999745e-02
7.960000000000002629e-01 -3.980000000000001315e-01 4.299999999999999656e-02
-1.369999999999998441e-01 6.849999999999992206e-02 2.999999999999999889e-02
1.314000000000000057e+00 -6.570000000000000284e-01 1.600000000000000033e-02
8.630000000000002114e-01 -4.315000000000001057e-01 1.099999999999999936e-02
-3.469999999999998641e-01 1.734999999999999321e-01 1.899999999999999953e-02
-3.769999999999998908e-01 1.884999999999999454e-01 3.799999999999999906e-02
-3.059999999999999942e-01 1.529999999999999971e-01 4.399999999999999745e-02
-4.009999999999999676e-01 2.004999999999999838e-01 3.799999999999999906e-02
-4.119999999999999218e-01 2.059999999999999609e-01 3.799999999999999906e-02
-3.579999999999999294e-01 1.789999999999999647e-01 3.300000000000000155e-02
-4.869999999999999329e-01 2.434999999999999665e-01 3.799999999999999906e-02
-4.069999999999999174e-01 2.034999999999999587e-01 3.400000000000000244e-02
-3.549999999999999267e-01 1.774999999999999634e-01 2.999999999999999889e-02
-5.139999999999999014e-01 2.569999999999999507e-01 4.000000000000000083e-02
-4.839999999999999858e-01 2.419999999999999929e-01 4.000000000000000083e-02
-6.789999999999999369e-01 3.394999999999999685e-01 4.399999999999999745e-02
-7.269999999999999796e-01 3.634999999999999898e-01 5.099999999999999672e-02
-7.109999999999997433e-01 3.554999999999998717e-01 4.800000000000000100e-02
-6.989999999999999547e-01 3.494999999999999774e-01 5.600000000000000117e-02
-7.429999999999999938e-01 3.714999999999999969e-01 5.000000000000000278e-02
-7.629999999999999005e-01 3.814999999999999503e-01 5.099999999999999672e-02
-7.099999999999999645e-01 3.549999999999999822e-01 5.299999999999999850e-02
-7.849999999999999201e-01 3.924999999999999600e-01 5.800000000000000294e-02
-6.799999999999999378e-01 3.399999999999999689e-01 4.000000000000000083e-02
-6.669999999999998153e-01 3.334999999999999076e-01 4.700000000000000011e-02
1.997000000000000108e+00 -9.985000000000000542e-01 1.200000000000000025e-02
-7.719999999999999085e-01 3.859999999999999543e-01 6.199999999999999956e-02
2.166999999999999815e+00 -1.083499999999999908e+00 1.899999999999999953e-02
-7.169999999999998597e-01 3.584999999999999298e-01 5.399999999999999939e-02
1.935000000000000275e+00 -9.675000000000001377e-01 1.000000000000000021e-02
1.921999999999999931e+00 -9.609999999999999654e-01 1.899999999999999953e-02
-6.380000000000001226e-01 3.190000000000000613e-01 4.299999999999999656e-02
2.039000000000000590e+00 -1.019500000000000295e+00 1.000000000000000021e-02
-7.389999999999997682e-01 3.694999999999998841e-01 4.800000000000000100e-02
5.540000000000000036e+00 -2.770000000000000018e+00 5.000000000000000104e-03
2.006000000000000671e+00 -1.003000000000000336e+00 1.400000000000000029e-02
2.060000000000000497e+00 -1.030000000000000249e+00 1.700000000000000122e-02
1.861000000000000432e+00 -9.305000000000002158e-01 1.899999999999999953e-02
1.825000000000000400e+00 -9.125000000000001998e-01 2.299999999999999961e-02
6.459000000000000519e+00 -3.229500000000000259e+00 2.000000000000000042e-03
2.003000000000000558e+00 -1.001500000000000279e+00 1.600000000000000033e-02
1.891000000000000458e+00 -9.455000000000002292e-01 1.700000000000000122e-02
-7.950000000000000400e-01 3.975000000000000200e-01 5.000000000000000278e-02
-8.400000000000000799e-01 4.200000000000000400e-01 4.499999999999999833e-02
-7.799999999999998046e-01 3.899999999999999023e-01 6.500000000000000222e-02
-7.760000000000001341e-01 3.880000000000000671e-01 6.400000000000000133e-02
-7.759999999999999121e-01 3.879999999999999560e-01 5.099999999999999672e-02
1.081999999999999851e+00 -5.409999999999999254e-01 1.400000000000000029e-02
-8.279999999999999583e-01 4.139999999999999791e-01 5.199999999999999761e-02
-8.229999999999998428e-01 4.114999999999999214e-01 5.800000000000000294e-02
-8.609999999999998765e-01 4.304999999999999383e-01 5.500000000000000028e-02
-8.059999999999998277e-01 4.029999999999999138e-01 4.499999999999999833e-02
-8.480000000000000870e-01 4.240000000000000435e-01 5.800000000000000294e-02
-7.439999999999999947e-01 3.719999999999999973e-01 6.700000000000000400e-02
-8.200000000000000622e-01 4.100000000000000311e-01 5.500000000000000028e-02
-7.730000000000000204e-01 3.865000000000000102e-01 4.900000000000000189e-02
-8.549999999999998712e-01 4.274999999999999356e-01 4.700000000000000011e-02
-8.220000000000000639e-01 4.110000000000000320e-01 5.899999999999999689e-02
-8.290000000000000702e-01 4.145000000000000351e-01 5.700000000000000205e-02
-7.850000000000000311e-01 3.925000000000000155e-01 6.800000000000000488e-02
-8.039999999999999369e-01 4.019999999999999685e-01 6.199999999999999956e-02
-7.809999999999998055e-01 3.904999999999999027e-01 5.299999999999999850e-02
-8.200000000000000622e-01 4.100000000000000311e-01 6.500000000000000222e-02
-7.870000000000000329e-01 3.935000000000000164e-01 5.000000000000000278e-02
-8.429999999999998606e-01 4.214999999999999303e-01 7.099999999999999367e-02
-8.729999999999999982e-01 4.364999999999999991e-01 6.700000000000000400e-02
-8.070000000000000506e-01 4.035000000000000253e-01 6.500000000000000222e-02
-8.460000000000000853e-01 4.230000000000000426e-01 4.900000000000000189e-02
-8.430000000000000826e-01 4.215000000000000413e-01 5.999999999999999778e-02
-8.339999999999999636e-01 4.169999999999999818e-01 6.400000000000000133e-02
-8.039999999999999369e-01 4.019999999999999685e-01 4.900000000000000189e-02
-8.880000000000001226e-01 4.440000000000000613e-01 5.299999999999999850e-02
-8.490000000000001990e-01 4.245000000000000995e-01 5.500000000000000028e-02
-8.260000000000000675e-01 4.130000000000000338e-01 5.299999999999999850e-02
-8.649999999999999911e-01 4.324999999999999956e-01 5.700000000000000205e-02
-8.920000000000001261e-01 4.460000000000000631e-01 6.199999999999999956e-02
-8.990000000000000213e-01 4.495000000000000107e-01 7.399999999999999634e-02
-8.140000000000000568e-01 4.070000000000000284e-01 5.700000000000000205e-02
