6.320000000000003393e-01 -3.160000000000001696e-01 2.400000000000000050e-02
-5.249999999999998002e-01 2.624999999999999001e-01 2.599999999999999881e-02
4.048999999999995936e+00 -2.024499999999997968e+00 6.000000000000000125e-03
-4.359999999999997211e-01 2.179999999999998606e-01 2.000000000000000042e-02
3.838999999999998636e+00 -1.919499999999999318e+00 5.000000000000000104e-03
-4.399999999999990724e-02 2.199999999999995362e-02 2.199999999999999872e-02
7.870000000000004770e-01 -3.935000000000002385e-01 8.000000000000000167e-03
2.071999999999998288e+00 -1.035999999999999144e+00 6.000000000000000125e-03
5.477999999999997982e+00 -2.738999999999998991e+00 5.000000000000000104e-03
-4.139999999999997571e-01 2.069999999999998785e-01 2.400000000000000050e-02
6.110999999999994436e+00 -3.055499999999997218e+00 3.000000000000000062e-03
5.971999999999991537e+00 -2.985999999999995769e+00 5.000000000000000104e-03
5.159999999999992149e+00 -2.579999999999996074e+00 5.000000000000000104e-03
-5.969999999999998641e-01 2.984999999999999321e-01 2.500000000000000139e-02
5.884999999999996234e+00 -2.942499999999998117e+00 2.000000000000000042e-03
5.773999999999996469e+00 -2.886999999999998234e+00 5.000000000000000104e-03
-4.979999999999999982e-01 2.489999999999999991e-01 2.400000000000000050e-02
4.406999999999996476e+00 -2.203499999999998238e+00 2.000000000000000042e-03
-5.979999999999997540e-01 2.989999999999998770e-01 3.500000000000000333e-02
5.297999999999997378e+00 -2.648999999999998689e+00 2.000000000000000042e-03
1.043199999999998795e+01 -5.215999999999993975e+00 1.000000000000000021e-03
6.012999999999997236e+00 -3.006499999999998618e+00 0.000000000000000000e+00
6.001999999999996227e+00 -3.000999999999998114e+00 0.000000000000000000e+00
5.818999999999990180e+00 -2.909499999999995090e+00 7.000000000000000146e-03
-5.019999999999996687e-01 2.509999999999998344e-01 4.299999999999999656e-02
5.794999999999997264e+00 -2.897499999999998632e+00 5.000000000000000104e-03
6.148999999999997357e+00 -3.074499999999998678e+00 2.000000000000000042e-03
-5.779999999999999583e-01 2.889999999999999791e-01 3.200000000000000067e-02
8.218999999999995865e+00 -4.109499999999997932e+00 0.000000000000000000e+00
6.339000000000002188e+00 -3.169500000000001094e+00 4.000000000000000083e-03
-4.719999999999998641e-01 2.359999999999999321e-01 2.599999999999999881e-02
5.531999999999998252e+00 -2.765999999999999126e+00 1.000000000000000021e-02
-5.320000000000000284e-01 2.660000000000000142e-01 2.900000000000000147e-02
6.141999999999995019e+00 -3.070999999999997510e+00 3.000000000000000062e-03
5.966999999999990756e+00 -2.983499999999995378e+00 2.000000000000000042e-03
-5.959999999999998632e-01 2.979999999999999316e-01 3.500000000000000333e-02
-5.049999999999998934e-01 2.524999999999999467e-01 2.400000000000000050e-02
2.221999999999999531e+00 -1.110999999999999766e+00 6.000000000000000125e-03
4.455999999999997740e+00 -2.227999999999998870e+00 6.000000000000000125e-03
9.070000000000006946e-01 -4.535000000000003473e-01 2.800000000000000058e-02
5.909999999999993925e+00 -2.954999999999996962e+00 5.000000000000000104e-03
-4.809999999999997611e-01 2.404999999999998805e-01 1.400000000000000029e-02
6.504999999999998117e+00 -3.252499999999999059e+00 1.000000000000000021e-03
6.597999999999994536e+00 -3.298999999999997268e+00 5.000000000000000104e-03
-3.399999999999996914e-01 1.699999999999998457e-01 2.299999999999999961e-02
5.600999999999998202e+00 -2.800499999999999101e+00 4.000000000000000083e-03
-6.029999999999999805e-01 3.014999999999999902e-01 3.200000000000000067e-02
5.569999999999994955e+00 -2.784999999999997478e+00 8.999999999999999320e-03
-6.059999999999999831e-01 3.029999999999999916e-01 2.999999999999999889e-02
-4.489999999999997327e-01 2.244999999999998663e-01 2.400000000000000050e-02
-4.689999999999996949e-01 2.344999999999998475e-01 2.599999999999999881e-02
-5.439999999999998170e-01 2.719999999999999085e-01 2.999999999999999889e-02
-4.729999999999997540e-01 2.364999999999998770e-01 2.599999999999999881e-02
-6.010000000000000897e-01 3.005000000000000449e-01 2.500000000000000139e-02
-5.279999999999998028e-01 2.639999999999999014e-01 2.900000000000000147e-02
-5.109999999999997877e-01 2.554999999999998939e-01 3.099999999999999978e-02
6.111999999999999211e+00 -3.055999999999999606e+00 1.000000000000000021e-02
-5.119999999999998996e-01 2.559999999999999498e-01 2.500000000000000139e-02
-5.389999999999999236e-01 2.694999999999999618e-01 1.799999999999999864e-02
-5.079999999999996740e-01 2.539999999999998370e-01 2.800000000000000058e-02
-5.819999999999998508e-01 2.909999999999999254e-01 3.400000000000000244e-02
-5.599999999999999423e-01 2.799999999999999711e-01 2.299999999999999961e-02
-5.269999999999996909e-01 2.634999999999998455e-01 2.999999999999999889e-02
-6.360000000000000098e-01 3.180000000000000049e-01 2.800000000000000058e-02
-5.079999999999997851e-01 2.539999999999998925e-01 2.400000000000000050e-02
-5.009999999999998899e-01 2.504999999999999449e-01 2.699999999999999969e-02
-5.489999999999999325e-01 2.744999999999999662e-01 3.300000000000000155e-02
-4.659999999999997478e-01 2.329999999999998739e-01 2.800000000000000058e-02
5.876999999999996227e+00 -2.938499999999998114e+00 2.000000000000000042e-03
-5.499999999999998224e-01 2.749999999999999112e-01 3.200000000000000067e-02
-4.429999999999996718e-01 2.214999999999998359e-01 3.200000000000000067e-02
-5.749999999999997335e-01 2.874999999999998668e-01 2.800000000000000058e-02
-4.869999999999998774e-01 2.434999999999999387e-01 2.599999999999999881e-02
-5.139999999999997904e-01 2.569999999999998952e-01 2.900000000000000147e-02
-6.169999999999998819e-01 3.084999999999999409e-01 2.699999999999999969e-02
-5.059999999999997833e-01 2.529999999999998916e-01 2.500000000000000139e-02
-4.879999999999998783e-01 2.439999999999999392e-01 2.599999999999999881e-02
-5.990000000000000879e-01 2.995000000000000440e-01 3.300000000000000155e-02
-6.270000000000000018e-01 3.135000000000000009e-01 2.400000000000000050e-02
-6.019999999999998685e-01 3.009999999999999343e-01 2.400000000000000050e-02
-5.139999999999999014e-01 2.569999999999999507e-01 2.699999999999999969e-02
-4.829999999999998739e-01 2.414999999999999369e-01 3.200000000000000067e-02
-4.049999999999996936e-01 2.024999999999998468e-01 2.199999999999999872e-02
-5.109999999999997877e-01 2.554999999999998939e-01 3.500000000000000333e-02
-5.439999999999999281e-01 2.719999999999999640e-01 2.000000000000000042e-02
-5.279999999999996918e-01 2.639999999999998459e-01 3.300000000000000155e-02
-5.289999999999999147e-01 2.644999999999999574e-01 2.299999999999999961e-02
6.044999999999992824e+00 -3.022499999999996412e+00 3.000000000000000062e-03
-5.329999999999999183e-01 2.664999999999999591e-01 2.400000000000000050e-02
-6.450000000000001288e-01 3.225000000000000644e-01 3.200000000000000067e-02
-6.729999999999997096e-01 3.364999999999998548e-01 2.999999999999999889e-02
-6.360000000000000098e-01 3.180000000000000049e-01 2.000000000000000042e-02
-4.529999999999998472e-01 2.264999999999999236e-01 3.899999999999999994e-02
-4.739999999999998659e-01 2.369999999999999329e-01 2.100000000000000130e-02
-5.069999999999997842e-01 2.534999999999998921e-01 2.299999999999999961e-02
-5.389999999999998126e-01 2.694999999999999063e-01 2.100000000000000130e-02
-4.729999999999997540e-01 2.364999999999998770e-01 2.999999999999999889e-02
-4.229999999999997096e-01 2.114999999999998548e-01 2.199999999999999872e-02
-5.099999999999998979e-01 2.549999999999999489e-01 2.100000000000000130e-02
-6.280000000000000027e-01 3.140000000000000013e-01 3.200000000000000067e-02
