4.666000000000002146e+00 -2.333000000000001073e+00 7.000000000000000146e-03
4.549000000000000377e+00 -2.274500000000000188e+00 7.000000000000000146e-03
4.352999999999999758e+00 -2.176499999999999879e+00 8.999999999999999320e-03
4.457000000000001627e+00 -2.228500000000000814e+00 6.000000000000000125e-03
4.446999999999999176e+00 -2.223499999999999588e+00 6.000000000000000125e-03
4.978999999999998316e+00 -2.489499999999999158e+00 7.000000000000000146e-03
4.495000000000002771e+00 -2.247500000000001386e+00 7.000000000000000146e-03
4.605999999999998096e+00 -2.302999999999999048e+00 1.000000000000000021e-02
4.328000000000001180e+00 -2.164000000000000590e+00 4.000000000000000083e-03
4.586999999999999744e+00 -2.293499999999999872e+00 8.000000000000000167e-03
4.632999999999999119e+00 -2.316499999999999559e+00 6.000000000000000125e-03
4.337999999999997414e+00 -2.168999999999998707e+00 8.999999999999999320e-03
5.508999999999996788e+00 -2.754499999999998394e+00 1.000000000000000021e-02
5.052000000000001378e+00 -2.526000000000000689e+00 1.200000000000000025e-02
4.225000000000000533e+00 -2.112500000000000266e+00 1.400000000000000029e-02
4.697999999999998622e+00 -2.348999999999999311e+00 8.999999999999999320e-03
4.661999999999998145e+00 -2.330999999999999073e+00 1.700000000000000122e-02
4.814000000000000945e+00 -2.407000000000000473e+00 1.499999999999999944e-02
4.717999999999999083e+00 -2.358999999999999542e+00 1.200000000000000025e-02
4.809999999999999609e+00 -2.404999999999999805e+00 1.099999999999999936e-02
4.636000000000000121e+00 -2.318000000000000060e+00 1.000000000000000021e-02
4.649000000000000021e+00 -2.324500000000000011e+00 1.400000000000000029e-02
4.548999999999997712e+00 -2.274499999999998856e+00 1.000000000000000021e-02
4.789999999999998259e+00 -2.394999999999999130e+00 8.999999999999999320e-03
4.262999999999999012e+00 -2.131499999999999506e+00 8.999999999999999320e-03
4.706999999999999851e+00 -2.353499999999999925e+00 1.000000000000000021e-02
4.891999999999999460e+00 -2.445999999999999730e+00 8.999999999999999320e-03
4.481000000000002537e+00 -2.240500000000001268e+00 8.000000000000000167e-03
4.913000000000001144e+00 -2.456500000000000572e+00 8.999999999999999320e-03
4.780999999999997030e+00 -2.390499999999998515e+00 6.000000000000000125e-03
4.512999999999999901e+00 -2.256499999999999950e+00 1.000000000000000021e-02
4.514000000000001123e+00 -2.257000000000000561e+00 6.000000000000000125e-03
4.321999999999998288e+00 -2.160999999999999144e+00 1.000000000000000021e-02
6.238999999999998103e+00 -3.119499999999999051e+00 7.000000000000000146e-03
6.296999999999995268e+00 -3.148499999999997634e+00 4.000000000000000083e-03
4.466999999999999638e+00 -2.233499999999999819e+00 7.000000000000000146e-03
4.619999999999999218e+00 -2.309999999999999609e+00 8.999999999999999320e-03
4.502999999999998337e+00 -2.251499999999999169e+00 8.000000000000000167e-03
4.644000000000000128e+00 -2.322000000000000064e+00 1.000000000000000021e-02
7.707999999999996632e+00 -3.853999999999998316e+00 3.000000000000000062e-03
7.059999999999998721e+00 -3.529999999999999361e+00 0.000000000000000000e+00
4.623000000000000220e+00 -2.311500000000000110e+00 8.999999999999999320e-03
1.505800000000000338e+01 -7.529000000000001691e+00 0.000000000000000000e+00
4.741999999999999105e+00 -2.370999999999999552e+00 7.000000000000000146e-03
4.093999999999999417e+00 -2.046999999999999709e+00 5.000000000000000104e-03
2.695999999999999286e+00 -1.347999999999999643e+00 1.200000000000000025e-02
4.321999999999998288e+00 -2.160999999999999144e+00 6.000000000000000125e-03
4.536999999999999922e+00 -2.268499999999999961e+00 1.099999999999999936e-02
1.643199999999999861e+01 -8.215999999999999304e+00 0.000000000000000000e+00
3.012000000000000011e+00 -1.506000000000000005e+00 1.200000000000000025e-02
4.565999999999998948e+00 -2.282999999999999474e+00 1.200000000000000025e-02
4.663000000000000256e+00 -2.331500000000000128e+00 1.299999999999999940e-02
4.682999999999999829e+00 -2.341499999999999915e+00 6.000000000000000125e-03
4.717999999999999972e+00 -2.358999999999999986e+00 7.000000000000000146e-03
4.237999999999999545e+00 -2.118999999999999773e+00 3.599999999999999728e-02
5.861999999999999211e+00 -2.930999999999999606e+00 0.000000000000000000e+00
5.142999999999997129e+00 -2.571499999999998565e+00 8.999999999999999320e-03
4.678000000000000824e+00 -2.339000000000000412e+00 4.000000000000000083e-03
-4.069999999999997509e-01 2.034999999999998754e-01 2.800000000000000058e-02
4.323999999999998956e+00 -2.161999999999999478e+00 3.000000000000000062e-03
4.518000000000001570e+00 -2.259000000000000785e+00 4.000000000000000083e-03
1.963999999999999746e+00 -9.819999999999998730e-01 2.800000000000000058e-02
4.721000000000000973e+00 -2.360500000000000487e+00 6.000000000000000125e-03
7.240000000000003100e-01 -3.620000000000001550e-01 3.000000000000000062e-03
2.938999999999999169e+00 -1.469499999999999584e+00 8.999999999999999320e-03
1.581999999999999629e+00 -7.909999999999998144e-01 2.000000000000000042e-02
4.271999999999998465e+00 -2.135999999999999233e+00 8.000000000000000167e-03
4.483999999999998209e+00 -2.241999999999999105e+00 4.000000000000000083e-03
4.725000000000000533e+00 -2.362500000000000266e+00 8.999999999999999320e-03
8.100000000000003864e-01 -4.050000000000001932e-01 1.700000000000000122e-02
4.491999999999999993e+00 -2.245999999999999996e+00 1.600000000000000033e-02
4.497000000000001663e+00 -2.248500000000000831e+00 2.000000000000000042e-02
4.385000000000000675e+00 -2.192500000000000338e+00 1.299999999999999940e-02
4.596000000000000085e+00 -2.298000000000000043e+00 3.000000000000000062e-03
1.380000000000000671e-01 -6.900000000000003353e-02 1.400000000000000029e-02
-5.749999999999999556e-01 2.874999999999999778e-01 4.200000000000000261e-02
4.620999999999997776e+00 -2.310499999999998888e+00 1.899999999999999953e-02
-3.679999999999997717e-01 1.839999999999998859e-01 3.400000000000000244e-02
-4.209999999999996523e-01 2.104999999999998261e-01 3.599999999999999728e-02
4.939999999999997726e+00 -2.469999999999998863e+00 0.000000000000000000e+00
-4.169999999999998153e-01 2.084999999999999076e-01 4.299999999999999656e-02
-3.549999999999997602e-01 1.774999999999998801e-01 3.400000000000000244e-02
-5.079999999999998961e-01 2.539999999999999480e-01 4.200000000000000261e-02
-4.129999999999997007e-01 2.064999999999998503e-01 5.000000000000000278e-02
-4.239999999999997105e-01 2.119999999999998552e-01 3.899999999999999994e-02
-4.359999999999997211e-01 2.179999999999998606e-01 2.999999999999999889e-02
-4.359999999999996101e-01 2.179999999999998050e-01 4.299999999999999656e-02
-5.109999999999998987e-01 2.554999999999999494e-01 4.000000000000000083e-02
-4.449999999999997291e-01 2.224999999999998646e-01 5.000000000000000278e-02
-4.609999999999998543e-01 2.304999999999999272e-01 3.099999999999999978e-02
4.405999999999999694e+00 -2.202999999999999847e+00 6.000000000000000125e-03
-5.889999999999997460e-01 2.944999999999998730e-01 2.999999999999999889e-02
-4.429999999999999494e-01 2.214999999999999747e-01 3.500000000000000333e-02
-5.119999999999997886e-01 2.559999999999998943e-01 4.299999999999999656e-02
-3.649999999999997691e-01 1.824999999999998845e-01 2.999999999999999889e-02
-3.319999999999996287e-01 1.659999999999998144e-01 3.500000000000000333e-02
-4.469999999999998419e-01 2.234999999999999210e-01 2.800000000000000058e-02
-5.129999999999997895e-01 2.564999999999998948e-01 3.899999999999999994e-02
-4.169999999999996487e-01 2.084999999999998244e-01 3.200000000000000067e-02
-5.039999999999998925e-01 2.519999999999999463e-01 4.599999999999999922e-02
