,iter ,BETA_0,GAMMA_0,energy,best_energy,approx_ratio,best_approx_ratio,fidelity,best_fidelity,variance
0,0,1.9537868907959435,0.6835155254914822,-6.423595838185362,-6.423595838185362,0.5352996531821135,0.5352996531821135,0.002328859204334483,0.002328859204334483,6.552159620611697
1,1,1.2064558582623852,0.8824027728803588,-7.1962716591164275,-7.1962716591164275,0.599689304926369,0.599689304926369,0.01456421000776217,0.01456421000776217,5.2552908954516155
2,2,1.6015428026372562,0.31141970290195387,-7.491358907153301,-7.491358907153301,0.6242799089294417,0.6242799089294417,0.0048801449242390545,0.01456421000776217,2.506001741865063
3,3,0.036889152351817334,3.1134584503317733,-7.530994655071035,-7.530994655071035,0.6275828879225863,0.6275828879225863,0.00405359547148162,0.01456421000776217,3.7249961490961283
4,4,2.5757400780054245,2.3356027345128667,-6.03743779821852,-7.530994655071035,0.50311981651821,0.6275828879225863,0.007503777079704581,0.01456421000776217,6.611279290018807
5,5,1.3611443304193003,2.4639252038114843,-7.395461608885859,-7.530994655071035,0.6162884674071549,0.6275828879225863,0.021365265028016098,0.021365265028016098,4.812676474485826
6,6,2.1137022224123267,1.280946715675639,-8.718669102176081,-8.718669102176081,0.7265557585146735,0.7265557585146735,0.03343888872019992,0.03343888872019992,4.361837706848405
7,7,0.18296830709780965,2.144720964437277,-6.352611349960475,-8.718669102176081,0.5293842791633729,0.7265557585146735,0.0011199440287420162,0.03343888872019992,4.640903700897908
8,8,2.2469041845252233,0.1333855603512235,-6.2356041027021805,-8.718669102176081,0.5196336752251817,0.7265557585146735,0.0004759031137675554,0.03343888872019992,4.013466021420562
9,9,2.3141811501553757,2.8522875189127213,-9.370339148931984,-9.370339148931984,0.780861595744332,0.780861595744332,0.04333720374669914,0.04333720374669914,3.009276058694283
10,10,1.8612399772042298,1.2350026468087991,-7.899236070217293,-9.370339148931984,0.6582696725181078,0.780861595744332,0.024263702615144662,0.04333720374669914,5.470385640211468
11,11,2.8879621365439663,2.663249981194979,-8.924503544568068,-9.370339148931984,0.7437086287140057,0.780861595744332,0.02069713320507966,0.04333720374669914,2.572474949039247
12,12,0.33185978603985555,1.5872843822285696,-7.3554365090090545,-9.370339148931984,0.6129530424174212,0.780861595744332,0.0032636585861774044,0.04333720374669914,3.854184581308054
13,13,1.7326181608445619,2.7327182646233656,-7.610984907799813,-9.370339148931984,0.6342487423166511,0.780861595744332,0.025153833041034336,0.04333720374669914,5.44908890204875
14,14,0.954866072226268,1.0839175756604509,-8.487421943955711,-9.370339148931984,0.7072851619963093,0.780861595744332,0.046489848315761494,0.046489848315761494,4.4885126559811965
15,15,0.7398054545927686,0.08319067739679942,-6.558204037847638,-9.370339148931984,0.5465170031539698,0.780861595744332,0.0009192823557095791,0.046489848315761494,4.087122318967651
16,16,1.389197390563693,3.0335035700786745,-7.592106430903316,-9.370339148931984,0.6326755359086097,0.780861595744332,0.0072845277447062895,0.046489848315761494,4.896176469176794
17,17,0.6094402124151247,1.5753462067552513,-7.447361721392559,-9.370339148931984,0.6206134767827133,0.780861595744332,0.0036527204087453483,0.046489848315761494,3.7813766723067417
18,18,2.0495305677342373,1.7277956727710735,-6.574369479566634,-9.370339148931984,0.5478641232972196,0.780861595744332,0.0009843447775961436,0.046489848315761494,3.617942452214429
19,19,0.7605256941954093,0.5745129810879095,-4.227544290008479,-9.370339148931984,0.3522953575007066,0.780861595744332,0.0003335160440444943,0.046489848315761494,6.0938226202919274
20,20,0.4340541856568927,1.9046315760878265,-4.640485735892756,-9.370339148931984,0.38670714465772965,0.780861595744332,2.4960085159182743e-06,0.046489848315761494,4.311440365928558
21,21,2.642001922104462,1.849387244777514,-4.718329377485167,-9.370339148931984,0.3931941147904306,0.780861595744332,2.588391552080881e-06,0.046489848315761494,4.256409377560967
22,22,2.428142126757575,1.3808523472049465,-9.230711864379893,-9.370339148931984,0.7692259886983245,0.780861595744332,0.026919204334307684,0.046489848315761494,2.5181697488488624
23,23,0.25239184698387773,2.581936119423882,-8.594794310530572,-9.370339148931984,0.716232859210881,0.780861595744332,0.017385494547752334,0.046489848315761494,3.176287315949679
24,24,3.0449997164753917,0.40109042249449334,-6.755238565055955,-9.370339148931984,0.5629365470879962,0.780861595744332,0.0014766482762625256,0.046489848315761494,4.246398559879559
25,25,2.9365495076165558,0.5039023845524635,-6.008163129668897,-9.370339148931984,0.5006802608057414,0.780861595744332,0.0005801921434929185,0.046489848315761494,4.667145234224655
26,26,0.9197080063998653,2.0059046320622365,-4.525387114217609,-9.370339148931984,0.3771155928514674,0.780861595744332,0.0001511757389357066,0.046489848315761494,5.790322349874042
27,27,2.7727760283963643,0.9824554505155383,-8.589694525462871,-9.370339148931984,0.715807877121906,0.780861595744332,0.025002356177638654,0.046489848315761494,3.7902985208611284
28,28,1.493193387961389,0.7774099817320891,-7.46272933507495,-9.370339148931984,0.6218941112562458,0.780861595744332,0.014114038751364973,0.046489848315761494,4.839895004984918
29,29,1.1581258573282143,2.2786992169318685,-6.372353868733203,-9.370339148931984,0.5310294890611003,0.780861595744332,0.0030883616404347603,0.046489848315761494,6.576323160037759
30,30,2.4631307000820373,1.4722197951921365,-8.541071826823373,-9.370339148931984,0.7117559855686144,0.780861595744332,0.01281408269291867,0.046489848315761494,3.0300604360457157
31,31,1.6401009180722723,1.3231726281395972,-7.523538424286627,-9.370339148931984,0.6269615353572189,0.780861595744332,0.014196164021328901,0.046489848315761494,5.888385890208632
32,32,2.267426778402106,2.557838115641807,-7.980335699160428,-9.370339148931984,0.6650279749300357,0.780861595744332,0.03859832330026584,0.046489848315761494,5.190101672813562
33,33,1.7037694285642841,2.7505369081770583,-7.579201283191474,-9.370339148931984,0.6316001069326228,0.780861595744332,0.02405762846533834,0.046489848315761494,5.566213046357824
34,34,3.0474359906635597,2.3356027345128667,-7.3900208817712,-9.370339148931984,0.6158350734809334,0.780861595744332,0.0038420000667262347,0.046489848315761494,3.957488931319702
35,35,1.6200665333717363,3.022117770442647,-7.507543294911216,-9.370339148931984,0.625628607909268,0.780861595744332,0.007265348540337606,0.046489848315761494,5.113337938222685
36,36,2.8670882347191515,1.197424548320426,-9.18954851769645,-9.370339148931984,0.7657957098080375,0.780861595744332,0.02339802428506227,0.046489848315761494,2.02918714095874
37,37,2.5620478980080894,2.201989350188997,-4.692977137718738,-9.370339148931984,0.39108142814322816,0.780861595744332,0.0011692590460994391,0.046489848315761494,6.030021797613568
38,38,1.9418172024348248,1.9580681899226515,-6.246300569895841,-9.370339148931984,0.5205250474913201,0.780861595744332,0.0016426135205837894,0.046489848315761494,5.049655147934153
39,39,1.5508567014847017,1.53416874528552,-7.500422403956511,-9.370339148931984,0.6250352003297093,0.780861595744332,0.0046100445568273,0.046489848315761494,4.192687089788116
40,40,2.345668615093499,1.2350026468087991,-9.47485662294904,-9.47485662294904,0.7895713852457534,0.7895713852457534,0.05183484477108765,0.05183484477108765,2.899092850610984
41,41,2.8879621365439663,2.0338635728852585,-5.579828047393747,-9.47485662294904,0.46498567061614554,0.7895713852457534,0.00024807416919796443,0.05183484477108765,4.693748035757505
42,42,1.3978767382555848,0.5531657130358814,-7.187027395526042,-9.47485662294904,0.5989189496271702,0.7895713852457534,0.00012109216215031397,0.05183484477108765,5.102868016243377
43,43,1.6515539983098597,1.4048328983387242,-7.525855691099605,-9.47485662294904,0.6271546409249671,0.7895713852457534,0.009504954840439617,0.05183484477108765,5.495235157661426
44,44,1.695835396357765,0.9724454272241583,-7.499138369065274,-9.47485662294904,0.6249281974221061,0.7895713852457534,0.029025808830089612,0.05183484477108765,4.679215414978103
45,45,1.9540058988908442,1.1544768572209982,-8.073314015375505,-9.47485662294904,0.6727761679479588,0.7895713852457534,0.031347234780806504,0.05183484477108765,5.000218006530787
46,46,1.389197390563693,1.9646232445667933,-7.1643086391239414,-9.47485662294904,0.5970257199269952,0.7895713852457534,0.0034443348646180493,0.05183484477108765,3.804342374912032
47,47,1.9302361966973192,1.894838681283391,-6.426841569033594,-9.47485662294904,0.5355701307527995,0.7895713852457534,0.0019481625390609404,0.05183484477108765,4.285249098972429
48,48,1.825821958965601,1.7277956727710735,-7.194534481383318,-9.47485662294904,0.5995445401152765,0.7895713852457534,0.0024050560177161957,0.05183484477108765,2.8238310399364295
49,49,2.3845028779590742,1.7446537048906483,-5.582829397207766,-9.47485662294904,0.4652357831006471,0.7895713852457534,9.163014205998827e-05,0.05183484477108765,4.249544230900369
50,50,2.897082200142572,1.119152132533287,-8.957749626572108,-9.47485662294904,0.7464791355476756,0.7895713852457534,0.020339358940539967,0.05183484477108765,2.446596153793422
51,51,2.142473051366087,0.8074222732233963,-6.422628209187119,-9.47485662294904,0.5352190174322599,0.7895713852457534,0.00782588086062284,0.05183484477108765,6.445620553999703
52,52,1.534862167528746,2.7360336572908617,-7.505595302933081,-9.47485662294904,0.6254662752444234,0.7895713852457534,0.02479141790754477,0.05183484477108765,5.554256582520537
53,53,0.25239184698387773,0.9277715927194227,-8.123760043076572,-9.47485662294904,0.6769800035897143,0.7895713852457534,0.012759047929583765,0.05183484477108765,3.868696839562361
54,54,2.756759962504764,1.303528191433356,-9.432119770802133,-9.47485662294904,0.7860099809001778,0.7895713852457534,0.02765177470245304,0.05183484477108765,1.6589733571069303
55,55,1.6650464688994335,0.26065164653266937,-7.4298180139652965,-9.47485662294904,0.6191515011637747,0.7895713852457534,0.004257952779184963,0.05183484477108765,2.3859943251918807
56,56,2.804044274111887,1.8911946093598568,-5.17104211106665,-9.47485662294904,0.4309201759222208,0.7895713852457534,3.927598827095873e-05,0.05183484477108765,4.439586823492945
57,57,2.5308482802127577,0.9824554505155383,-8.417840586119913,-9.47485662294904,0.7014867155099928,0.7895713852457534,0.04165173552904824,0.05183484477108765,4.855426613526717
58,58,0.3895580088288517,0.5681072221264001,-5.028949029203099,-9.47485662294904,0.41907908576692493,0.7895713852457534,0.0004148432141718497,0.05183484477108765,5.234650874482007
59,59,2.7846906017894493,0.5695750725625426,-5.221245561899906,-9.47485662294904,0.4351037968249922,0.7895713852457534,0.0004581904309143199,0.05183484477108765,5.187760892849038
60,60,1.3844765850606078,1.00652476368798,-7.533243339807632,-9.47485662294904,0.6277702783173027,0.7895713852457534,0.027501202386058916,0.05183484477108765,4.76698711196461
61,61,0.5020210161529588,1.0564223540338267,-9.16781145507665,-9.47485662294904,0.7639842879230542,0.7895713852457534,0.044927706262617814,0.05183484477108765,3.2735490472489204
62,62,2.267426778402106,2.8404426909935383,-9.244855441575764,-9.47485662294904,0.7704046201313136,0.7895713852457534,0.043442470495245196,0.05183484477108765,3.3514733149694393
63,63,1.7037694285642841,0.4246188367292527,-7.311990046554829,-9.47485662294904,0.609332503879569,0.7895713852457534,0.0032459115873681547,0.05183484477108765,3.808988702104685
64,64,2.890371134491196,2.6995292377185756,-9.007151395249322,-9.47485662294904,0.7505959496041101,0.7895713852457534,0.021154008725856117,0.05183484477108765,2.3752776410477594
65,65,2.817694135216711,1.6431801519871525,-6.876162788462922,-9.47485662294904,0.5730135657052435,0.7895713852457534,0.0016842259759151015,0.05183484477108765,4.135113209212264
66,66,2.907347679926522,1.2609656898062298,-8.95421991047407,-9.47485662294904,0.7461849925395058,0.7895713852457534,0.01783114380788783,0.05183484477108765,2.2293000388051922
67,67,1.600779682178232,2.144720964437277,-7.490476663598933,-9.47485662294904,0.6242063886332444,0.7895713852457534,2.148067405896006e-06,0.05183484477108765,4.605084405143337
68,68,0.7723453646759431,1.9580681899226515,-4.082293181687951,-9.47485662294904,0.3401910984739959,0.7895713852457534,5.114084394402666e-05,0.05183484477108765,4.815468631452539
69,69,1.8744571804042351,2.7761894838992425,-7.918453528220826,-9.47485662294904,0.6598711273517355,0.7895713852457534,0.026307933375115677,0.05183484477108765,5.358852589771843
70,70,2.3141811501553757,1.4336619933190289,-8.709454028731813,-9.47485662294904,0.725787835727651,0.7895713852457534,0.01713138856815316,0.05183484477108765,3.253531325215647
71,71,2.8879621365439663,0.4128426805251537,-5.551071563676025,-9.47485662294904,0.4625892969730021,0.7895713852457534,0.00018243380282941665,0.05183484477108765,4.6023348364942755
72,72,0.9424518027940307,1.0669578823585355,-8.422496220460484,-9.47485662294904,0.7018746850383737,0.7895713852457534,0.04583673164036401,0.05183484477108765,4.565655987602028
73,73,2.5927953128191197,1.731065723868911,-5.678887346563954,-9.47485662294904,0.4732406122136628,0.7895713852457534,0.00013093289534631187,0.05183484477108765,4.333493674021433
74,74,2.8420352595741445,1.071469991486038,-9.00232898495032,-9.47485662294904,0.7501940820791934,0.7895713852457534,0.02467875353322744,0.05183484477108765,2.6691139326630235
75,75,0.6547563078761697,1.1544768572209982,-9.594726642474326,-9.594726642474326,0.7995605535395272,0.7995605535395272,0.059399100939287346,0.059399100939287346,2.6209424820160905
76,76,0.11005378847847269,2.6435314598433646,-8.192213463229793,-9.594726642474326,0.6826844552691494,0.7995605535395272,0.008856440429192376,0.059399100939287346,3.1741179989215453
77,77,0.5412558879924421,0.8956303649759773,-7.597414468505685,-9.594726642474326,0.6331178723754737,0.7995605535395272,0.02371401837538385,0.059399100939287346,5.759966947919018
78,78,1.825821958965601,2.4826292504364176,-7.388590170540287,-9.594726642474326,0.615715847545024,0.7995605535395272,0.0205264927368453,0.059399100939287346,4.855307557630823
79,79,1.1800462223350123,1.7446537048906483,-6.769022397526625,-9.594726642474326,0.5640851997938854,0.7995605535395272,0.0014436223772008616,0.059399100939287346,3.357713132948618
80,80,2.1888774955231582,1.350309840574503,-8.84068419348535,-9.594726642474326,0.7367236827904459,0.7995605535395272,0.0268798757645377,0.059399100939287346,3.8257231894021686
81,81,2.142473051366087,2.4382578461062874,-6.8861854419721045,-9.594726642474326,0.5738487868310087,0.7995605535395272,0.013535909310914092,0.059399100939287346,5.992901064529072
82,82,0.6936675653009986,1.3808523472049465,-9.253245984917173,-9.594726642474326,0.7711038320764311,0.7995605535395272,0.02697833684335337,0.059399100939287346,2.433878182301001
83,83,2.133146043563086,0.21908741115611852,-5.894225814761665,-9.594726642474326,0.49118548456347205,0.7995605535395272,0.00044239985117261476,0.059399100939287346,4.149857345837383
84,84,2.1343247455860834,1.9805208973165935,-5.0416534916678435,-9.594726642474326,0.4201377909723203,0.7995605535395272,0.000386584560364132,0.059399100939287346,5.789382300769109
85,85,1.036779950363564,1.4640142260998088,-8.14112520290513,-9.594726642474326,0.6784271002420942,0.7995605535395272,0.01071211315874793,0.059399100939287346,4.057917588222921
86,86,1.8216128779438088,1.408862387205538,-7.734918056819895,-9.594726642474326,0.6445765047349913,0.7995605535395272,0.010800237365869735,0.059399100939287346,5.2195358023120875
87,87,1.1883983839011631,2.350942514704653,-6.760621792326169,-9.594726642474326,0.5633851493605141,0.7995605535395272,0.007203058537974912,0.059399100939287346,6.001351135609305
88,88,0.7271660359878334,0.9195375955413937,-7.546586510939513,-9.594726642474326,0.6288822092449594,0.7995605535395272,0.03055703397187428,0.059399100939287346,5.938952400020369
89,89,1.159629105940421,2.2786992169318685,-6.378834838533938,-9.594726642474326,0.5315695698778281,0.7995605535395272,0.0031004765959927105,0.059399100939287346,6.57003461106958
90,90,3.1383655373544155,1.1544768572209982,-7.52406094061243,-9.594726642474326,0.6270050783843691,0.7995605535395272,0.004020424130014898,0.059399100939287346,3.7306598386081404
91,91,0.5049051446689556,1.5473850005982022,-7.757507426349928,-9.594726642474326,0.6464589521958274,0.7995605535395272,0.005315196190008179,0.059399100939287346,3.562522569428509
92,92,0.5408186095855856,1.7642675511413002,-5.350155259679439,-9.594726642474326,0.4458462716399532,0.7995605535395272,4.2073974592491774e-05,0.059399100939287346,4.3260398024502
93,93,0.586057353300958,0.8653017125233441,-7.162959355036282,-9.594726642474326,0.5969132795863569,0.7995605535395272,0.01996834075798308,0.059399100939287346,6.231163122783627
94,94,1.426404844220748,2.6995292377185756,-7.577921076719241,-9.594726642474326,0.6314934230599367,0.7995605535395272,0.02662872694858947,0.059399100939287346,5.296381528635855
95,95,1.5922080785398227,1.5321202466653618,-7.500513208890767,-9.594726642474326,0.6250427674075639,0.7995605535395272,0.004657592460114674,0.059399100939287346,4.2173084878627805
96,96,2.724031163824753,1.197424548320426,-9.653315541627252,-9.653315541627252,0.804442961802271,0.804442961802271,0.03896969329260266,0.059399100939287346,1.6389748287614907
97,97,1.600779682178232,1.3685302265503885,-7.504040912655601,-9.653315541627252,0.6253367427213,0.804442961802271,0.011294378383749167,0.059399100939287346,5.744838633189893
98,98,2.2172539308859536,0.2734305618205919,-5.195245744426155,-9.653315541627252,0.43293714536884625,0.804442961802271,0.0001963146643573466,0.059399100939287346,4.576949538078246
99,99,1.8744571804042351,2.7916689388902345,-7.9278926394101585,-9.653315541627252,0.6606577199508465,0.804442961802271,0.02555451087552192,0.059399100939287346,5.400606118962742
100,100,2.3141811501553757,0.25337344669358575,-5.002852132194106,-9.653315541627252,0.41690434434950885,0.804442961802271,5.594251261478988e-05,0.059399100939287346,4.420662466975063
101,101,2.304393435527377,1.3086780234616424,-9.292536495839853,-9.653315541627252,0.7743780413199878,0.804442961802271,0.03815957047154288,0.059399100939287346,3.0622191884046686
102,102,2.300480289406943,1.1103425586846036,-8.954662928536735,-9.653315541627252,0.7462219107113945,0.804442961802271,0.05671306982641985,0.059399100939287346,3.9506272666526314
103,103,2.412969900127184,1.3813540414068732,-9.20799605475481,-9.653315541627252,0.7673330045629009,0.804442961802271,0.026740468025201643,0.059399100939287346,2.5890082376528625
104,104,1.6688697423398835,0.4273187611474669,-7.396704337695623,-9.653315541627252,0.6163920281413019,0.804442961802271,0.0033785766048273352,0.059399100939287346,3.661881583995971
105,105,2.345668615093499,1.3105555172187493,-9.392580769523947,-9.653315541627252,0.7827150641269957,0.804442961802271,0.038981302859091856,0.059399100939287346,2.7860398615103747
106,106,3.063389791540692,1.8513241838814682,-6.964989935238412,-9.653315541627252,0.5804158279365343,0.804442961802271,0.0019515272509857359,0.059399100939287346,4.116143451249286
107,107,0.25414447655720074,2.7287284448567775,-9.0687367365073,-9.653315541627252,0.7557280613756084,0.804442961802271,0.021636747621190767,0.059399100939287346,2.2380407509837994
108,108,2.3435637999020873,1.6226482747876825,-6.9450101567144475,-9.653315541627252,0.5787508463928707,0.804442961802271,0.0017419577308748987,0.059399100939287346,3.9351470114734113
109,109,2.685544790161881,0.19032998611177288,-5.533797937349872,-9.653315541627252,0.46114982811248934,0.804442961802271,9.086601928519731e-05,0.059399100939287346,4.3687545950920565
110,110,2.897082200142572,0.9069076996188308,-7.986570136794262,-9.653315541627252,0.6655475113995218,0.804442961802271,0.011198833483816286,0.059399100939287346,3.9976901859753227
111,111,2.702367371965229,2.496722109525103,-8.072035636008412,-9.653315541627252,0.6726696363340343,0.804442961802271,0.023462183237224203,0.059399100939287346,4.87320140901538
112,112,1.9823993286037986,2.7287284448567775,-8.160807628263075,-9.653315541627252,0.6800673023552563,0.804442961802271,0.03302655428102078,0.059399100939287346,4.9280010057394605
113,113,0.25239184698387773,2.5309367803217833,-8.320236181153975,-9.653315541627252,0.6933530150961645,0.804442961802271,0.014629780817725715,0.059399100939287346,3.6015967096192156
114,114,2.8115756735042745,1.5974097644563994,-7.26728151236664,-9.653315541627252,0.6056067926972201,0.804442961802271,0.0029129859516108226,0.059399100939287346,3.91332000916605
115,115,1.4264704595947109,0.6434496815518895,-7.305424701596642,-9.653315541627252,0.6087853917997201,0.804442961802271,0.0015455749482385071,0.059399100939287346,5.223401198857438
116,116,3.0407973131661565,0.9470937062410865,-7.896121082377859,-9.653315541627252,0.6580100901981549,0.804442961802271,0.00671509297900268,0.059399100939287346,3.514121647995175
117,117,0.36772221623820434,1.0004129441223224,-8.721468075314698,-9.653315541627252,0.7267890062762249,0.804442961802271,0.026615340972015792,0.059399100939287346,3.5606959556090487
118,118,2.8658414874740634,0.19414377039806685,-6.115928697122572,-9.653315541627252,0.5096607247602144,0.804442961802271,0.0004461023785137854,0.059399100939287346,4.395327772044972
119,119,2.4974860214099195,1.3313799393268404,-9.561499983863413,-9.653315541627252,0.7967916653219511,0.804442961802271,0.03587176515086293,0.059399100939287346,1.9947046117129474
120,120,1.9227560901473306,2.8188534609469356,-8.076756079465138,-9.653315541627252,0.6730630066220948,0.804442961802271,0.026006712254412125,0.059399100939287346,5.295535145788023
121,121,2.1326923711404593,1.0564223540338267,-8.197356431300864,-9.653315541627252,0.6831130359417387,0.804442961802271,0.03909452226676525,0.059399100939287346,4.709645445689091
122,122,0.2661086596079847,2.6310615771351724,-8.85494206394859,-9.653315541627252,0.7379118386623825,0.804442961802271,0.0208490588792899,0.059399100939287346,2.7809882476241086
123,123,0.3470464716254895,2.4108069006938204,-7.382363981091783,-9.653315541627252,0.6151969984243152,0.804442961802271,0.010427212400221233,0.059399100939287346,5.13565727589296
124,124,2.2714972535614586,1.8506493580197898,-4.94464979848568,-9.653315541627252,0.4120541498738067,0.804442961802271,0.00010640263128888701,0.059399100939287346,4.572445972484267
125,125,3.078750198792711,1.9601416124683801,-7.019264436122404,-9.653315541627252,0.5849387030102003,0.804442961802271,0.002124221852188836,0.059399100939287346,4.092763957126465
126,126,0.5594070182017317,1.4900098796013874,-8.376535183514816,-9.653315541627252,0.6980445986262347,0.804442961802271,0.010436724694729182,0.059399100939287346,3.0471322675386148
127,127,0.5791560544863028,2.5510881489899604,-8.444073128110583,-9.653315541627252,0.7036727606758819,0.804442961802271,0.0399044659349075,0.059399100939287346,4.771149044990253
128,128,2.7333210312760197,2.66251912394654,-9.326839947532658,-9.653315541627252,0.7772366622943881,0.804442961802271,0.03770872126686692,0.059399100939287346,2.5312677042148835
129,129,1.6566206828100938,1.0081206498529025,-7.5070576051798765,-9.653315541627252,0.6255881337649897,0.804442961802271,0.030629209783548893,0.059399100939287346,4.758918798882917
130,130,2.727745269737923,1.3856717795375477,-9.099224451527915,-9.653315541627252,0.758268704293993,0.804442961802271,0.02015157545068005,0.059399100939287346,2.095098438232725
131,131,0.39984804661184814,1.1165449061324464,-9.422723541428,-9.653315541627252,0.7852269617856668,0.804442961802271,0.03769193035966607,0.059399100939287346,2.252473954488522
132,132,0.1000703346856473,1.1103425586846036,-8.177141517039301,-9.653315541627252,0.681428459753275,0.804442961802271,0.008549572037254548,0.059399100939287346,3.1621190124320435
133,133,2.306673532407154,1.3813540414068732,-9.018344490867506,-9.653315541627252,0.7515287075722922,0.804442961802271,0.025203210786808025,0.059399100939287346,3.137513115276562
134,134,2.8420352595741445,0.8465687615583016,-7.519570910632899,-9.653315541627252,0.6266309092194082,0.804442961802271,0.009532678306579995,0.059399100939287346,4.765068148019694
135,135,0.590568551146151,1.0636785869005907,-9.159458699305839,-9.653315541627252,0.7632882249421532,0.804442961802271,0.05256075626118189,0.059399100939287346,3.5184437597568206
136,136,2.27506960786237,2.914591815958795,-9.107857634262196,-9.653315541627252,0.7589881361885163,0.804442961802271,0.030913354476918196,0.059399100939287346,3.272420715074702
137,137,3.1130343628960446,1.7462660343374368,-7.361263119318076,-9.653315541627252,0.6134385932765064,0.804442961802271,0.00329573291699772,0.059399100939287346,3.8565838924169995
138,138,0.8058993718481388,1.0210150240128715,-8.410176953163173,-9.653315541627252,0.7008480794302644,0.804442961802271,0.048316692579895765,0.059399100939287346,4.783716446401115
139,139,0.5092491076917582,0.12389649033569095,-6.109080142925822,-9.653315541627252,0.5090900119104852,0.804442961802271,0.00040461270650445395,0.059399100939287346,4.316974204106749
140,140,0.5544429648648903,1.119152132533287,-9.533697589789092,-9.653315541627252,0.794474799149091,0.804442961802271,0.05361542143887953,0.059399100939287346,2.5930040800585203
141,141,2.788777144111905,2.496722109525103,-8.13399225557291,-9.653315541627252,0.6778326879644091,0.804442961802271,0.01830482933794231,0.059399100939287346,4.381793171735836
142,142,0.6021297598003854,2.8405010930064614,-9.77419109104375,-9.77419109104375,0.8145159242536458,0.8145159242536458,0.045574206041939846,0.059399100939287346,1.7274770757857851
143,143,1.7195686147192077,3.0415029343201825,-7.558414914938333,-9.77419109104375,0.6298679095781944,0.8145159242536458,0.006788814818442174,0.059399100939287346,4.8531175134853015
144,144,1.1861342840631282,2.6363775645308634,-7.860582875771066,-9.77419109104375,0.6550485729809222,0.8145159242536458,0.028630040280234657,0.059399100939287346,4.836791140417169
145,145,0.9923111527977588,2.9055411203042496,-8.760593700924426,-9.77419109104375,0.7300494750770355,0.8145159242536458,0.027684647320298243,0.059399100939287346,4.086672874783972
146,146,2.4365790666632052,2.944839193070301,-9.281803348983072,-9.77419109104375,0.773483612415256,0.8145159242536458,0.028187992733183353,0.059399100939287346,2.4464103633426504
147,147,2.4382874890634714,2.968341360713126,-9.134263866107846,-9.77419109104375,0.7611886555089872,0.8145159242536458,0.02401034551189382,0.059399100939287346,2.5686976023072106
148,148,0.7271660359878334,2.6571417502042936,-9.091845261052443,-9.77419109104375,0.7576537717543702,0.8145159242536458,0.058771405168624974,0.059399100939287346,3.7554741080029714
149,149,1.856763505264364,2.7899562092381194,-7.881055455855294,-9.77419109104375,0.6567546213212745,0.8145159242536458,0.024984244021471494,0.059399100939287346,5.444406531144317
150,150,2.1010548635024993,2.8928578603866573,-8.627973963407653,-9.77419109104375,0.7189978302839711,0.8145159242536458,0.027346739649756337,0.059399100939287346,4.396438748707595
151,151,2.0185887025163955,2.9321129437762705,-8.29073763307891,-9.77419109104375,0.6908948027565759,0.8145159242536458,0.01929225159242942,0.059399100939287346,4.762665191051994
152,152,2.267426778402106,2.525793948660873,-7.693899533870051,-9.77419109104375,0.6411582944891709,0.8145159242536458,0.0325702210781362,0.059399100939287346,5.5066359473987845
153,153,1.2491595685010823,2.7505369081770583,-7.942975916244022,-9.77419109104375,0.6619146596870018,0.8145159242536458,0.02796618420099886,0.059399100939287346,5.232953121464426
154,154,0.4867299059283199,2.967357156394303,-9.139526052742822,-9.77419109104375,0.7616271710619018,0.8145159242536458,0.021290326825950893,0.059399100939287346,2.1237721845300825
155,155,1.804416696761573,2.343807488330737,-7.176496741389952,-9.77419109104375,0.5980413951158293,0.8145159242536458,0.010316244960540021,0.059399100939287346,5.376308672591712
156,156,0.643583798847972,2.8901063204208937,-9.611372776041812,-9.77419109104375,0.8009477313368176,0.8145159242536458,0.03809380766585731,0.059399100939287346,1.9530100915316382
157,157,1.5563733390496295,0.050938414281528344,-7.499671453600707,-9.77419109104375,0.6249726211333922,0.8145159242536458,0.003341156135371816,0.059399100939287346,3.166244565609567
158,158,0.265240746138959,2.66251912394654,-8.96575318546389,-9.77419109104375,0.7471460987886576,0.8145159242536458,0.021847798156747623,0.059399100939287346,2.552190437795133
159,159,0.44634227940878013,2.6657099524009995,-9.386348111804306,-9.77419109104375,0.7821956759836922,0.8145159242536458,0.042118291695184,0.059399100939287346,2.5683068283192227
160,160,2.3141811501553757,2.9167139798889785,-9.198747867696506,-9.77419109104375,0.7665623223080421,0.8145159242536458,0.031635883919495456,0.059399100939287346,3.0251371739187647
161,161,1.617244967356799,0.4112460128221975,-7.476960242541575,-9.77419109104375,0.623080020211798,0.8145159242536458,0.00395856719187493,0.059399100939287346,3.3436230363823682
162,162,0.3255652777360796,2.636034018153312,-9.042004811817232,-9.77419109104375,0.7535004009847693,0.8145159242536458,0.027129396402579938,0.059399100939287346,2.729786530095623
163,163,2.607924429338221,2.7975848726440598,-9.810420450534927,-9.810420450534927,0.8175350375445772,0.8175350375445772,0.04744022604228413,0.059399100939287346,1.6119797521082262
164,164,2.955882099811007,1.4455011844977022,-8.130525729769012,-9.810420450534927,0.6775438108140843,0.8175350375445772,0.007849676594165914,0.059399100939287346,3.1652641628991773
165,165,2.345668615093499,2.515745987043822,-7.710898591042678,-9.810420450534927,0.6425748825868899,0.8175350375445772,0.03409702544030847,0.059399100939287346,5.663704475446458
166,166,1.612936950164738,1.829921572958884,-7.485946111070573,-9.810420450534927,0.6238288425892144,0.8175350375445772,0.004456748942797159,0.059399100939287346,2.2727814692421404
167,167,1.2868554966579395,2.8274910877500212,-7.887461346468286,-9.810420450534927,0.6572884455390239,0.8175350375445772,0.022661255956701855,0.059399100939287346,5.526161736761587
168,168,1.379631392478687,2.0717585755130616,-7.110511846141337,-9.810420450534927,0.5925426538451114,0.8175350375445772,0.001016084853631628,0.059399100939287346,4.87633067059943
169,169,0.6296771375270986,1.7446537048906483,-5.493717065965266,-9.810420450534927,0.4578097554971055,0.8175350375445772,6.616725401630431e-05,0.059399100939287346,4.300672861471892
170,170,0.5544429648648903,2.8800929781318088,-9.670122016105278,-9.810420450534927,0.8058435013421065,0.8175350375445772,0.03730035004838314,0.059399100939287346,1.636254886011443
171,171,0.8922653184743248,1.898247137829639,-4.746330779105504,-9.810420450534927,0.39552756492545865,0.8175350375445772,0.00015770223217604306,0.059399100939287346,4.883905291352601
172,172,0.9775101394910698,2.583797370531815,-7.995019309634092,-9.810420450534927,0.6662516091361743,0.8175350375445772,0.03579362583448232,0.059399100939287346,4.9403589622606106
173,173,2.9869779556435665,2.581936119423882,-8.272882247275238,-9.810420450534927,0.6894068539396031,0.8175350375445772,0.010517359163027172,0.059399100939287346,3.2199260386365722
174,174,2.3867468316674834,2.908643977172502,-9.386816140818894,-9.810420450534927,0.7822346784015745,0.8175350375445772,0.03457727148139875,0.059399100939287346,2.568964159745562
175,175,1.0545702485049975,2.870748648564644,-8.610206032835197,-9.810420450534927,0.7175171694029331,0.8175350375445772,0.02955281136379042,0.059399100939287346,4.504707238347933
176,176,0.8410657263006945,3.1007455018732513,-7.894274718157251,-9.810420450534927,0.6578562265131043,0.8175350375445772,0.006540475519562672,0.059399100939287346,3.6227641419158303
177,177,2.455938945775755,2.968341360713126,-9.15129776177784,-9.810420450534927,0.76260814681482,0.8175350375445772,0.024041435777142777,0.059399100939287346,2.5021944331813586
178,178,0.19964602964911893,2.6571417502042936,-8.679728584161952,-9.810420450534927,0.7233107153468293,0.8175350375445772,0.015542729051411203,0.059399100939287346,2.7613928258930684
179,179,1.1628191423898409,2.8885792244863713,-8.231928519626432,-9.810420450534927,0.6859940433022027,0.8175350375445772,0.022454438455704464,0.059399100939287346,5.049075292693701
180,180,2.651365978620282,1.643104079358772,-6.694611982544791,-9.810420450534927,0.5578843318787327,0.8175350375445772,0.0012418958334636456,0.059399100939287346,4.174089804178671
181,181,2.880090177669916,0.9955149301619983,-8.535973725646128,-9.810420450534927,0.711331143803844,0.8175350375445772,0.017275464108782987,0.059399100939287346,3.3197761657236384
182,182,2.3239978911299217,2.830667454709012,-9.416967882739103,-9.810420450534927,0.7847473235615919,0.8175350375445772,0.047323025265549164,0.059399100939287346,2.975927877506564
183,183,2.116253758553333,2.8569975939134453,-8.724103121735924,-9.810420450534927,0.7270085934779936,0.8175350375445772,0.03290439659718664,0.059399100939287346,4.341682037783428
184,184,2.387573697919991,1.5538446276441602,-7.68312912188713,-9.810420450534927,0.6402607601572609,0.8175350375445772,0.004943715675946155,0.059399100939287346,3.66429299758488
185,185,1.205698983794539,1.4659593500484023,-7.834713441000055,-9.810420450534927,0.6528927867500046,0.8175350375445772,0.008586947233843999,0.059399100939287346,4.531960394835728
186,186,2.265574125211741,1.2623882171378709,-9.242938307801158,-9.810420450534927,0.7702448589834298,0.8175350375445772,0.044502533517656775,0.059399100939287346,3.37654445159329
187,187,0.9899043938140801,1.8729129942588967,-5.3268690134431385,-9.810420450534927,0.44390575112026154,0.8175350375445772,0.00039765776496895487,0.059399100939287346,4.784608631677301
188,188,0.743476170882011,2.5406802465552296,-8.054878699637955,-9.810420450534927,0.6712398916364962,0.8175350375445772,0.04055189638943797,0.059399100939287346,5.342790377790678
189,189,1.878951921103005,2.6657099524009995,-7.788943076726262,-9.810420450534927,0.6490785897271886,0.8175350375445772,0.02773792714041834,0.059399100939287346,4.972108201687888
190,190,2.502735024309816,2.690909336770549,-9.459464319884457,-9.810420450534927,0.7882886933237048,0.8175350375445772,0.058875196162205004,0.059399100939287346,2.9368468101109357
191,191,2.6746559370442964,2.7109765071850935,-9.60314627046096,-9.810420450534927,0.80026218920508,0.8175350375445772,0.04562864152348168,0.059399100939287346,2.0979308618106813
192,192,0.40726195058326997,2.636034018153312,-9.18377321610979,-9.810420450534927,0.7653144346758158,0.8175350375445772,0.03601402625055505,0.059399100939287346,2.850428144009186
193,193,0.6021297598003854,1.1438611741504068,-9.61528398412105,-9.810420450534927,0.8012736653434208,0.8175350375445772,0.05717850840363814,0.059399100939287346,2.4906964272380208
194,194,2.936998149198467,2.3788899249505358,-7.395482449730618,-9.810420450534927,0.6162902041442182,0.8175350375445772,0.005647784728643382,0.059399100939287346,4.3707797659810055
195,195,2.148535503216294,1.2350026468087991,-8.839344503826446,-9.810420450534927,0.7366120419855372,0.8175350375445772,0.041125492016908426,0.059399100939287346,4.192440353103024
196,196,2.7131138343666263,2.9042604085175703,-9.417143937893936,-9.810420450534927,0.7847619948244947,0.8175350375445772,0.027249955024547187,0.059399100939287346,1.7074494393153543
197,197,0.25414447655720074,2.9781782843438815,-8.537541923993423,-9.810420450534927,0.7114618269994519,0.8175350375445772,0.011763975418990495,0.059399100939287346,2.7157872791443793
198,198,2.1238999704443935,2.26968050213058,-5.739290493346299,-9.810420450534927,0.47827420777885826,0.8175350375445772,0.0021829182385463067,0.059399100939287346,6.9964061559751585
199,199,1.795545674579073,1.6766065967809651,-7.338358385180459,-9.810420450534927,0.6115298654317048,0.8175350375445772,0.002641230118733155,0.059399100939287346,2.902985542251983
200,200,0.6536879076816886,2.8800929781318088,-9.638586854940762,-9.810420450534927,0.8032155712450635,0.8175350375445772,0.04007950635293623,0.059399100939287346,1.9727640436679934
201,201,2.788777144111905,2.554739897497614,-8.59131967398084,-9.810420450534927,0.71594330616507,0.8175350375445772,0.02381479767510101,0.059399100939287346,3.706677458320243
202,202,0.0831905688002057,2.8108096422252657,-8.084494130588874,-9.810420450534927,0.6737078442157395,0.8175350375445772,0.0075424124860962866,0.059399100939287346,3.2187284293079017
203,203,0.9154849181443515,1.3505560746238618,-8.948776208532315,-9.810420450534927,0.7457313507110263,0.8175350375445772,0.028159473595721924,0.059399100939287346,3.5900550172259784
204,204,0.5692518383943412,2.997522656369651,-8.96296851056014,-9.810420450534927,0.7469140425466784,0.8175350375445772,0.018585755685943853,0.059399100939287346,2.4491585083382006
205,205,2.083037890628338,2.5406674136029253,-7.603810032956775,-9.810420450534927,0.6336508360797313,0.8175350375445772,0.024495452750491736,0.059399100939287346,5.118915860299737
206,206,0.13574396271003608,2.735722673738314,-8.43821160406319,-9.810420450534927,0.7031843003385991,0.8175350375445772,0.011113041479837433,0.059399100939287346,2.876145832466662
207,207,2.231473860710911,0.6180312082727085,-4.859579915346977,-9.810420450534927,0.4049649929455814,0.8175350375445772,0.0005679856313684278,0.059399100939287346,6.913458774605502
208,208,1.7506012725683158,1.6505354354204316,-7.421310044362275,-9.810420450534927,0.6184425036968563,0.8175350375445772,0.002932160600919286,0.059399100939287346,2.997077894492101
209,209,0.609613487460637,1.3947647189871337,-9.211383892840045,-9.810420450534927,0.7676153244033371,0.8175350375445772,0.024106110086584136,0.059399100939287346,2.2512652757733065
210,210,0.850177070688511,2.77180696957785,-9.27341799526451,-9.810420450534927,0.7727848329387091,0.8175350375445772,0.05375314871760169,0.059399100939287346,3.3949242460436864
211,211,0.9578017714527043,2.825338332346396,-8.9719458957204,-9.810420450534927,0.7476621579767001,0.8175350375445772,0.04110505385684457,0.059399100939287346,3.9445046997456075
212,212,2.6851174161985236,2.830667454709012,-9.703622697656673,-9.810420450534927,0.8086352248047227,0.8175350375445772,0.03789952931035124,0.059399100939287346,1.4656905924784667
213,213,0.890710716640116,2.7865422008102048,-9.170391542159086,-9.810420450534927,0.7641992951799238,0.8175350375445772,0.049977324830096856,0.059399100939287346,3.5944060562336233
214,214,2.521327413125563,2.8900163152222036,-9.626653808104146,-9.810420450534927,0.8022211506753455,0.8175350375445772,0.03768339556978096,0.059399100939287346,1.8607021943610533
215,215,1.3169610922008124,1.7992436751933447,-7.068510117577211,-9.810420450534927,0.5890425097981009,0.8175350375445772,0.0026940401311350568,0.059399100939287346,2.9339939112323563
216,216,2.7202893120693794,2.729561294978499,-9.596456685566487,-9.810420450534927,0.7997047237972073,0.8175350375445772,0.040516545196625446,0.059399100939287346,1.8824031522958933
217,217,2.2622939306319894,2.915945580687636,-9.06867114334569,-9.810420450534927,0.7557225952788075,0.8175350375445772,0.03027488845758207,0.059399100939287346,3.3558801228831783
218,218,0.9124300798371653,0.9606593871938053,-7.692841997646572,-9.810420450534927,0.6410701664705477,0.8175350375445772,0.031441015271797323,0.059399100939287346,5.409304704143629
219,219,1.3161524688329473,1.4329783140010768,-7.714816309725016,-9.810420450534927,0.6429013591437513,0.8175350375445772,0.009378340875691784,0.059399100939287346,5.035898321103232
220,220,1.2170218858880695,1.8894444367412073,-6.467995088429544,-9.810420450534927,0.538999590702462,0.8175350375445772,0.002004589560246914,0.059399100939287346,4.1957989512017875
221,221,3.008582347864035,2.97358438692639,-8.097078146423998,-9.810420450534927,0.6747565122019998,0.8175350375445772,0.007582624406856697,0.059399100939287346,3.1971658846290865
222,222,0.40726195058326997,1.2378876184375995,-9.63052360476734,-9.810420450534927,0.8025436337306117,0.8175350375445772,0.03544059483669198,0.059399100939287346,1.5270339434489415
223,223,0.6021297598003854,3.12784853248919,-7.657550859014439,-9.810420450534927,0.6381292382512033,0.8175350375445772,0.004745278905885822,0.059399100939287346,3.649438172325688
224,224,1.529933972410187,1.8839320857901805,-7.484688290587224,-9.810420450534927,0.623724024215602,0.8175350375445772,0.004861068823052065,0.059399100939287346,2.5303149767171504
225,225,2.893163412621165,2.9567803328121043,-8.622844306351535,-9.810420450534927,0.7185703588626279,0.8175350375445772,0.012764091695383306,0.059399100939287346,2.611801005811202
226,226,2.18248267714539,2.416747366219158,-6.678882964748889,-9.810420450534927,0.5565735803957408,0.8175350375445772,0.012067641687578136,0.059399100939287346,6.2694445475249765
227,227,0.5255339821246268,2.3120598941587307,-5.884279902300683,-9.810420450534927,0.49035665852505694,0.8175350375445772,0.0055307271916639235,0.059399100939287346,6.461014398952699
228,228,2.9228887457858663,2.7845576567275407,-8.919442502498605,-9.810420450534927,0.743286875208217,0.8175350375445772,0.01765442634466326,0.059399100939287346,2.3082489321044477
229,229,2.737940137345242,2.9623243408581965,-9.040890531390897,-9.810420450534927,0.7534075442825747,0.8175350375445772,0.019064720732710407,0.059399100939287346,2.16088873830131
230,230,2.8256877921889925,2.8800929781318088,-9.191338608383681,-9.810420450534927,0.7659448840319735,0.8175350375445772,0.02191274712034573,0.059399100939287346,1.9234351753776195
231,231,2.782412336325014,2.7637473104983874,-9.500909767916934,-9.810420450534927,0.7917424806597445,0.8175350375445772,0.032722344531141964,0.059399100939287346,1.7443050027032854
232,232,2.6439499631320365,2.87187092904184,-9.65806471550759,-9.810420450534927,0.8048387262922992,0.8175350375445772,0.035682420812829185,0.059399100939287346,1.5326825284099215
233,233,0.9444596839114591,2.6225252055649175,-8.322522079396812,-9.810420450534927,0.693543506616401,0.8175350375445772,0.0438566084934293,0.059399100939287346,4.66867247382649
234,234,2.2622623469161134,2.9835612562920684,-8.748172744022988,-9.810420450534927,0.7290143953352489,0.8175350375445772,0.01932774120778633,0.059399100939287346,3.435057459992578
235,235,1.0892048891368724,2.7871979298129705,-8.480972199068363,-9.810420450534927,0.7067476832556969,0.8175350375445772,0.03586821451578172,0.059399100939287346,4.720914481448432
236,236,3.008582347864035,2.944839193070301,-8.176819956920767,-9.810420450534927,0.6814016630767306,0.8175350375445772,0.008235398827755116,0.059399100939287346,3.113002116313197
237,237,2.479876906798513,2.8224164846242794,-9.74464496633147,-9.810420450534927,0.8120537471942891,0.8175350375445772,0.05009481516491645,0.059399100939287346,2.025864551277664
238,238,0.7271660359878334,2.7111976546697854,-9.3999191081575,-9.810420450534927,0.7833265923464583,0.8175350375445772,0.06078155341223489,0.06078155341223489,3.134086046456744
239,239,2.8937135207429945,2.91601163078192,-8.79260969632547,-9.810420450534927,0.7327174746937892,0.8175350375445772,0.015016857639347724,0.06078155341223489,2.4044091776204226
240,240,2.717786465617973,2.003809692380917,-4.481362902533135,-9.810420450534927,0.3734469085444279,0.8175350375445772,1.533963597123783e-05,0.06078155341223489,4.528194117779826
241,241,0.5020210161529588,1.7283660827738705,-5.7629242563122975,-9.810420450534927,0.4802436880260248,0.8175350375445772,0.00017250345694256556,0.06078155341223489,4.351254064826492
242,242,2.3170493628434494,2.830667454709012,-9.397563735365614,-9.810420450534927,0.7831303112804678,0.8175350375445772,0.047078065084692915,0.06078155341223489,3.023837224652439
243,243,2.4241795984208467,2.8051847290751066,-9.65706402907928,-9.810420450534927,0.8047553357566066,0.8175350375445772,0.053173043207048944,0.06078155341223489,2.3982151255645334
244,244,1.525730289491805,1.818634367962241,-7.484526635226715,-9.810420450534927,0.6237105529355595,0.8175350375445772,0.004327868653604168,0.06078155341223489,2.245988639839574
245,245,2.5600263358461697,1.9496076529477366,-4.030703024315424,-9.810420450534927,0.33589191869295204,0.8175350375445772,5.835512778262536e-06,0.06078155341223489,4.281601472204574
246,246,1.590773484186763,2.6830630596430685,-7.501380925967658,-9.810420450534927,0.6251150771639715,0.8175350375445772,0.028074110797303233,0.06078155341223489,5.262736617072029
247,247,2.6106191373395946,2.915945580687636,-9.49904506218396,-9.810420450534927,0.79158708851533,0.8175350375445772,0.030555551513816913,0.06078155341223489,1.7611452168697923
248,248,2.5621224555802247,2.66251912394654,-9.362409239312882,-9.810420450534927,0.7802007699427401,0.8175350375445772,0.05421795293967041,0.06078155341223489,3.060594278620428
249,249,2.8222857273043704,2.1985974346260875,-5.767225012318466,-9.810420450534927,0.4806020843598722,0.8175350375445772,0.0011496574917839054,0.06078155341223489,5.298714221080374
250,250,1.3619289428660686,2.7265152596453968,-7.679716689618096,-9.810420450534927,0.639976390801508,0.8175350375445772,0.02578750927079871,0.06078155341223489,5.35885448060894
251,251,2.7216069983977222,2.7109765071850935,-9.541723647541577,-9.810420450534927,0.7951436372951314,0.8175350375445772,0.040420011023542715,0.06078155341223489,2.0391898780829223
252,252,2.758474133500286,2.879204738912265,-9.410496629483491,-9.810420450534927,0.7842080524569576,0.8175350375445772,0.02703864392432106,0.06078155341223489,1.6822537075670994
253,253,2.6887010253593484,2.7345073906247794,-9.657892498715015,-9.810420450534927,0.8048243748929179,0.8175350375445772,0.04392304361199036,0.06078155341223489,1.8633181415492288
254,254,2.4049157274242634,1.071469991486038,-8.966578654270172,-9.810420450534927,0.7472148878558477,0.8175350375445772,0.057305699327104984,0.06078155341223489,3.981087618770374
255,255,0.9895287631363169,2.9417422198120526,-8.663551544058029,-9.810420450534927,0.7219626286715024,0.8175350375445772,0.022542435177940315,0.06078155341223489,4.030802518851345
256,256,1.2091105295613553,2.9042604085175703,-8.076820367489038,-9.810420450534927,0.6730683639574199,0.8175350375445772,0.019218768411590002,0.06078155341223489,5.21529490392453
257,257,1.4298953857091512,2.7287284448567775,-7.583300873816791,-9.810420450534927,0.6319417394847325,0.8175350375445772,0.025270156033033904,0.06078155341223489,5.451282208001906
258,258,0.5468634963111105,2.714864773104659,-9.646956067112926,-9.810420450534927,0.8039130055927438,0.8175350375445772,0.05325539868095979,0.06078155341223489,2.2718315029593725
259,259,2.7094564495999407,2.7807288300874817,-9.690353074400463,-9.810420450534927,0.8075294228667053,0.8175350375445772,0.03982772600173409,0.06078155341223489,1.5766658799861375
260,260,2.525542033295559,2.692014954281723,-9.49466053923677,-9.810420450534927,0.7912217116030642,0.8175350375445772,0.057811742843311135,0.06078155341223489,2.8205483919017666
261,261,2.8870924207311495,2.0711340025419958,-5.640441501672568,-9.810420450534927,0.47003679180604735,0.8175350375445772,0.0003416984256416649,0.06078155341223489,4.773681300798724
262,262,2.697373685114284,2.87187092904184,-9.577915851765846,-9.810420450534927,0.7981596543138205,0.8175350375445772,0.03224772445473685,0.06078155341223489,1.5423450864185781
263,263,2.6187709130854278,2.9137405010107726,-9.50440449788136,-9.810420450534927,0.79203370815678,0.8175350375445772,0.03059537319720685,0.06078155341223489,1.7393423469858789
264,264,2.670787681878741,1.303528191433356,-9.61454944855396,-9.810420450534927,0.8012124540461634,0.8175350375445772,0.03370337905703884,0.06078155341223489,1.5350784756131475
265,265,1.851255640168146,2.9055411203042496,-7.859492444622705,-9.810420450534927,0.6549577037185588,0.8175350375445772,0.016712322936786827,0.06078155341223489,5.49084766455627
266,266,1.6143330765027046,2.944839193070301,-7.508384695249641,-9.810420450534927,0.6256987246041368,0.8175350375445772,0.011018033815552592,0.06078155341223489,5.711434261114022
267,267,1.264863273294397,1.897517522906404,-6.690818586788055,-9.810420450534927,0.5575682155656713,0.8175350375445772,0.0025260367800360615,0.06078155341223489,3.9784403881490817
268,268,2.6317235639914474,2.664866876470443,-9.408559386245049,-9.810420450534927,0.7840466155204208,0.8175350375445772,0.04860528275630479,0.06078155341223489,2.763477801882104
269,269,0.4546104808412308,1.7655621841612592,-5.49755486803634,-9.810420450534927,0.45812957233636165,0.8175350375445772,8.102158848245486e-05,0.06078155341223489,4.367778697534753
270,270,2.6475903895546207,1.651116012424254,-6.602752189319472,-9.810420450534927,0.550229349109956,0.8175350375445772,0.0010630091653930523,0.06078155341223489,4.204997841150082
271,271,2.8073364633844937,1.6641092357868115,-6.679516546947496,-9.810420450534927,0.5566263789122913,0.8175350375445772,0.0012370134302721162,0.06078155341223489,4.21934229159092
272,272,2.715276269519226,2.830667454709012,-9.646108127498561,-9.810420450534927,0.8038423439582134,0.8175350375445772,0.03533679775040301,0.06078155341223489,1.4881933861965422
273,273,1.1622233107455675,1.5815394447136213,-7.452960436266717,-9.810420450534927,0.6210800363555598,0.8175350375445772,0.0035730211190962624,0.06078155341223489,3.6892988495802044
274,274,1.2312501120172314,2.714699324343968,-7.9409246887535705,-9.810420450534927,0.6617437240627976,0.8175350375445772,0.02924135762405097,0.06078155341223489,5.076035029099728
275,275,1.0232124190185714,1.759546661735283,-6.149512401803415,-9.810420450534927,0.5124593668169513,0.8175350375445772,0.0005488614137244441,0.06078155341223489,3.9488268563632047
276,276,2.6885213311005973,2.071563233422358,-4.430836947781417,-9.810420450534927,0.3692364123151181,0.8175350375445772,9.255875063739072e-05,0.06078155341223489,4.850472363230924
277,277,0.39671843726585343,2.808304925278742,-9.604672342842939,-9.810420450534927,0.8003893619035782,0.8175350375445772,0.03443551538277518,0.06078155341223489,1.545616953682753
278,278,0.12040065965205482,2.7493621130994326,-8.345252682850878,-9.810420450534927,0.6954377235709065,0.8175350375445772,0.010030415803828402,0.06078155341223489,2.965175359322231
279,279,0.44634227940878013,1.6628762690831065,-6.5210393555415695,-9.810420450534927,0.5434199462951308,0.8175350375445772,0.0009299427450414973,0.06078155341223489,4.246979933227458
280,280,2.6357540073174324,1.8277567249648259,-4.858568200905627,-9.810420450534927,0.4048806834088023,0.8175350375445772,4.527989379401003e-06,0.06078155341223489,4.275180234186802
281,281,2.51231341028904,1.6666990476467114,-6.370820154268807,-9.810420450534927,0.5309016795224005,0.8175350375445772,0.0006696038772123802,0.06078155341223489,4.2072692439878665
282,282,0.40726195058326997,2.7773594667124137,-9.63667700406618,-9.810420450534927,0.8030564170055151,0.8175350375445772,0.0374246905561057,0.06078155341223489,1.608489037544743
283,283,2.4395669273603464,2.8405010930064614,-9.668068921374804,-9.810420450534927,0.805672410114567,0.8175350375445772,0.04757304467397523,0.06078155341223489,2.212058580496304
284,284,1.1729629229562597,2.82155562668666,-8.22124582417164,-9.810420450534927,0.68510381868097,0.8175350375445772,0.028121307718321553,0.06078155341223489,5.1193499010873325
285,285,2.345668615093499,2.6244541336417475,-8.697121891862858,-9.810420450534927,0.7247601576552382,0.8175350375445772,0.05369705979599609,0.06078155341223489,4.382177198265467
286,286,2.8497503655479557,0.6633669827313384,-6.142823495128851,-9.810420450534927,0.5119019579274042,0.8175350375445772,0.0018091370421305692,0.06078155341223489,5.233751372057405
287,287,2.516813130386792,2.894852934943649,-9.604924031970443,-9.810420450534927,0.8004103359975369,0.8175350375445772,0.03690114366649133,0.06078155341223489,1.8933638294883366
288,288,2.716080317047611,2.8662447969586067,-9.558337083496093,-9.810420450534927,0.7965280902913411,0.8175350375445772,0.031562155165934365,0.06078155341223489,1.5474381018286891
289,289,1.2194773355643407,2.997429269558932,-7.904050308934039,-9.810420450534927,0.6586708590778366,0.8175350375445772,0.011059658480124,0.06078155341223489,4.838077796842057
290,290,0.6723340954767998,2.8365769920058126,-9.717568730098044,-9.810420450534927,0.809797394174837,0.8175350375445772,0.048003343896582236,0.06078155341223489,2.0528858033199953
291,291,2.782412336325014,2.616683290339482,-9.006145767982614,-9.810420450534927,0.7505121473318845,0.8175350375445772,0.029504384565710973,0.06078155341223489,2.98204147647742
292,292,1.4846617123427903,1.873030749854747,-7.434044307622312,-9.810420450534927,0.6195036923018593,0.8175350375445772,0.004623334527329366,0.06078155341223489,2.566340796059258
293,293,2.1580596422273937,1.7026335585078471,-6.448668298529077,-9.810420450534927,0.537389024877423,0.8175350375445772,0.0007216974468636085,0.06078155341223489,3.8372865429875134
294,294,2.670787681878741,1.8435104142141174,-4.839334462164489,-9.810420450534927,0.4032778718470407,0.8175350375445772,5.452159083214347e-06,0.06078155341223489,4.28729578283631
295,295,1.2702029222662699,2.8104684867230336,-7.927628658166136,-9.810420450534927,0.6606357215138446,0.8175350375445772,0.0243613213124656,0.06078155341223489,5.450612192342355
296,296,1.0327249027218164,1.4811708330750992,-8.056543303405544,-9.810420450534927,0.6713786086171286,0.8175350375445772,0.009303142025928041,0.06078155341223489,3.99451506248964
297,297,2.7557803463878825,2.6976213554285025,-9.432955769294466,-9.810420450534927,0.7860796474412055,0.8175350375445772,0.03628969616732778,0.06078155341223489,2.148559180056182
298,298,2.6984976866461667,2.781212314911964,-9.710506078343197,-9.810420450534927,0.8092088398619331,0.8175350375445772,0.04090501109025289,0.06078155341223489,1.5721732038142022
299,299,2.4974860214099195,1.5394770738222854,-7.854397393778982,-9.810420450534927,0.6545331161482485,0.8175350375445772,0.006009470327130492,0.06078155341223489,3.52635236416171
300,300,0.969978928250778,2.768263975844535,-8.86933206726391,-9.810420450534927,0.7391110056053258,0.8175350375445772,0.04618023630252094,0.06078155341223489,4.120868935070774
301,301,0.5020210161529588,2.8069713602610595,-9.787909775814363,-9.810420450534927,0.8156591479845302,0.8175350375445772,0.04407536830397811,0.06078155341223489,1.5221846622564499
302,302,1.190487796280215,2.900872643243135,-8.134845147851157,-9.810420450534927,0.6779037623209297,0.8175350375445772,0.020181115442281752,0.06078155341223489,5.1472910339802525
303,303,2.7877462699079922,2.4459781944847117,-7.690032097013855,-9.810420450534927,0.6408360080844879,0.8175350375445772,0.01360626146285735,0.06078155341223489,4.898242169576797
304,304,2.91742405418605,2.769612923744802,-8.95013783547661,-9.810420450534927,0.7458448196230508,0.8175350375445772,0.018381432641076098,0.06078155341223489,2.2902523765903595
305,305,1.0712420924535386,2.8417138059976423,-8.569802477658266,-9.810420450534927,0.7141502064715222,0.8175350375445772,0.032096231378414185,0.06078155341223489,4.622461581871718
306,306,0.643583798847972,2.7718765308370497,-9.739992154775084,-9.810420450534927,0.8116660128979237,0.8175350375445772,0.056026485125366524,0.06078155341223489,2.1680360430517567
307,307,2.1933491161233354,2.789786926088901,-8.980471378549915,-9.810420450534927,0.7483726148791595,0.8175350375445772,0.04590623807838469,0.06078155341223489,3.946687126011824
308,308,2.5621224555802247,2.782510357294897,-9.804100709980439,-9.810420450534927,0.8170083924983699,0.8175350375445772,0.051983684013254886,0.06078155341223489,1.822662664778548
309,309,2.4141598210973774,2.6657099524009995,-9.147769429602342,-9.810420450534927,0.7623141191335284,0.8175350375445772,0.05941445955437936,0.06078155341223489,3.649742075177855
310,310,2.502735024309816,2.7850615231405893,-9.763638094915303,-9.810420450534927,0.8136365079096085,0.8175350375445772,0.054490717829397906,0.06078155341223489,2.0633637929277455
311,311,2.750190579687218,2.604799507690492,-8.973421111331236,-9.810420450534927,0.7477850926109363,0.8175350375445772,0.03189626746883696,0.06078155341223489,3.2091395760874235
312,312,2.688276077447279,2.844948131186867,-9.67036156186486,-9.810420450534927,0.8058634634887384,0.8175350375445772,0.03608467400651893,0.06078155341223489,1.4747535037070492
313,313,1.2743332513645735,1.5239846612441346,-7.609864198130392,-9.810420450534927,0.6341553498441993,0.8175350375445772,0.005342931213046663,0.06078155341223489,4.16737000121703
314,314,2.8420352595741445,2.906606019730944,-9.033780526122639,-9.810420450534927,0.7528150438435532,0.8175350375445772,0.018825548760638557,0.06078155341223489,2.1127848652530616
315,315,2.345668615093499,2.785861511353181,-9.455169988659758,-9.810420450534927,0.7879308323883132,0.8175350375445772,0.05446372858706254,0.06078155341223489,2.9815726614551465
316,316,2.695405915042717,2.7964769961773737,-9.717604810935862,-9.810420450534927,0.8098004009113219,0.8175350375445772,0.040129398053105766,0.06078155341223489,1.518411965681409
317,317,2.271086428609245,2.829347578194798,-9.26138340954608,-9.810420450534927,0.7717819507955066,0.8175350375445772,0.045358147209858604,0.06078155341223489,3.345460589397149
318,318,2.6447489247759073,2.714864773104659,-9.638921545464832,-9.810420450534927,0.8032434621220693,0.8175350375445772,0.0487082445909938,0.06078155341223489,2.1225579749908405
319,319,2.7094564495999407,1.517801965910704,-8.035234259249396,-9.810420450534927,0.6696028549374496,0.8175350375445772,0.00719627053619044,0.06078155341223489,3.3083327023306026
320,320,2.755292860877346,1.5474720480428228,-7.724292155722213,-9.810420450534927,0.643691012976851,0.8175350375445772,0.005093253904348473,0.06078155341223489,3.5746771344333794
321,321,2.802415043575776,2.7637473104983874,-9.437402293149155,-9.810420450534927,0.786450191095763,0.8175350375445772,0.030493322329560764,0.06078155341223489,1.7960905458894842
322,322,2.6439499631320365,2.7142124966068173,-9.636981696250745,-9.810420450534927,0.8030818080208953,0.8175350375445772,0.04878866271730606,0.06078155341223489,2.1312923134555604
323,323,2.449423111173105,1.5401684300615954,-7.841261954219978,-9.810420450534927,0.6534384961849982,0.8175350375445772,0.0059526623852191145,0.06078155341223489,3.5542167769631234
324,324,2.6543516391579782,2.6291360500728223,-9.182994020680566,-9.810420450534927,0.7652495017233805,0.8175350375445772,0.04372453611606028,0.06078155341223489,3.1900803388688956
325,325,0.9420054613327525,2.9055411203042496,-8.91894509623003,-9.810420450534927,0.7432454246858358,0.8175350375445772,0.02975050719520994,0.06078155341223489,3.764769681542603
326,326,2.6981994780737426,2.944839193070301,-9.22694529011962,-9.810420450534927,0.7689121075099683,0.8175350375445772,0.022815288283300365,0.06078155341223489,1.9617322518408855
327,327,0.9033465450824343,2.777147716405932,-9.113439726108583,-9.810420450534927,0.7594533105090485,0.8175350375445772,0.05015702395851902,0.06078155341223489,3.705111570577941
328,328,2.0012775712419133,1.4666918155453526,-7.943228934349848,-9.810420450534927,0.6619357445291539,0.8175350375445772,0.009243060046150473,0.06078155341223489,4.358381132264192
329,329,0.3074772380462998,1.3313799393268404,-9.08041426265632,-9.810420450534927,0.7567011885546933,0.8175350375445772,0.0196728498881837,0.06078155341223489,2.0564355327999664
330,330,2.7597681737570676,2.7975848726440598,-9.571825135948936,-9.810420450534927,0.7976520946624114,0.8175350375445772,0.033634246568440336,0.06078155341223489,1.5926731001807752
331,331,2.071534624243128,3.0225940712829926,-8.135663789346372,-9.810420450534927,0.677971982445531,0.8175350375445772,0.011340366896852649,0.06078155341223489,4.211963644726708
332,332,0.7277630664991909,2.915087427966623,-9.405586118611994,-9.810420450534927,0.7837988432176662,0.8175350375445772,0.033632423993808655,0.06078155341223489,2.435950541174819
333,333,0.7698224353871514,2.847810789151585,-9.52290406025915,-9.810420450534927,0.7935753383549291,0.8175350375445772,0.045690385412022125,0.06078155341223489,2.624136036460655
334,334,1.0528956316098208,2.774216694070126,-8.589953364149867,-9.810420450534927,0.715829447012489,0.8175350375445772,0.039378452412901416,0.06078155341223489,4.546167025046444
335,335,1.0712420924535386,2.7880645596587,-8.54455434788645,-9.810420450534927,0.7120461956572042,0.8175350375445772,0.03709606014851736,0.06078155341223489,4.634000122726306
336,336,2.649475220033695,2.7718765308370497,-9.768475463981456,-9.810420450534927,0.8140396219984547,0.8175350375445772,0.046223282355780576,0.06078155341223489,1.653808783289037
337,337,2.77320584967854,2.7693726551641773,-9.531822201444548,-9.810420450534927,0.7943185167870457,0.8175350375445772,0.0335548260039193,0.06078155341223489,1.7020189873747995
338,338,2.5621224555802247,2.830826981098695,-9.79531198583256,-9.810420450534927,0.8162759988193801,0.8175350375445772,0.0460589498282703,0.06078155341223489,1.6566642245465317
339,339,1.8427886711589274,1.4577430289617443,-7.7076366335162865,-9.810420450534927,0.6423030527930239,0.8175350375445772,0.008169555754653226,0.06078155341223489,4.799168190443304
340,340,2.0562809045398938,2.7850615231405893,-8.491992259419513,-9.810420450534927,0.7076660216182927,0.8175350375445772,0.036287521313381775,0.06078155341223489,4.701893294978987
341,341,2.3712059702538895,2.7744673667313426,-9.503075132986382,-9.810420450534927,0.7919229277488652,0.8175350375445772,0.05644417150106927,0.06078155341223489,2.878148162688987
342,342,0.9681515797407868,2.844948131186867,-8.931466089784994,-9.810420450534927,0.7442888408154161,0.8175350375445772,0.037807855662731066,0.06078155341223489,3.9881796517934873
343,343,2.1132490879288164,2.709373809756759,-8.511734138653251,-9.810420450534927,0.7093111782211042,0.8175350375445772,0.04294813986298231,0.06078155341223489,4.503387800015631
344,344,2.4552415735760604,2.855812875415496,-9.66603477726195,-9.810420450534927,0.8055028981051625,0.8175350375445772,0.04482123993216205,0.06078155341223489,2.112933719417043
345,345,2.630257682024961,2.091638361003885,-4.253176213261602,-9.810420450534927,0.3544313511051335,0.8175350375445772,0.00014364281681828126,0.06078155341223489,5.000983543651529
346,346,0.7686453014240965,2.800415462873011,-9.541317659096263,-9.810420450534927,0.7951098049246886,0.8175350375445772,0.05328514141297201,0.06078155341223489,2.7400723386849393
347,347,2.7827122648199967,2.8079408003896065,-9.496619368492578,-9.810420450534927,0.7913849473743815,0.8175350375445772,0.030680723230925314,0.06078155341223489,1.6382935532555791
348,348,0.5468634963111105,2.886829892143566,-9.64159543784805,-9.810420450534927,0.8034662864873375,0.8175350375445772,0.03589126191445237,0.06078155341223489,1.6441720737692123
349,349,2.6307664457964055,2.759601491609384,-9.76544295194821,-9.810420450534927,0.8137869126623508,0.8175350375445772,0.048670351045045246,0.06078155341223489,1.7659066018226497
350,350,2.722368902088891,2.854227385217519,-9.579191526590682,-9.810420450534927,0.7982659605492235,0.8175350375445772,0.03238237807874556,0.06078155341223489,1.5263089396713667
351,351,0.8709554419384055,2.7637473104983874,-9.190875581641999,-9.810420450534927,0.7659062984701666,0.8175350375445772,0.05334161404744727,0.06078155341223489,3.5597170804630593
352,352,2.4940995834502413,2.6871695669770066,-9.426595846981485,-9.810420450534927,0.7855496539151238,0.8175350375445772,0.05911548803912484,0.06078155341223489,3.023237953954961
353,353,0.926812136747121,2.783694277679441,-9.045457458837072,-9.810420450534927,0.753788121569756,0.8175350375445772,0.047978309279416285,0.06078155341223489,3.829932753523778
354,354,2.670787681878741,2.8349646117911806,-9.71868901819517,-9.810420450534927,0.8098907515162641,0.8175350375445772,0.03857589621008824,0.06078155341223489,1.464696781443621
355,355,2.6586223958886492,2.6136407414905802,-9.072880791677848,-9.810420450534927,0.7560733993064873,0.8175350375445772,0.04178908551428193,0.06078155341223489,3.4031564662796114
356,356,2.2460417127394114,2.7929248402152425,-9.162994265735742,-9.810420450534927,0.7635828554779786,0.8175350375445772,0.04897216795228684,0.06078155341223489,3.6056383729205805
357,357,2.479876906798513,2.6925306011678876,-9.433230441748034,-9.810420450534927,0.7861025368123361,0.8175350375445772,0.05974745184477413,0.06078155341223489,3.0225161836123533
358,358,2.684806723194174,2.747850467423321,-9.692394319732502,-9.810420450534927,0.8076995266443752,0.8175350375445772,0.04396829493494869,0.06078155341223489,1.7654834738836769
359,359,2.4974860214099195,2.620988754773157,-8.980637683185126,-9.810420450534927,0.7483864735987605,0.8175350375445772,0.05360878390214539,0.06078155341223489,3.937756635187114
360,360,2.411955366115863,2.9576951264810103,-9.17254877725707,-9.810420450534927,0.7643790647714225,0.8175350375445772,0.02574343428968115,0.06078155341223489,2.620780958151613
361,361,0.5020210161529588,2.8756908297759884,-9.649670528367153,-9.810420450534927,0.8041392106972628,0.8175350375445772,0.03538954424634179,0.06078155341223489,1.5474255065674214
362,362,2.638671510794773,2.950416394623216,-9.272323058119959,-9.810420450534927,0.7726935881766632,0.8175350375445772,0.02423293554630159,0.06078155341223489,1.9828907910404325
363,363,1.3234226178846475,2.834471933469595,-7.798356518773333,-9.810420450534927,0.6498630432311111,0.8175350375445772,0.02104789076771295,0.06078155341223489,5.631852813128091
364,364,2.734051919399124,2.8900163152222036,-9.432204590140099,-9.810420450534927,0.7860170491783416,0.8175350375445772,0.02761237410797093,0.06078155341223489,1.6712548852014493
365,365,1.0712420924535386,2.837839047093791,-8.570444163390958,-9.810420450534927,0.7142036802825799,0.8175350375445772,0.03252279999312852,0.06078155341223489,4.624329722034901
366,366,2.5655463604895488,2.9513424606644323,-9.308784239354795,-9.810420450534927,0.7757320199462329,0.8175350375445772,0.02597297987124756,0.06078155341223489,2.070994143657259
367,367,2.549241125584586,2.800865000698293,-9.809240212603788,-9.810420450534927,0.817436684383649,0.8175350375445772,0.050674987748882724,0.06078155341223489,1.7824841995734886
368,368,2.642336009902124,2.763143182160394,-9.763362116942368,-9.810420450534927,0.8136135097451973,0.8175350375445772,0.04742479839246094,0.06078155341223489,1.7188080273028703
369,369,2.6653034514442733,2.6657099524009995,-9.406107614191201,-9.810420450534927,0.7838423011826001,0.8175350375445772,0.045313503290734844,0.06078155341223489,2.64648300315109
370,370,2.502735024309816,2.625256381849368,-9.023062480969543,-9.810420450534927,0.7519218734141285,0.8175350375445772,0.05394615586810003,0.06078155341223489,3.853210870791685
371,371,2.5854909715454344,2.828434600154209,-9.798152747514864,-9.810420450534927,0.816512728959572,0.8175350375445772,0.045177962683166026,0.06078155341223489,1.5898627700640304
372,372,2.5570127400291076,2.906843920878495,-9.56266411197703,-9.810420450534927,0.7968886759980859,0.8175350375445772,0.03381868592126447,0.06078155341223489,1.8146909620934935
373,373,2.6052841269163034,2.785647756973312,-9.807172298944142,-9.810420450534927,0.8172643582453452,0.8175350375445772,0.048798341596320724,0.06078155341223489,1.6709645569147398
374,374,0.49273766414232334,2.7907787053367987,-9.781168298202854,-9.810420450534927,0.8150973581835711,0.8175350375445772,0.04483464557385898,0.06078155341223489,1.5636087586922969
375,375,1.115083693446859,2.820984232053508,-8.41528490784316,-9.810420450534927,0.7012737423202634,0.8175350375445772,0.031507967820216407,0.06078155341223489,4.856101443950536
376,376,0.9574841158642422,2.6511769471225235,-8.460776052939826,-9.810420450534927,0.7050646710783188,0.8175350375445772,0.04594513444938434,0.06078155341223489,4.51364942434067
377,377,2.6760708633655117,2.7630929995357323,-9.728650318073862,-9.810420450534927,0.8107208598394885,0.8175350375445772,0.04420116996703837,0.06078155341223489,1.6731167496485853
378,378,1.0970122780802085,2.809421539823795,-8.472832125535561,-9.810420450534927,0.70606934379463,0.8175350375445772,0.03365037436039584,0.06078155341223489,4.7644913660854655
379,379,2.790667980816146,2.763142600897637,-9.475049602767168,-9.810420450534927,0.789587466897264,0.8175350375445772,0.031818978243336044,0.06078155341223489,1.7666039774208002
380,380,2.563339350515963,2.941364310766717,-9.372957676075252,-9.810420450534927,0.7810798063396044,0.8175350375445772,0.027698292072525253,0.06078155341223489,2.0034658209605283
381,381,2.693841766677457,2.8113884155206876,-9.71254182824722,-9.810420450534927,0.8093784856872683,0.8175350375445772,0.03902931358129418,0.06078155341223489,1.484604545285947
382,382,2.500903876765265,2.8188667315139924,-9.770559629000957,-9.810420450534927,0.8142133024167464,0.8175350375445772,0.050136043270750115,0.06078155341223489,1.9303936306437492
383,383,2.1321165892429548,2.9137405010107726,-8.685906778221854,-9.810420450534927,0.7238255648518211,0.8175350375445772,0.025793364356994822,0.06078155341223489,4.182917467925819
384,384,2.6670945577463003,2.778731511679293,-9.755559054198459,-9.810420450534927,0.8129632545165383,0.8175350375445772,0.044122812075398705,0.06078155341223489,1.596576108261047
385,385,2.5414825452469616,2.906320624390453,-9.563530578126267,-9.810420450534927,0.7969608815105222,0.8175350375445772,0.03430638605275263,0.06078155341223489,1.8560438588720132
386,386,2.4365790666632052,2.7145395309506695,-9.461717935356152,-9.810420450534927,0.7884764946130126,0.8175350375445772,0.06068458915620151,0.06078155341223489,2.9861576852223095
387,387,2.6244867812362127,2.935471672955086,-9.379043589835272,-9.810420450534927,0.781586965819606,0.8175350375445772,0.026974552089716452,0.06078155341223489,1.8762427884788764
388,388,2.464698062081067,2.728167863495509,-9.570382902247918,-9.810420450534927,0.7975319085206598,0.8175350375445772,0.05991495198707748,0.06078155341223489,2.7034925935970335
389,389,0.9921756361709917,2.861030356924159,-8.83595448383113,-9.810420450534927,0.7363295403192609,0.8175350375445772,0.034188007154807534,0.06078155341223489,4.128862847028415
390,390,2.614838470101777,2.849230239256876,-9.748398526915528,-9.810420450534927,0.8123665439096274,0.8175350375445772,0.04060020558482608,0.06078155341223489,1.5217397904498853
391,391,2.805738935419292,2.8602075074859803,-9.323138551047219,-9.810420450534927,0.7769282125872682,0.8175350375445772,0.02497842975846463,0.06078155341223489,1.7744915180182232
392,392,1.0828433688209582,1.1523426640047596,-8.380978962222164,-9.810420450534927,0.6984149135185137,0.8175350375445772,0.038533932177116835,0.06078155341223489,4.679744953171834
393,393,2.65863130470951,2.734094343258417,-9.689561491247721,-9.810420450534927,0.8074634576039768,0.8175350375445772,0.047063771558994064,0.06078155341223489,1.9099140036889395
394,394,2.703818285624969,2.8906062984223473,-9.495372796261556,-9.810420450534927,0.7912810663551296,0.8175350375445772,0.029512109373716046,0.06078155341223489,1.6246564061481195
395,395,2.633359407352897,2.8627819136364954,-9.69772867777986,-9.810420450534927,0.808144056481655,0.8175350375445772,0.03759217310493889,0.06078155341223489,1.5177159981080734
396,396,2.4248871912319556,2.760476742375464,-9.595908313872892,-9.810420450534927,0.7996590261560743,0.8175350375445772,0.05837863076610672,0.06078155341223489,2.6450850623594704
397,397,2.686480363870372,2.800865000698293,-9.731347792927448,-9.810420450534927,0.8109456494106206,0.8175350375445772,0.04061298642156655,0.06078155341223489,1.505613250534111
398,398,2.751009922144563,2.764197604667878,-9.587896005500136,-9.810420450534927,0.798991333791678,0.8175350375445772,0.03619920765304249,0.06078155341223489,1.6847522740191039
399,399,2.4317475439102583,2.6657099524009995,-9.185179339126908,-9.810420450534927,0.7654316115939089,0.8175350375445772,0.05940766662513184,0.06078155341223489,3.575445086237224
400,400,2.529065926591736,2.886852329049036,-9.642357018578561,-9.810420450534927,0.8035297515482135,0.8175350375445772,0.03807260900341872,0.06078155341223489,1.822993042279208
401,401,2.5613748567357018,1.069890190702072,-9.215547789480024,-9.810420450534927,0.767962315790002,0.8175350375445772,0.05251196651220691,0.06078155341223489,3.38224391556615
402,402,2.5861133507442395,2.686246681072773,-9.514407577571296,-9.810420450534927,0.7928672981309414,0.8175350375445772,0.0535880016439441,0.06078155341223489,2.6440512968600416
403,403,2.6052841269163034,2.8089812755707007,-9.809309602406026,-9.810420450534927,0.8174424668671688,0.8175350375445772,0.046384920748221495,0.06078155341223489,1.5801441891729269
404,404,0.49273766414232334,2.741423003168989,-9.716035602637291,-9.810420450534927,0.8096696335531076,0.8175350375445772,0.04781965094245058,0.06078155341223489,1.8665802716972593
405,405,2.6281670629560643,2.8713931443203444,-9.67547735531643,-9.810420450534927,0.8062897796097025,0.8175350375445772,0.0366506017878388,0.06078155341223489,1.5444579201693358
406,406,2.695405915042717,2.7833516762941475,-9.716644547017188,-9.810420450534927,0.809720378918099,0.8175350375445772,0.04107353077461168,0.06078155341223489,1.5633876989501658
407,407,2.6448673085656944,2.783826626495304,-9.782280021968978,-9.810420450534927,0.8151900018307482,0.8175350375445772,0.0457560554836336,0.06078155341223489,1.5991695387926654
408,408,2.6297355079322027,2.9089230642153465,-9.519119518228894,-9.810420450534927,0.7932599598524078,0.8175350375445772,0.030895562064299713,0.06078155341223489,1.7023689029802682
409,409,2.5152295984422084,1.5882285987048606,-7.2972995055794225,-9.810420450534927,0.6081082921316185,0.8175350375445772,0.0029956992101166794,0.06078155341223489,3.8629077998486068
410,410,0.8563704615317644,2.791265593194283,-9.286364844194184,-9.810420450534927,0.7738637370161819,0.8175350375445772,0.051322214014293516,0.06078155341223489,3.3548994682948177
411,411,2.46452272307092,1.651719128090503,-6.554936364792466,-9.810420450534927,0.5462446970660388,0.8175350375445772,0.0009332199008319111,0.06078155341223489,4.132042520381425
412,412,2.808101894580913,2.8485411158272047,-9.34455287658682,-9.810420450534927,0.7787127397155683,0.8175350375445772,0.025626321898953818,0.06078155341223489,1.755333857367134
413,413,2.4725178810293764,2.8807408887829107,-9.620591593867802,-9.810420450534927,0.8017159661556502,0.8175350375445772,0.04013457240269236,0.06078155341223489,2.0462183720165967
414,414,2.616719613488134,2.7372414375402068,-9.72106043528789,-9.810420450534927,0.8100883696073242,0.8175350375445772,0.050931345619912916,0.06078155341223489,1.9795013153621
415,415,2.5476034254861326,2.906320624390453,-9.564523885240588,-9.810420450534927,0.7970436571033823,0.8175350375445772,0.03415721805717043,0.06078155341223489,1.8380718479780143
416,416,2.539442025876774,2.872659866563897,-9.695673703777603,-9.810420450534927,0.8079728086481336,0.8175350375445772,0.040275530170444926,0.06078155341223489,1.750773970303186
417,417,2.517852172078244,2.8224164846242794,-9.78341038568213,-9.810420450534927,0.8152841988068441,0.8175350375445772,0.0490929016356139,0.06078155341223489,1.84320972329715
418,418,2.645228262167411,2.8046738354439684,-9.783550374184108,-9.810420450534927,0.8152958645153423,0.8175350375445772,0.04385374289932387,0.06078155341223489,1.5211052663938887
419,419,2.6876994903781437,2.790029680448769,-9.730836260682516,-9.810420450534927,0.810903021723543,0.8175350375445772,0.04135395574495976,0.06078155341223489,1.5387687812414725
420,420,2.607924429338221,2.7975848726440598,-9.810420450534927,-9.810420450534927,0.8175350375445772,0.8175350375445772,0.04744022604228413,0.06078155341223489,1.6119797521082262
421,421,2.607924439338221,2.7975848726440598,-9.810420446588443,-9.810420450534927,0.8175350372157036,0.8175350375445772,0.0474402253213757,0.06078155341223489,1.6119797283838295
422,422,2.607924429338221,2.7975848826440597,-9.810420451224388,-9.810420451224388,0.8175350376020324,0.8175350376020324,0.047440225010731786,0.06078155341223489,1.6119797136933016
423,423,2.2132760240936697,2.8665309663420873,-9.044102380925466,-9.810420451224388,0.7536751984104555,0.8175350376020324,0.03665439630045576,0.06078155341223489,3.6974503180629057
424,424,2.2132760340936697,2.8665309663420873,-9.044102413457386,-9.810420451224388,0.7536752011214488,0.8175350376020324,0.036654396783567945,0.06078155341223489,3.697450249552105
425,425,2.2132760240936697,2.866530976342087,-9.04410236644419,-9.810420451224388,0.7536751972036825,0.8175350376020324,0.036654394699564774,0.06078155341223489,3.6974503094046156
426,426,2.581649183414351,2.8021752258377672,-9.815988259160013,-9.815988259160013,0.8179990215966678,0.8179990215966678,0.04870257493494341,0.06078155341223489,1.6657770742431381
427,427,2.581649193414351,2.8021752258377672,-9.815988258893398,-9.815988259160013,0.8179990215744498,0.8179990215966678,0.048702574315979796,0.06078155341223489,1.6657770439253454
428,428,2.581649183414351,2.802175235837767,-9.815988258717523,-9.815988259160013,0.8179990215597935,0.8179990215966678,0.04870257379128929,0.06078155341223489,1.6657770374669099
429,429,2.5793371479354468,2.7990533642142896,-9.815894115113938,-9.815988259160013,0.8179911762594948,0.8179990215966678,0.04919881965615831,0.06078155341223489,1.684841165074232
430,430,2.5793371579354467,2.7990533642142896,-9.815894115299184,-9.815988259160013,0.817991176274932,0.8179990215966678,0.04919881903774247,0.06078155341223489,1.6848411338873461
431,431,2.5793371479354468,2.7990533742142896,-9.815894116220313,-9.815988259160013,0.8179911763516928,0.8179990215966678,0.049198818537247904,0.06078155341223489,1.6848411252715039
432,432,2.580863335249955,2.8011141222134097,-9.816022224311574,-9.816022224311574,0.8180018520259645,0.8180018520259645,0.04887212430891183,0.06078155341223489,1.6721281961380328
433,433,2.5808633452499548,2.8011141222134097,-9.816022224198559,-9.816022224311574,0.8180018520165465,0.8180018520259645,0.048872123690102014,0.06078155341223489,1.67212816552221
434,434,2.580863335249955,2.8011141322134097,-9.816022224395303,-9.816022224395303,0.8180018520329418,0.8180018520329418,0.048872123173560586,0.06078155341223489,1.672128158331276
435,435,2.5800236122149944,2.801359292090463,-9.816028067596541,-9.816028067596541,0.8180023389663784,0.8180023389663784,0.04889604522551675,0.06078155341223489,1.6737821167816662
436,436,2.5800236222149944,2.801359292090463,-9.816028067595147,-9.816028067596541,0.8180023389662622,0.8180023389663784,0.0488960446103223,0.06078155341223489,1.673782085970828
437,437,2.5800236122149944,2.801359302090463,-9.816028067597232,-9.816028067597232,0.818002338966436,0.818002338966436,0.04889604408569409,0.06078155341223489,1.6737820791244786
438,438,2.580013320327296,2.8013615990753884,-9.816028068423353,-9.816028068423353,0.8180023390352794,0.8180023390352794,0.048896415393118974,0.06078155341223489,1.6738051400714227
439,439,2.580013330327296,2.8013615990753884,-9.816028068423229,-9.816028068423353,0.8180023390352691,0.8180023390352794,0.04889641477796843,0.06078155341223489,1.6738051092599875
440,440,2.580013320327296,2.8013616090753883,-9.816028068423332,-9.816028068423353,0.8180023390352776,0.8180023390352794,0.04889641425324828,0.06078155341223489,1.6738051024157556
