,iter ,BETA_0,GAMMA_0,energy,best_energy,approx_ratio,best_approx_ratio,fidelity,best_fidelity,variance
0,0,1.864805533188103,2.030188162529122,-6.626887884573379,-6.626887884573379,0.5522406570477816,0.5522406570477816,0.0013867393866643515,0.0013867393866643515,5.2907582898718175
1,1,0.055763970948208064,1.6256305251065137,-7.409107692648371,-7.409107692648371,0.617425641054031,0.617425641054031,0.003497135363900515,0.003497135363900515,3.8206695972097293
2,2,2.1663520133303606,2.6742448519133912,-8.530058591814495,-8.530058591814495,0.7108382159845412,0.7108382159845412,0.04621266724205836,0.04621266724205836,4.442837954921586
3,3,0.2710830156580184,0.3753402109337598,-5.454350365112149,-8.530058591814495,0.4545291970926791,0.7108382159845412,0.00012332451631997098,0.04621266724205836,4.547364987485395
4,4,0.21647524748820723,0.5114451291742323,-5.941113755348725,-8.530058591814495,0.4950928129457271,0.7108382159845412,0.0005466825098206353,0.04621266724205836,4.708514608416067
5,5,2.7673554291831,2.559790085382411,-8.64186718988631,-8.64186718988631,0.7201555991571925,0.7201555991571925,0.02609948389797195,0.04621266724205836,3.730224997587001
6,6,2.6858811891981276,1.4158505305313436,-8.95877674051558,-8.95877674051558,0.7465647283762983,0.7465647283762983,0.01786146082184916,0.04621266724205836,2.3115454185640374
7,7,1.0121669486786695,0.7879005550822905,-6.305874437308522,-8.95877674051558,0.5254895364423768,0.7465647283762983,0.006344844916319521,0.04621266724205836,6.546108830463417
8,8,1.0779047113313518,1.172151721583667,-8.445219443114288,-8.95877674051558,0.7037682869261906,0.7465647283762983,0.03872333203561844,0.04621266724205836,4.661829373139426
9,9,0.5716971907322366,3.108493165450025,-7.87343712421914,-8.95877674051558,0.656119760351595,0.7465647283762983,0.006096972213595256,0.04621266724205836,3.487933781780754
10,10,2.2500379307421707,2.9024845306270692,-9.078199284050458,-9.078199284050458,0.7565166070042048,0.7565166070042048,0.03218512781652229,0.04621266724205836,3.4320122439430207
11,11,0.6663970187831965,1.767650009757542,-5.261863821988848,-9.078199284050458,0.438488651832404,0.7565166070042048,2.4470232757985826e-05,0.04621266724205836,4.288680387348965
12,12,2.4297243999196247,1.8173459511817316,-4.828895012458033,-9.078199284050458,0.4024079177048361,0.7565166070042048,6.001278040602852e-06,0.04621266724205836,4.305227255157519
13,13,1.492793368550941,0.5388149682508014,-7.434038252064454,-9.078199284050458,0.6195031876720378,0.7565166070042048,0.00037240303321231386,0.04621266724205836,4.517523466495348
14,14,1.3172742278503986,0.17059807884518463,-7.172359464922015,-9.078199284050458,0.5976966220768346,0.7565166070042048,0.0024388599686800743,0.04621266724205836,2.8113147077221115
15,15,2.0406126672999476,1.9177713645466379,-5.752290564655185,-9.078199284050458,0.47935754705459876,0.7565166070042048,0.0009794769674329486,0.04621266724205836,5.042278651891195
16,16,2.9875543706428753,2.2772025287661632,-7.016340023855777,-9.078199284050458,0.5846950019879814,0.7565166070042048,0.0028992849251772107,0.04621266724205836,4.3779876958976445
17,17,0.7629794860261024,1.522639200105572,-8.0045170726214,-9.078199284050458,0.6670430893851167,0.7565166070042048,0.007314039703126562,0.04621266724205836,3.5030296024644088
18,18,1.9487299016527828,1.1111191179181845,-7.969008704565312,-9.078199284050458,0.6640840587137761,0.7565166070042048,0.030466176808125287,0.04621266724205836,4.913898154872641
19,19,1.436859381565789,2.4882504483472387,-7.468878302164985,-9.078199284050458,0.6224065251804154,0.7565166070042048,0.026300817826667464,0.04621266724205836,4.657026276311086
20,20,3.136944151171924,0.8476905155598357,-7.508469511441379,-9.078199284050458,0.6257057926201149,0.7565166070042048,0.003947189893707565,0.04621266724205836,3.743505149987385
21,21,2.5593642379431634,0.7312677443566107,-5.63100931913413,-9.078199284050458,0.46925077659451087,0.7565166070042048,0.005063341256036644,0.04621266724205836,6.613856917704865
22,22,2.3496120185673646,1.34096966150076,-9.29926644518491,-9.29926644518491,0.7749388704320759,0.7749388704320759,0.03336143992416677,0.04621266724205836,2.796989711817787
23,23,0.9422966386318357,0.22629400356972762,-5.5910631777001925,-9.29926644518491,0.46592193147501604,0.7749388704320759,0.00023612820830100107,0.04621266724205836,4.296813430743228
24,24,1.2531512976484342,2.401119560991111,-7.100273051475652,-9.29926644518491,0.5916894209563043,0.7749388704320759,0.012259236173945413,0.04621266724205836,5.407395723486218
25,25,0.4984480760103107,0.0855199412007801,-6.5414951356318864,-9.29926644518491,0.5451245946359905,0.7749388704320759,0.0009543786870908031,0.04621266724205836,4.223018922219907
26,26,1.7183767367188774,2.7241959134007505,-7.5898985892936945,-9.29926644518491,0.6324915491078079,0.7749388704320759,0.02551035558486177,0.04621266724205836,5.421666502110732
27,27,0.3511806499597845,3.0054895097927874,-8.6328647857881,-9.29926644518491,0.7194053988156749,0.7749388704320759,0.012963241778160495,0.04621266724205836,2.635399990960991
28,28,2.838064324379369,1.0486584148587483,-8.908990860452256,-9.29926644518491,0.7424159050376881,0.7749388704320759,0.02397770384422364,0.04621266724205836,2.8788099155197813
29,29,1.6146682320478154,2.1363880600843403,-7.479466394100471,-9.29926644518491,0.6232888661750392,0.7749388704320759,3.428815830299313e-05,0.04621266724205836,4.58428233963506
30,30,1.53852386446506,1.0331491305023794,-7.501699510568567,-9.29926644518491,0.625141625880714,0.7749388704320759,0.031197298792269026,0.04621266724205836,4.854517947395053
31,31,0.5995591120910655,0.6205338693749095,-4.567035266057507,-9.29926644518491,0.38058627217145896,0.7749388704320759,0.0009711946077203405,0.04621266724205836,5.984865097752493
32,32,2.1663520133303606,0.6114359361905282,-5.103994719497568,-9.29926644518491,0.425332893291464,0.7749388704320759,0.0004342678334001923,0.04621266724205836,7.0404187682004995
33,33,1.1201840997282582,1.0161482196224259,-7.781806645639504,-9.29926644518491,0.6484838871366253,0.7749388704320759,0.027177203344884365,0.04621266724205836,4.864991225298532
34,34,0.46943647381664433,1.3652875647907114,-9.320854747366745,-9.320854747366745,0.7767378956138954,0.7767378956138954,0.025082986637014474,0.04621266724205836,1.8751373535293538
35,35,0.5950637153115692,2.559790085382411,-8.506752555687006,-9.320854747366745,0.7088960463072506,0.7767378956138954,0.04215389721302653,0.04621266724205836,4.698838497964019
36,36,0.647306679203901,2.3769400361458555,-6.352477717809891,-9.320854747366745,0.5293731431508243,0.7767378956138954,0.012047232621480435,0.04621266724205836,6.734638786733058
37,37,1.942350767752515,1.3345588615377992,-8.104359647945147,-9.320854747366745,0.6753633039954289,0.7767378956138954,0.019449408762913973,0.04621266724205836,5.173249393710492
38,38,0.62631285862031,0.7852151524297498,-6.144681151207668,-9.320854747366745,0.512056762600639,0.7767378956138954,0.009649994240243435,0.04621266724205836,6.748738783035108
39,39,1.2340064646355773,1.0260815524013818,-7.675902093476046,-9.320854747366745,0.6396585077896705,0.7767378956138954,0.025229888596856515,0.04621266724205836,4.822489924141841
40,40,0.7604953682356731,1.290168499146569,-9.52148980044951,-9.52148980044951,0.7934574833707925,0.7934574833707925,0.043487329700542844,0.04621266724205836,2.553676259830411
41,41,2.0242049250064924,0.47654605023341756,-5.660161549757272,-9.52148980044951,0.47168012914643936,0.7934574833707925,0.00041996388957020274,0.04621266724205836,6.32539582214131
42,42,1.486506564737131,0.8908956671308339,-7.481321502931792,-9.52148980044951,0.6234434585776493,0.7934574833707925,0.026092627759532902,0.04621266724205836,4.625114887445754
43,43,1.2894986047835366,1.2131301097160851,-7.866243663341788,-9.52148980044951,0.6555203052784823,0.7934574833707925,0.025127661505072885,0.04621266724205836,5.439602569102085
44,44,1.9188357329589192,1.1671422687471118,-7.997423524755733,-9.52148980044951,0.666451960396311,0.7934574833707925,0.029414700368967144,0.04621266724205836,5.126277822527719
45,45,2.0406126672999476,1.7181134269703267,-6.655821873187852,-9.52148980044951,0.5546518227656544,0.7934574833707925,0.0010843162798890426,0.04621266724205836,3.5634638251104676
46,46,1.4076440652483233,0.826221657204794,-7.378642912299288,-9.52148980044951,0.614886909358274,0.7934574833707925,0.017570869672908017,0.04621266724205836,4.9058134699492015
47,47,0.0403816070130103,0.8817844874511761,-7.604274662498837,-9.52148980044951,0.6336895552082364,0.7934574833707925,0.00450388568333583,0.04621266724205836,3.6855988853160326
48,48,1.9487299016527828,1.138531895538113,-8.02880512615707,-9.52148980044951,0.6690670938464226,0.7934574833707925,0.03101411274562917,0.04621266724205836,4.975497974541227
49,49,1.2709901877217809,1.5270098035698163,-7.60525179774464,-9.52148980044951,0.6337709831453867,0.7934574833707925,0.005243268427108427,0.04621266724205836,4.13674948556023
50,50,2.7278454776308623,1.1332512741602998,-9.508296756799503,-9.52148980044951,0.7923580630666253,0.7934574833707925,0.03963852853952597,0.04621266724205836,2.0992578769445203
51,51,1.9632754868119295,1.4724572865496295,-7.859949258455242,-9.52148980044951,0.6549957715379369,0.7934574833707925,0.008456267045181402,0.04621266724205836,4.420494006715842
52,52,0.1630971355247819,2.030188162529122,-6.2589244398081085,-9.52148980044951,0.5215770366506757,0.7934574833707925,0.00074372410868888,0.04621266724205836,4.505975751991585
53,53,1.4356103875586064,1.6863152539876363,-7.434210322494098,-9.52148980044951,0.6195175268745082,0.7934574833707925,0.0029841707420451597,0.04621266724205836,2.679830576325898
54,54,1.947310033683185,1.154278134957489,-8.05451313871836,-9.52148980044951,0.67120942822653,0.7934574833707925,0.030981919702444675,0.04621266724205836,5.017320334999766
55,55,0.9243406370437883,2.427116565997366,-6.748596160858197,-9.52148980044951,0.5623830134048498,0.7934574833707925,0.014205511340616666,0.04621266724205836,6.277095019508764
56,56,0.7272540533628743,1.0617902620452362,-8.914788313292963,-9.52148980044951,0.7428990261077469,0.7934574833707925,0.05629212823078945,0.05629212823078945,4.074710643490235
57,57,0.12156678155412703,0.6571890508423449,-6.978966851125018,-9.52148980044951,0.5815805709270848,0.7934574833707925,0.0024115720609674935,0.05629212823078945,4.275210687546675
58,58,2.561284361233778,1.2523469695619032,-9.803898026797517,-9.803898026797517,0.8169915022331264,0.8169915022331264,0.047182933423360454,0.05629212823078945,1.6718997652842233
59,59,2.5345614329283395,2.1363880600843403,-4.19845395410168,-9.803898026797517,0.3498711628418067,0.8169915022331264,0.00035384544487942126,0.05629212823078945,5.5138725576462555
60,60,2.561284361233778,0.3739525433582995,-4.0486405274919095,-9.803898026797517,0.3373867106243258,0.8169915022331264,5.085040982484373e-06,0.05629212823078945,4.269440899421525
61,61,0.055763970948208064,0.3596535277626174,-7.0788547909426685,-9.803898026797517,0.589904565911889,0.8169915022331264,0.002294219993793978,0.05629212823078945,4.052814842650712
62,62,2.1663520133303606,1.3599618709220371,-8.742485913062241,-9.803898026797517,0.7285404927551867,0.8169915022331264,0.02461018425784288,0.05629212823078945,3.9576215927111917
63,63,0.9033377407249428,1.2361963920347994,-9.150530730148617,-9.803898026797517,0.7625442275123847,0.8169915022331264,0.046793637446635235,0.05629212823078945,3.6189115443173847
64,64,0.9905049733358705,1.110556524225825,-8.517992723794226,-9.803898026797517,0.7098327269828522,0.8169915022331264,0.04528844852572207,0.05629212823078945,4.457460333468475
65,65,2.36335797141783,1.0664910922141262,-8.83501709179616,-9.803898026797517,0.7362514243163467,0.8169915022331264,0.05590471829955138,0.05629212823078945,4.18161367979117
66,66,3.114788730331499,1.4158505305313436,-7.616271340635042,-9.803898026797517,0.6346892783862536,0.8169915022331264,0.0044808216418808665,0.05629212823078945,3.653937199116406
67,67,0.14679081637287816,1.6972609888610422,-6.971953589844817,-9.803898026797517,0.580996132487068,0.8169915022331264,0.0019557599328623916,0.05629212823078945,4.1039400993134905
68,68,1.0779047113313518,1.0143545030871453,-7.834368101583922,-9.803898026797517,0.6528640084653269,0.8169915022331264,0.02913414788349431,0.05629212823078945,4.8909801708061735
69,69,1.8202760062668608,1.3898364855670673,-7.750353536338308,-9.803898026797517,0.645862794694859,0.8169915022331264,0.01202837138585827,0.05629212823078945,5.34170552121703
70,70,2.8361301942181507,0.37653622025856337,-5.221928911849681,-9.803898026797517,0.4351607426541401,0.8169915022331264,6.437411748982481e-05,0.05629212823078945,4.530111435681725
71,71,1.7651667036650063,1.572275920311889,-7.498373352964235,-9.803898026797517,0.6248644460803529,0.8169915022331264,0.0038770131299431993,0.05629212823078945,3.7345494568556603
72,72,3.020322963498296,0.8908956671308339,-7.7834423498397864,-9.803898026797517,0.6486201958199822,0.8169915022331264,0.006316871567498878,0.05629212823078945,3.6934611270288613
73,73,2.150232840950668,0.29287800772531103,-5.381493251519517,-9.803898026797517,0.44845777095995976,0.8169915022331264,0.00039728979090685926,0.05629212823078945,4.707165017406492
74,74,1.9188357329589192,1.5005323778538169,-7.715367853733643,-9.803898026797517,0.6429473211444703,0.8169915022331264,0.006559587932282881,0.05629212823078945,4.302379869766213
75,75,1.4956041641285716,1.4222964124405828,-7.5207374899027055,-9.803898026797517,0.6267281241585588,0.8169915022331264,0.008617530836261206,0.05629212823078945,5.363145063304522
76,76,2.2674610014107692,0.41809084532669116,-4.3434609272154425,-9.803898026797517,0.36195507726795356,0.8169915022331264,0.00011721408746616168,0.05629212823078945,5.46542264218796
77,77,1.908337660495895,1.3034968490322152,-8.028438078859846,-9.803898026797517,0.6690365065716538,0.8169915022331264,0.021037534869230528,0.05629212823078945,5.35788752571743
78,78,2.924804539476208,1.4210414815337975,-8.344448162580433,-9.803898026797517,0.695370680215036,0.8169915022331264,0.00974046344949273,0.05629212823078945,2.9338957609663368
79,79,2.1576040139311656,1.331626643391791,-8.794632445461506,-9.803898026797517,0.7328860371217921,0.8169915022331264,0.028500068680492856,0.05629212823078945,4.037329765096601
80,80,2.1245712577260485,1.1332512741602998,-8.52863406847983,-9.803898026797517,0.7107195057066525,0.8169915022331264,0.043823578442670576,0.05629212823078945,4.47505193116487
81,81,1.9632754868119295,1.1742012516259888,-8.133125880195829,-9.803898026797517,0.6777604900163191,0.8169915022331264,0.031656198094294256,0.05629212823078945,5.017967708553741
82,82,2.668040630057701,0.9027363911778585,-7.790393319017221,-9.803898026797517,0.6491994432514351,0.8169915022331264,0.022083774851714952,0.05629212823078945,5.345034860597934
83,83,1.4356103875586064,1.1963281445539593,-7.5850250805544,-9.803898026797517,0.6320854233795333,0.8169915022331264,0.02310153858293392,0.05629212823078945,5.638488992738793
84,84,1.3659741455323136,0.2370439008845937,-7.203631743103113,-9.803898026797517,0.6003026452585928,0.8169915022331264,0.003205270082383525,0.05629212823078945,2.7308271088487075
85,85,0.9243406370437883,1.322959460626606,-9.00382687528423,-9.803898026797517,0.7503189062736858,0.8169915022331264,0.03238804702871467,0.05629212823078945,3.6530270525591533
86,86,1.265605973991538,1.4193730405400484,-7.82386872001321,-9.803898026797517,0.6519890600011008,0.8169915022331264,0.010874085632495064,0.05629212823078945,5.015537179163921
87,87,2.118571622963154,1.358560330081906,-8.602259240354293,-9.803898026797517,0.716854936696191,0.8169915022331264,0.023108595825611748,0.05629212823078945,4.240767077079568
88,88,2.3742172702346918,0.06848026694264653,-6.742444666820738,-9.803898026797517,0.5618703889017281,0.8169915022331264,0.0012603246463568528,0.05629212823078945,4.016212875877194
89,89,2.929285733461835,1.258139770076877,-8.846224112472221,-9.803898026797517,0.7371853427060184,0.8169915022331264,0.016106095889036397,0.05629212823078945,2.3610118630810035
90,90,2.7433877159944355,1.500084235246326,-8.174392535004372,-9.803898026797517,0.681199377917031,0.8169915022331264,0.008301128489289242,0.05629212823078945,3.1628708769897003
91,91,3.140145453656676,1.3439023251577789,-7.5085506645920495,-9.803898026797517,0.6257125553826708,0.8169915022331264,0.003946489385943202,0.05629212823078945,3.7431434181994447
92,92,0.876216832434236,2.2654853898675174,-5.258288313768756,-9.803898026797517,0.43819069281406303,0.8169915022331264,0.0023242512629388585,0.05629212823078945,6.99173777580226
93,93,2.852445690747375,1.4267126774241663,-8.534446158505324,-9.803898026797517,0.7112038465421103,0.8169915022331264,0.011746861253876702,0.05629212823078945,2.728979363316583
94,94,2.9176153178825217,1.4899888861373574,-7.995726986944514,-9.803898026797517,0.6663105822453762,0.8169915022331264,0.006828660974528696,0.05629212823078945,3.3083309451485903
95,95,2.8068460728468194,1.244093281574409,-9.408409345528407,-9.803898026797517,0.7840341121273672,0.8169915022331264,0.02787372873048996,0.05629212823078945,1.716553889817547
96,96,2.7832480177715446,0.946872349545459,-8.306470560896543,-9.803898026797517,0.6922058800747118,0.8169915022331264,0.020700573115618716,0.05629212823078945,4.173682978557693
97,97,1.6054516386114963,1.2190518318590897,-7.50586739524074,-9.803898026797517,0.625488949603395,0.8169915022331264,0.021108796435152993,0.05629212823078945,5.799905189669133
98,98,1.0779047113313518,0.8935370350704553,-7.125541734881152,-9.803898026797517,0.5937951445734293,0.8169915022331264,0.014790975326101784,0.05629212823078945,5.564488273548733
99,99,1.9587141127097496,3.108493165450025,-7.627918499357671,-9.803898026797517,0.6356598749464726,0.8169915022331264,0.0050829994229255274,0.05629212823078945,3.9715357649913656
100,100,1.166753305464953,1.202534399407759,-8.207007755047911,-9.803898026797517,0.6839173129206593,0.8169915022331264,0.031451992788246744,0.05629212823078945,5.033359489464644
101,101,1.6605197460303731,1.572275920311889,-7.499644640193234,-9.803898026797517,0.6249703866827695,0.8169915022331264,0.003881952180454831,0.05629212823078945,3.7327573828996066
102,102,3.020322963498296,1.1043514659030191,-8.299564507241552,-9.803898026797517,0.6916303756034626,0.8169915022331264,0.009840737869075529,0.05629212823078945,3.0543997915856522
103,103,2.3704692687460973,1.5534195497213295,-7.684884556618892,-9.803898026797517,0.6404070463849076,0.8169915022331264,0.004962506222132958,0.05629212823078945,3.6683829217637154
104,104,2.2352896701323415,1.4252840332447112,-8.61785273627675,-9.803898026797517,0.7181543946897292,0.8169915022331264,0.01706967812476153,0.05629212823078945,3.579748478729144
105,105,0.21742779439329718,1.7767231323448833,-6.325578892315538,-9.803898026797517,0.5271315743596282,0.8169915022331264,0.0006837964441660215,0.05629212823078945,4.362944614511228
106,106,1.345821892133413,1.5452674097818244,-7.536349621298541,-9.803898026797517,0.6280291351082118,0.8169915022331264,0.004518338619047199,0.05629212823078945,4.009198841953989
107,107,1.6003586856522767,1.4687098284477473,-7.502385526550951,-9.803898026797517,0.6251987938792459,0.8169915022331264,0.006564522651380732,0.05629212823078945,4.94213711717201
108,108,2.1371458573042936,1.4210414815337975,-8.420254742689256,-9.803898026797517,0.7016878952241047,0.8169915022331264,0.01566075257571612,0.05629212823078945,4.0349711797560985
109,109,2.6986654167978754,1.4343974141524265,-8.796334540991715,-9.803898026797517,0.7330278784159763,0.8169915022331264,0.01531702820920115,0.05629212823078945,2.497328179596238
110,110,2.5737202906653502,1.6100180031385602,-7.044483922664858,-9.803898026797517,0.5870403268887382,0.8169915022331264,0.0021125906782765574,0.05629212823078945,4.002534761929546
111,111,2.7149974886058086,1.3241466358652287,-9.454529454573514,-9.803898026797517,0.7878774545477928,0.8169915022331264,0.02827561809738491,0.05629212823078945,1.6610254042955575
112,112,1.373122172549762,1.1494789999278916,-7.657825978031419,-9.803898026797517,0.6381521648359516,0.8169915022331264,0.02590627680709464,0.05629212823078945,5.34459361663864
113,113,3.1008952603141395,0.1626857638738699,-7.314441989870012,-9.803898026797517,0.6095368324891677,0.8169915022331264,0.003106765071459974,0.05629212823078945,3.8904789305080243
114,114,1.9339139093970341,1.0557013401216784,-7.79433887373166,-9.803898026797517,0.6495282394776384,0.8169915022331264,0.027373218141196396,0.05629212823078945,4.840916510855521
115,115,1.6068876428832581,1.4064812833262232,-7.505149431399069,-9.803898026797517,0.6254291192832557,0.8169915022331264,0.009279779077142888,0.05629212823078945,5.5054071166171425
116,116,1.0006216663169942,1.4287952265862185,-8.39231212813401,-9.803898026797517,0.6993593440111675,0.8169915022331264,0.014845866422066468,0.05629212823078945,4.003999595680099
117,117,2.7106559963977475,1.2063362633681078,-9.686341255168475,-9.803898026797517,0.807195104597373,0.8169915022331264,0.039915902191816593,0.05629212823078945,1.5919741822256555
118,118,1.9099192405382706,1.308247820917223,-8.03061701714607,-9.803898026797517,0.6692180847621726,0.8169915022331264,0.02068804835154027,0.05629212823078945,5.346811737022662
119,119,2.4451813695475826,1.3353637434175094,-9.49034843149737,-9.803898026797517,0.7908623692914475,0.8169915022331264,0.03545612033363238,0.05629212823078945,2.2457658179772437
120,120,2.7090575350738124,1.2393105252607008,-9.684949567359695,-9.803898026797517,0.8070791306133079,0.8169915022331264,0.0377412003502606,0.05629212823078945,1.4952490903169604
121,121,1.8081034869737203,1.2559475525530284,-7.77485639274613,-9.803898026797517,0.6479046993955108,0.8169915022331264,0.021281586748763168,0.05629212823078945,5.645491240694916
122,122,2.487720655082122,1.0714356344341733,-9.127807133001857,-9.803898026797517,0.7606505944168215,0.8169915022331264,0.05636358745423631,0.05636358745423631,3.662790830398791
123,123,2.968141132953023,1.2361963920347994,-8.655333534268294,-9.803898026797517,0.7212777945223579,0.8169915022331264,0.01349017035617933,0.05636358745423631,2.597543568393945
124,124,2.9715527261791874,0.42387311559792806,-6.182926607291861,-9.803898026797517,0.5152438839409884,0.8169915022331264,0.0006223034738231858,0.05636358745423631,4.499551348386845
125,125,2.8426464337543518,0.9776571404189696,-8.494477629337473,-9.803898026797517,0.7078731357781227,0.8169915022331264,0.019006722340926298,0.05636358745423631,3.581753036045086
126,126,1.9964982599380965,1.3424162825899155,-8.257085741787732,-9.803898026797517,0.688090478482311,0.8169915022331264,0.020571180922143217,0.05636358745423631,4.91746767286466
127,127,1.8918941186228182,1.1261757082584947,-7.869109199334557,-9.803898026797517,0.6557590999445464,0.8169915022331264,0.028509697243540272,0.05636358745423631,5.0548486255761915
128,128,1.8322410548338235,2.288036185860947,-7.002490578712736,-9.803898026797517,0.5835408815593947,0.8169915022331264,0.005309658630173847,0.05636358745423631,5.760777759789114
129,129,2.398032593496059,1.2977542088162082,-9.539738525605946,-9.803898026797517,0.7949782104671622,0.8169915022331264,0.0423217241222728,0.05636358745423631,2.4468217231429037
130,130,1.8873086094143507,1.1628773271930766,-7.910771060640584,-9.803898026797517,0.6592309217200486,0.8169915022331264,0.028147096823542696,0.05636358745423631,5.189597531619661
131,131,0.3373978208396098,1.3111831862369279,-9.260615313963044,-9.803898026797517,0.7717179428302536,0.8169915022331264,0.023380792650318484,0.05636358745423631,1.8432673689047903
132,132,2.8837585937114794,1.1499893953087035,-9.073936738616114,-9.803898026797517,0.7561613948846762,0.8169915022331264,0.022007073023567615,0.05636358745423631,2.253762916286547
133,133,1.9313648034983957,1.2131301097160851,-8.083676775036162,-9.803898026797517,0.6736397312530135,0.8169915022331264,0.028518063133894857,0.05636358745423631,5.206671492151415
134,134,2.8561402224973715,1.4252840332447112,-8.532884571356949,-9.803898026797517,0.7110737142797457,0.8169915022331264,0.011726852060188576,0.05636358745423631,2.7297073863962567
135,135,0.16803970412100933,1.029638365504928,-8.383333258874446,-9.803898026797517,0.6986111049062038,0.8169915022331264,0.01181374626083987,0.05636358745423631,3.112530993141675
136,136,0.7571467774707756,1.4084296088639712,-8.993436936609163,-9.803898026797517,0.7494530780507636,0.8169915022331264,0.021822268402605063,0.05636358745423631,2.849545482511971
137,137,0.8122830092902558,1.2849712028344047,-9.406102840971588,-9.803898026797517,0.783841903414299,0.8169915022331264,0.043212866482583476,0.05636358745423631,2.901611763597387
138,138,2.7529583721682895,1.2039757148010042,-9.590067195732564,-9.803898026797517,0.799172266311047,0.8169915022331264,0.035550776980394605,0.05636358745423631,1.643680564910241
139,139,1.7691303165058714,1.2197227362894016,-7.688124128770292,-9.803898026797517,0.6406770107308577,0.8169915022331264,0.022585761331430674,0.05636358745423631,5.637335764165648
140,140,2.7278454776308623,1.3002916553576662,-9.516281180415538,-9.803898026797517,0.7930234317012949,0.8169915022331264,0.030153265747696147,0.05636358745423631,1.5824912962726074
141,141,1.692088112387479,1.1324082827143016,-7.5560348340120544,-9.803898026797517,0.6296695695010045,0.8169915022331264,0.02655016414612741,0.05636358745423631,5.333992162207771
142,142,1.6122772344247285,1.2517177938707365,-7.508676408608442,-9.803898026797517,0.6257230340507035,0.8169915022331264,0.018850050737907728,0.05636358745423631,5.893878736457104
143,143,1.6958856222809497,1.2256400769991747,-7.576462703165599,-9.803898026797517,0.6313718919304666,0.8169915022331264,0.021174011388260427,0.05636358745423631,5.760659732873279
144,144,2.746274669270024,1.3018615390512176,-9.465682746256473,-9.803898026797517,0.7888068955213727,0.8169915022331264,0.028610910552294457,0.05636358745423631,1.6266836012414956
145,145,0.9243406370437883,1.3102946722545965,-9.03184956190704,-9.803898026797517,0.7526541301589199,0.8169915022331264,0.03447528182986338,0.05636358745423631,3.6595300782198734
146,146,2.0806513074700317,1.2162030171074367,-8.579445932670406,-9.803898026797517,0.7149538277225339,0.8169915022331264,0.037922807174552695,0.05636358745423631,4.582661635653565
147,147,2.5323161470633346,1.2562798881128163,-9.78896728295848,-9.803898026797517,0.8157472735798733,0.8169915022331264,0.04788675314008814,0.05636358745423631,1.7721144762141279
148,148,2.4478912439324048,1.2281897383455866,-9.697499259480416,-9.803898026797517,0.8081249382900347,0.8169915022331264,0.05394005278639957,0.05636358745423631,2.284692526925511
149,149,2.5162799024592326,1.3353637434175094,-9.555357637890706,-9.803898026797517,0.7962798031575589,0.8169915022331264,0.03485179416867372,0.05636358745423631,1.9385781762625243
150,150,1.4820651334148462,1.1640584867190384,-7.533885646714738,-9.803898026797517,0.6278238038928948,0.8169915022331264,0.024863183973848454,0.05636358745423631,5.524672591339588
151,151,1.0920128881201632,1.0994544681074032,-8.186724681175665,-9.803898026797517,0.6822270567646388,0.8169915022331264,0.03616754373601032,0.05636358745423631,4.720633641620395
152,152,0.6794896059167927,1.0714356344341733,-9.08275887180715,-9.803898026797517,0.7568965726505957,0.8169915022331264,0.05703226006006084,0.05703226006006084,3.7655205486979213
153,153,1.3865705496824383,1.2361963920347994,-7.665881732411811,-9.803898026797517,0.6388234777009842,0.8169915022331264,0.021330749413715946,0.05703226006006084,5.710010021598919
154,154,2.84695751044777,1.185424233936841,-9.26855702966514,-9.803898026797517,0.7723797524720949,0.8169915022331264,0.02574792918129852,0.05703226006006084,1.9741746495470807
155,155,2.8068460728468194,1.2788952962785713,-9.346262879699802,-9.803898026797517,0.7788552399749835,0.8169915022331264,0.025654508312401583,0.05703226006006084,1.7528143645935756
156,156,2.7767216832791752,1.4443468500375816,-8.589805706079286,-9.803898026797517,0.7158171421732739,0.8169915022331264,0.012463294222017314,0.05703226006006084,2.693316937069966
157,157,0.34350632291188576,1.4632667169063938,-8.406310723833839,-9.803898026797517,0.7005258936528199,0.8169915022331264,0.010421517771087161,0.05703226006006084,2.896104613265422
158,158,1.0759994076242723,1.172151721583667,-8.451508469002343,-9.803898026797517,0.7042923724168619,0.8169915022331264,0.03887368500927797,0.05703226006006084,4.654275115542873
159,159,1.03309854165237,1.093567664223624,-8.320963152986405,-9.803898026797517,0.6934135960822004,0.8169915022331264,0.04052436566918283,0.05703226006006084,4.614328115531052
160,160,2.8674819865183583,1.0978858088720957,-9.01745364718271,-9.803898026797517,0.7514544705985592,0.8169915022331264,0.022935499574230585,0.05703226006006084,2.4924178624511626
161,161,1.0828475240040625,1.1489397087737216,-8.371833352282712,-9.803898026797517,0.6976527793568926,0.8169915022331264,0.03852181754048042,0.05703226006006084,4.679895399356667
162,162,2.7000696010846728,1.2922963578805877,-9.60080264188732,-9.803898026797517,0.8000668868239433,0.8169915022331264,0.03310385099790543,0.05703226006006084,1.5186292404108173
163,163,1.9313648034983957,1.0759263165033914,-7.84471141310915,-9.803898026797517,0.6537259510924291,0.8169915022331264,0.02838131938887189,0.05703226006006084,4.870162574796062
164,164,2.711534020447344,1.4252840332447112,-8.849243015252465,-9.803898026797517,0.7374369179377055,0.8169915022331264,0.016051155586384362,0.05703226006006084,2.4227134080363157
165,165,1.0979740810372651,0.9258579789844209,-7.3272599636194675,-9.803898026797517,0.610604996968289,0.8169915022331264,0.017885814902534273,0.05703226006006084,5.294864128968079
166,166,2.953682382620356,1.2943360062759037,-8.652879841979159,-9.803898026797517,0.7210733201649299,0.8169915022331264,0.01325927249826565,0.05703226006006084,2.5790848311928585
167,167,1.5134035548918363,1.0511070597451195,-7.506902191657395,-9.803898026797517,0.6255751826381163,0.8169915022331264,0.030484370424528805,0.05703226006006084,4.933529480098315
168,168,0.496168684328935,1.1915278397604587,-9.759706451143817,-9.803898026797517,0.8133088709286515,0.8169915022331264,0.04718957741353021,0.05703226006006084,1.7185970271149529
169,169,1.628821619739663,1.4343974141524265,-7.5116073493253515,-9.803898026797517,0.6259672791104459,0.8169915022331264,0.00800773301269791,0.05703226006006084,5.26815355071335
170,170,1.3333465563804112,1.2627961744170682,-7.775716370150039,-9.803898026797517,0.6479763641791699,0.8169915022331264,0.02083370000677304,0.05703226006006084,5.654647644625641
171,171,2.7595868963648567,1.408713284927,-8.880851489762964,-9.803898026797517,0.740070957480247,0.8169915022331264,0.016398186504391177,0.05703226006006084,2.3476797785259294
172,172,2.7767216832791752,1.4443468500375816,-8.589805706079286,-9.803898026797517,0.7158171421732739,0.8169915022331264,0.012463294222017314,0.05703226006006084,2.693316937069966
173,173,2.3000627047380053,1.1963281445539593,-9.289753181769093,-9.803898026797517,0.7741460984807578,0.8169915022331264,0.054625498701164794,0.05703226006006084,3.3633404307579013
174,174,2.3387209860922864,1.1723919276788848,-9.336467981316199,-9.803898026797517,0.7780389984430166,0.8169915022331264,0.058110523596442525,0.058110523596442525,3.273319621300473
175,175,2.496244825597824,1.2440567102530593,-9.767419426832591,-9.803898026797517,0.813951618902716,0.8169915022331264,0.05084807981021344,0.058110523596442525,1.9648169950500005
176,176,0.7272540533628743,1.223123533391766,-9.629974069086195,-9.803898026797517,0.8024978390905163,0.8169915022331264,0.05468924190329294,0.058110523596442525,2.507511398471749
177,177,2.5323161470633346,1.3302076361881676,-9.585357205994276,-9.803898026797517,0.7987797671661897,0.8169915022331264,0.035466557038259953,0.058110523596442525,1.8620236480593064
178,178,2.4478912439324048,1.321519794050725,-9.549555763718732,-9.803898026797517,0.7957963136432277,0.8169915022331264,0.03808568901221358,0.058110523596442525,2.1938616556942634
179,179,1.4998150574970792,1.4411935548616777,-7.516672569387956,-9.803898026797517,0.6263893807823296,0.8169915022331264,0.007741668453628809,0.058110523596442525,5.199991130740322
180,180,2.377176502840309,1.2523469695619032,-9.556341808518328,-9.803898026797517,0.7963618173765273,0.8169915022331264,0.04996437445598652,0.058110523596442525,2.6355895644476846
181,181,1.0920128881201632,1.32640069290697,-8.450267242099253,-9.803898026797517,0.7041889368416044,0.8169915022331264,0.024495477348896066,0.058110523596442525,4.682132118801292
182,182,2.598175646724973,1.1827169296546063,-9.76392574158499,-9.803898026797517,0.8136604784654158,0.8169915022331264,0.0517439608103934,0.058110523596442525,1.8968189573612477
183,183,1.335857082397814,1.3270519804394132,-7.759672218857234,-9.803898026797517,0.6466393515714361,0.8169915022331264,0.0162111489816151,0.058110523596442525,5.631061911353314
184,184,2.2122488377836396,1.4940266552592136,-8.118090142721757,-9.803898026797517,0.6765075118934797,0.8169915022331264,0.00911306102911541,0.058110523596442525,3.709523026192244
185,185,1.1868097958156598,1.1849497605421648,-8.123520041256532,-9.803898026797517,0.6769600034380443,0.8169915022331264,0.030901506792131474,0.058110523596442525,5.06807472201254
186,186,2.6742854709354353,1.2825928854592703,-9.672861084497896,-9.803898026797517,0.8060717570414914,0.8169915022331264,0.036139046266780446,0.058110523596442525,1.4822582263371231
187,187,0.34350632291188576,1.318934179245278,-9.252786279043331,-9.803898026797517,0.7710655232536109,0.8169915022331264,0.023172788849845267,0.058110523596442525,1.853613779566004
188,188,1.0759994076242723,1.2935547981956317,-8.541924600821146,-9.803898026797517,0.7118270500684288,0.8169915022331264,0.02921576423601291,0.058110523596442525,4.633804076262919
189,189,2.732157025104883,1.2977542088162082,-9.514364862931915,-9.803898026797517,0.7928637385776596,0.8169915022331264,0.03010555693640038,0.058110523596442525,1.582270393490802
190,190,1.3062794317769897,1.3652875647907114,-7.801473347685958,-9.803898026797517,0.6501227789738299,0.8169915022331264,0.014026914328729762,0.058110523596442525,5.428633667688821
191,191,2.722375209584759,1.257590248582005,-9.634300266769017,-9.803898026797517,0.8028583555640848,0.8169915022331264,0.03492186878470386,0.058110523596442525,1.4970898545192028
192,192,1.9493789275263018,1.1645779136260324,-8.077649800204707,-9.803898026797517,0.6731374833503923,0.8169915022331264,0.031012949508810093,0.058110523596442525,5.036959517990624
193,193,2.813956141062882,1.3070151463301554,-9.241081981076954,-9.803898026797517,0.7700901650897461,0.8169915022331264,0.022975956096005973,0.058110523596442525,1.8654832731320568
194,194,1.8233485671815182,1.331801631060887,-7.796077409866976,-9.803898026797517,0.6496731174889147,0.8169915022331264,0.016257774969683173,0.058110523596442525,5.575640370679679
195,195,2.7844796411460417,1.029638365504928,-8.905539219815308,-9.803898026797517,0.7421282683179423,0.8169915022331264,0.028095182015186775,0.058110523596442525,3.169228818823342
196,196,0.7571467774707756,1.2743158719298253,-9.555157724337958,-9.803898026797517,0.7962631436948299,0.8169915022331264,0.046389977059830396,0.058110523596442525,2.544762597127672
197,197,2.367210781955828,1.2849712028344047,-9.500021527363584,-9.803898026797517,0.791668460613632,0.8169915022331264,0.044177231262774126,0.058110523596442525,2.646685851868668
198,198,2.533793441103791,1.3030576671607035,-9.689831968902553,-9.803898026797517,0.8074859974085461,0.8169915022331264,0.040234904479488416,0.058110523596442525,1.7730847209371348
199,199,2.270117790962124,1.100845038223282,-8.816162603995606,-9.803898026797517,0.7346802169996338,0.8169915022331264,0.05429768700240249,0.058110523596442525,4.140875831525406
200,200,2.654537983182567,1.174520958579805,-9.720471642032406,-9.803898026797517,0.8100393035027005,0.8169915022331264,0.047128324293381034,0.058110523596442525,1.8247338954605397
201,201,2.6995770056050645,1.2855790672883647,-9.621077569003447,-9.803898026797517,0.8017564640836206,0.8169915022331264,0.0339182864846324,0.058110523596442525,1.5019188982850267
202,202,2.751014763796156,1.2523693091100645,-9.571598924797179,-9.803898026797517,0.7976332437330983,0.8169915022331264,0.032732905791628554,0.058110523596442525,1.548854618258929
203,203,2.83417823264282,1.1963281445539593,-9.324825560108405,-9.803898026797517,0.7770687966757004,0.8169915022331264,0.02691731716628918,0.058110523596442525,1.891880058586878
204,204,1.4776696587568419,1.3077404510547193,-7.543114334415848,-9.803898026797517,0.6285928612013206,0.8169915022331264,0.015370689880330642,0.058110523596442525,5.894399719978665
205,205,2.670759386091816,1.2440567102530593,-9.746170752957113,-9.803898026797517,0.8121808960797594,0.8169915022331264,0.04072214621958926,0.058110523596442525,1.478985483467227
206,206,0.7272540533628743,1.3355551145055697,-9.4443904005431,-9.803898026797517,0.7870325333785916,0.8169915022331264,0.035301250938334125,0.058110523596442525,2.407753030270797
207,207,2.449317543726129,1.2827578797790409,-9.661981996320698,-9.803898026797517,0.8051651663600582,0.8169915022331264,0.04525654014462009,0.058110523596442525,2.1458765278169807
208,208,2.69762293257837,1.1163056835848337,-9.48548040649808,-9.803898026797517,0.7904567005415067,0.8169915022331264,0.04271569322710339,0.058110523596442525,2.311045083061316
209,209,2.2167287111278458,1.1940212275937683,-9.016617857782164,-9.803898026797517,0.7513848214818469,0.8169915022331264,0.049759223794968145,0.058110523596442525,3.874976846240102
210,210,0.9135962053822615,1.278037571518035,-9.11263325766026,-9.803898026797517,0.7593861048050217,0.8169915022331264,0.04019314286270192,0.058110523596442525,3.61423520532243
211,211,1.435217080538124,1.32640069290697,-7.588840341124791,-9.803898026797517,0.6324033617603992,0.8169915022331264,0.014581940163729077,0.058110523596442525,5.816187801869852
212,212,2.9038367700859755,1.1500961344625187,-8.983228672184223,-9.803898026797517,0.7486023893486853,0.8169915022331264,0.019950339274601665,0.058110523596442525,2.339097640572149
213,213,0.9033377407249428,1.1681988649047799,-9.01806978394331,-9.803898026797517,0.7515058153286093,0.8169915022331264,0.0528003431650767,0.058110523596442525,3.8576917018102677
214,214,1.5685964296413033,1.310558063924723,-7.500024138815849,-9.803898026797517,0.6250020115679874,0.8169915022331264,0.01479868050968696,0.058110523596442525,5.9321345806555215
215,215,0.895368735871966,1.244093281574409,-9.18095089273214,-9.803898026797517,0.7650792410610117,0.8169915022331264,0.04619393409728438,0.058110523596442525,3.5469304159395705
216,216,2.4807750160252766,1.2419418767338668,-9.749656028549254,-9.803898026797517,0.8124713357124378,0.8169915022331264,0.051521078660359015,0.058110523596442525,2.049918444496484
217,217,0.34350632291188576,1.223216088060012,-9.455512926312009,-9.803898026797517,0.7879594105260007,0.8169915022331264,0.029838172405209577,0.058110523596442525,1.7034709885321746
218,218,2.411647699077888,1.3149966461608877,-9.516141204623075,-9.803898026797517,0.7930117670519229,0.8169915022331264,0.039204727424837986,0.058110523596442525,2.380156010349083
219,219,2.398032593496059,1.2093365588514091,-9.577194157120134,-9.803898026797517,0.7980995130933445,0.8169915022331264,0.05625918568109639,0.058110523596442525,2.6794303443020624
220,220,2.67987362333891,1.2778079450053565,-9.67598449890781,-9.803898026797517,0.8063320415756509,0.8169915022331264,0.03630383289153388,0.058110523596442525,1.476045198214237
221,221,1.7726893846931853,1.2817632542555066,-7.701276798656735,-9.803898026797517,0.641773066554728,0.8169915022331264,0.018696835359987486,0.058110523596442525,5.747086525573174
222,222,2.7000696010846728,1.3944507410950266,-9.091541269626813,-9.803898026797517,0.7576284391355678,0.8169915022331264,0.020122514477910372,0.058110523596442525,2.1314706216807338
223,223,2.2895277693967095,1.2002635529731442,-9.266078527584,-9.803898026797517,0.772173210632,0.8169915022331264,0.05372805333235896,0.058110523596442525,3.4101703023604273
224,224,2.4294229232532594,1.345858927711871,-9.42166401189842,-9.803898026797517,0.7851386676582016,0.8169915022331264,0.03342531704331138,0.058110523596442525,2.360052951151161
225,225,0.8005638702959234,1.2713547533271283,-9.454207423803734,-9.803898026797517,0.7878506186503111,0.8169915022331264,0.045937900399949,0.058110523596442525,2.837979919906701
226,226,2.521815762620962,1.2581975078076928,-9.780242957663498,-9.803898026797517,0.8150202464719581,0.8169915022331264,0.047976534695703406,0.058110523596442525,1.8124017779326067
227,227,0.9690543155886886,1.194161728413483,-8.865778101150154,-9.803898026797517,0.7388148417625128,0.8169915022331264,0.04647852912201819,0.058110523596442525,4.123177965004828
228,228,1.4965388917875595,1.3539207437651983,-7.525597300318923,-9.803898026797517,0.6271331083599102,0.8169915022331264,0.012317236936495262,0.058110523596442525,5.790307053777127
229,229,2.270117790962124,1.2667449981984937,-9.25501009410296,-9.803898026797517,0.7712508411752467,0.8169915022331264,0.044030067629662474,0.058110523596442525,3.337354667882096
230,230,1.1809270068865836,1.2136891424563931,-8.173798171021597,-9.803898026797517,0.6811498475851331,0.8169915022331264,0.03008048435549758,0.058110523596442525,5.104547246142701
231,231,2.5024939508534674,1.2855790672883647,-9.718674546772,-9.803898026797517,0.8098895455643333,0.8169915022331264,0.04405583300494596,0.058110523596442525,1.8783221059607627
232,232,2.6659793966032135,1.3365733802464252,-9.484165863957557,-9.803898026797517,0.7903471553297964,0.8169915022331264,0.029425203031837936,0.058110523596442525,1.684450060488004
233,233,2.73921617734162,1.1963281445539593,-9.618892358632364,-9.803898026797517,0.8015743632193636,0.8169915022331264,0.0373774887905252,0.058110523596442525,1.6569723606303626
234,234,2.7330471036707724,1.2186064101164171,-9.642012391496687,-9.803898026797517,0.8035010326247239,0.8169915022331264,0.03688059951470761,0.058110523596442525,1.5662121569778265
235,235,2.3842342737101374,1.2440567102530593,-9.573853364725123,-9.803898026797517,0.7978211137270935,0.8169915022331264,0.051386468433148064,0.058110523596442525,2.6139891698473576
236,236,2.7644034026567796,1.1742668308136515,-9.530184283051716,-9.803898026797517,0.794182023587643,0.8169915022331264,0.035236324069136515,0.058110523596442525,1.8018725526617345
237,237,2.5323161470633346,1.2816345492767893,-9.747552771193956,-9.803898026797517,0.812296064266163,0.8169915022331264,0.04391065411115167,0.058110523596442525,1.7528178369434073
238,238,1.316585436780358,1.265784064279996,-7.814466610450819,-9.803898026797517,0.6512055508709016,0.8169915022331264,0.02110198046786201,0.058110523596442525,5.617025243553016
239,239,1.344921360121843,1.2487655380459206,-7.749016666344414,-9.803898026797517,0.6457513888620345,0.8169915022331264,0.02144622285724594,0.058110523596442525,5.658657128321629
240,240,2.577453804783957,1.2364611031953996,-9.81522385165187,-9.81522385165187,0.8179353209709892,0.8179353209709892,0.048360243919930324,0.058110523596442525,1.6610152285340831
241,241,2.810571495853724,1.250314920838556,-9.387074222344415,-9.81522385165187,0.7822561851953679,0.8179353209709892,0.027157551574632354,0.058110523596442525,1.7315680010376724
242,242,1.6267036313127,1.226257892867204,-7.515398584886011,-9.81522385165187,0.6262832154071676,0.8179353209709892,0.020669648437334334,0.058110523596442525,5.816989162542427
243,243,2.7000587362243027,1.2241596285286032,-9.709610902065975,-9.81522385165187,0.8091342418388313,0.8179353209709892,0.03979893410744256,0.058110523596442525,1.5240160117768227
244,244,2.619487137082583,1.2536532969082228,-9.7889844806569,-9.81522385165187,0.8157487067214083,0.8179353209709892,0.04357880806579792,0.058110523596442525,1.519157561873115
245,245,2.5186230394087357,1.2315417654193808,-9.789873981339024,-9.81522385165187,0.815822831778252,0.8179353209709892,0.051837854358321216,0.058110523596442525,1.9045714864465566
246,246,1.6545464755961115,1.1699145948127851,-7.530742419750163,-9.81522385165187,0.6275618683125136,0.8179353209709892,0.024499463929674586,0.058110523596442525,5.55779713025774
247,247,2.5125373263273825,1.2675425100936273,-9.761225506985163,-9.81522385165187,0.8134354589154302,0.8179353209709892,0.04680819839977432,0.058110523596442525,1.8396575481396127
248,248,2.396985331923601,1.269432830395351,-9.588168550924884,-9.81522385165187,0.799014045910407,0.8179353209709892,0.04741483892012283,0.058110523596442525,2.471318104509379
249,249,1.6721339731170068,1.211352437204523,-7.549330171806602,-9.81522385165187,0.6291108476505501,0.8179353209709892,0.021910369285302184,0.058110523596442525,5.7327016842569165
250,250,2.5700294712543457,1.2230482185233926,-9.81370172436982,-9.81522385165187,0.8178084770308183,0.8179353209709892,0.050339393839842914,0.058110523596442525,1.7373302552898764
251,251,2.6712774595848066,1.2113116018648291,-9.752271551145146,-9.81522385165187,0.8126892959287622,0.8179353209709892,0.04349114482635766,0.058110523596442525,1.5775101515970817
252,252,2.536810952120488,1.2630926142387793,-9.78312451766084,-9.81522385165187,0.8152603764717367,0.8179353209709892,0.046693298443571576,0.058110523596442525,1.7437703150566648
253,253,2.392465795838687,1.2435141994589927,-9.592550894880787,-9.81522385165187,0.7993792412400657,0.8179353209709892,0.051591359825671805,0.058110523596442525,2.5627391765050618
254,254,2.420891910567969,1.240735001875761,-9.652089031120394,-9.81522385165187,0.8043407525933661,0.8179353209709892,0.05224002912984352,0.058110523596442525,2.39434795542725
255,255,2.410415722212723,1.2713547533271283,-9.613125835889555,-9.81522385165187,0.801093819657463,0.8179353209709892,0.04721202860812222,0.058110523596442525,2.384350297043099
256,256,2.500982344330666,1.2290811715023868,-9.77226868549536,-9.81522385165187,0.8143557237912801,0.8179353209709892,0.0527606907004249,0.058110523596442525,1.9978156681642218
257,257,2.367210781955828,1.2581321361387912,-9.530154121479391,-9.81522385165187,0.7941795101232826,0.8179353209709892,0.04882453019741673,0.058110523596442525,2.686976061848256
258,258,2.67384166945679,1.21555663682522,-9.750596810123406,-9.81522385165187,0.8125497341769505,0.8179353209709892,0.04293977185819618,0.058110523596442525,1.5577717476361528
259,259,2.59970588946163,1.2452748239278049,-9.807099879020646,-9.81522385165187,0.8172583232517204,0.8179353209709892,0.04591608235779482,0.058110523596442525,1.5753572485122902
260,260,1.3194351820069028,1.2364202678557055,-7.80336050143384,-9.81522385165187,0.6502800417861533,0.8179353209709892,0.022898761754039355,0.058110523596442525,5.574536679223158
261,261,2.451396136527318,1.2855790672883647,-9.659313821208363,-9.81522385165187,0.8049428184340303,0.8179353209709892,0.044742599204230474,0.058110523596442525,2.133826010384368
262,262,2.6859703532759367,1.2523693091100645,-9.713332060278244,-9.81522385165187,0.8094443383565203,0.8179353209709892,0.03860122627552558,0.058110523596442525,1.4687630858987006
263,263,2.5325912828933475,1.1963281445539593,-9.766375018854228,-9.81522385165187,0.8138645849045191,0.8179353209709892,0.05501097544194223,0.058110523596442525,2.039374619947992
264,264,2.706539090519332,1.249571143844063,-9.679317053510143,-9.81522385165187,0.8066097544591786,0.8179353209709892,0.03707253099299873,0.058110523596442525,1.481687706225074
265,265,2.5315298731915625,1.2537362977721822,-9.790993693959004,-9.81522385165187,0.8159161411632504,0.8179353209709892,0.04829072200781545,0.058110523596442525,1.780320204139585
266,266,2.611555120856486,1.223123533391766,-9.808378470350627,-9.81522385165187,0.817364872529219,0.8179353209709892,0.047544380082195914,0.058110523596442525,1.6180964159570124
267,267,2.468107566440355,1.2169755581216974,-9.720981678581186,-9.81522385165187,0.8100818065484322,0.8179353209709892,0.05508884319850984,0.058110523596442525,2.2272067831763565
268,268,2.6371105124563847,1.2592684612124367,-9.767259804239274,-9.81522385165187,0.8139383170199395,0.8179353209709892,0.04166505897515288,0.058110523596442525,1.4877952031632304
269,269,2.5113349223052515,1.2482848488416265,-9.780270920257765,-9.81522385165187,0.815022576688147,0.8179353209709892,0.04979411714591287,0.058110523596442525,1.8809330986979944
270,270,2.272622011154545,1.2505518711390469,-9.266907505837308,-9.81522385165187,0.772242292153109,0.8179353209709892,0.04663916176944553,0.058110523596442525,3.351770207155724
271,271,2.8041637769805465,1.222195905066975,-9.435128274231927,-9.81522385165187,0.7862606895193273,0.8179353209709892,0.02924838099535399,0.058110523596442525,1.7253980858279192
272,272,2.598175646724973,1.2293137397084177,-9.813683557936123,-9.81522385165187,0.8178069631613436,0.8179353209709892,0.047857209267519296,0.058110523596442525,1.6267461360229731
273,273,2.6611558049538404,1.2245281464281068,-9.768120065223922,-9.81522385165187,0.8140100054353269,0.8179353209709892,0.043370774876642204,0.058110523596442525,1.5335488343426107
274,274,2.531034566738041,1.2536532969082228,-9.790775539559508,-9.81522385165187,0.815897961629959,0.8179353209709892,0.048321772099946224,0.058110523596442525,1.7825224598276463
275,275,2.5186230394087357,1.1996035337319868,-9.75987182663003,-9.81522385165187,0.8133226522191692,0.8179353209709892,0.05537111555283703,0.058110523596442525,2.0792994590112954
276,276,0.5997809271013199,1.2782935975778187,-9.758817091114734,-9.81522385165187,0.8132347575928945,0.8179353209709892,0.0441269016992369,0.058110523596442525,1.7166165679324337
277,277,1.4141958149828253,1.200360722601996,-7.614618078543794,-9.81522385165187,0.6345515065453161,0.8179353209709892,0.023068620913863722,0.058110523596442525,5.629822419288907
278,278,2.585281670605821,1.2020028787787682,-9.797365713040898,-9.81522385165187,0.8164471427534082,0.8179353209709892,0.0513635667894487,0.058110523596442525,1.8008938644866248
279,279,1.2209779360611077,1.2183612575058995,-8.055775666054263,-9.81522385165187,0.6713146388378552,0.8179353209709892,0.027714575222520535,0.058110523596442525,5.253430256551269
280,280,2.5700294712543457,1.1941486859999837,-9.782843087685054,-9.81522385165187,0.8152369239737545,0.8179353209709892,0.05302056512444209,0.058110523596442525,1.9053090798798706
281,281,2.501086874357318,1.1725107975813323,-9.676490853604216,-9.81522385165187,0.8063742378003513,0.8179353209709892,0.05810644403624217,0.058110523596442525,2.377590109414413
282,282,2.554736729325157,1.2724256606272781,-9.774216228575382,-9.81522385165187,0.8145180190479485,0.8179353209709892,0.044543177328213945,0.058110523596442525,1.6717646556279533
283,283,2.5468475143569265,1.2364055927155637,-9.808151678941364,-9.81522385165187,0.8173459732451137,0.8179353209709892,0.05000583601716273,0.058110523596442525,1.7677713300778777
284,284,2.602588024083587,1.2266307082729377,-9.812300033701037,-9.81522385165187,0.8176916694750864,0.8179353209709892,0.04783671553403627,0.058110523596442525,1.6256460439955447
285,285,2.6504344181118125,1.2037222992408765,-9.770224629780135,-9.81522385165187,0.8141853858150112,0.8179353209709892,0.04595612806445053,0.058110523596442525,1.6377913584798875
286,286,2.4684149589091375,1.2967932603147523,-9.65524584611988,-9.81522385165187,0.80460382050999,0.8179353209709892,0.042591906913485314,0.058110523596442525,2.0483615671383717
287,287,2.6312438325970335,1.2123311172309148,-9.79267883747771,-9.81522385165187,0.8160565697898092,0.8179353209709892,0.04697262308642839,0.058110523596442525,1.6255073362104895
288,288,2.6459489710734627,1.2302564837183323,-9.783970117159933,-9.81522385165187,0.8153308430966612,0.8179353209709892,0.04414760893267229,0.058110523596442525,1.5308758188527065
289,289,2.6036281985999237,1.2277055517101165,-9.812037640936289,-9.81522385165187,0.8176698034113574,0.8179353209709892,0.04765086084038639,0.058110523596442525,1.6189004851831186
290,290,2.7292764156167135,1.174520958579805,-9.612413605846971,-9.81522385165187,0.8010344671539142,0.8179353209709892,0.039213197797015514,0.058110523596442525,1.7702735594577916
291,291,2.60213179132669,1.2855790672883647,-9.738090444080708,-9.81522385165187,0.8115075370067256,0.8179353209709892,0.040280067830033836,0.058110523596442525,1.5524280499521268
292,292,2.6859703532759367,1.2594104259731547,-9.702942911765588,-9.81522385165187,0.8085785759804657,0.8179353209709892,0.03787777063957562,0.058110523596442525,1.4659778035859574
293,293,2.6294906261667057,1.2599306710685305,-9.772991799890463,-9.81522385165187,0.8144159833242052,0.8179353209709892,0.04211764065801063,0.058110523596442525,1.4972667837848945
294,294,2.454111231230597,1.249571143844063,-9.709290463600974,-9.81522385165187,0.8091075386334144,0.8179353209709892,0.05077953322993969,0.058110523596442525,2.1708805535966462
295,295,2.6556365962172856,1.240599734406154,-9.768563043229342,-9.81522385165187,0.8140469202691119,0.8179353209709892,0.04232896238565591,0.058110523596442525,1.4941025087541817
296,296,2.6513125866150737,1.223123533391766,-9.77912116331353,-9.81522385165187,0.8149267636094608,0.8179353209709892,0.04435048573391716,0.058110523596442525,1.548559577278553
297,297,1.3445783343554565,1.1957982593017007,-7.7335820580458075,-9.81522385165187,0.6444651715038173,0.8179353209709892,0.02441860545489395,0.058110523596442525,5.501940513216098
298,298,1.772099955330907,1.2143432919637513,-7.692197302366717,-9.81522385165187,0.6410164418638931,0.8179353209709892,0.02294879484104572,0.058110523596442525,5.6143059245460805
299,299,2.6214718818426794,1.2277551729984881,-9.80369511824327,-9.81522385165187,0.8169745931869392,0.8179353209709892,0.04633737336994177,0.058110523596442525,1.5788565202801834
300,300,2.577453804783957,1.2364611031953996,-9.81522385165187,-9.81522385165187,0.8179353209709892,0.8179353209709892,0.048360243919930324,0.058110523596442525,1.6610152285340831
301,301,2.577453814783957,1.2364611031953996,-9.81522385179953,-9.81522385179953,0.8179353209832941,0.8179353209832941,0.04836024332870418,0.058110523596442525,1.661015197576475
302,302,2.577453804783957,1.2364611131953995,-9.815223848986614,-9.81522385179953,0.8179353207488845,0.8179353209832941,0.04836024271766729,0.058110523596442525,1.6610151959884831
303,303,2.5922197711012114,0.9699354555778805,-8.38176484301574,-9.81522385179953,0.6984804035846449,0.8179353209832941,0.03659638253190052,0.058110523596442525,4.806062202346993
304,304,2.5922197811012113,0.9699354555778805,-8.381764856315723,-9.81522385179953,0.6984804046929769,0.8179353209832941,0.03659638198440398,0.058110523596442525,4.8060621596678885
305,305,2.5922197711012114,0.9699354655778806,-8.381764943310507,-9.81522385179953,0.6984804119425423,0.8179353209832941,0.0365963842093778,0.058110523596442525,4.806062052416493
306,306,2.577749203915671,1.2311291497563819,-9.815988583253343,-9.815988583253343,0.8179990486044453,0.8179990486044453,0.04897002654705261,0.058110523596442525,1.678727443246828
307,307,2.577749213915671,1.2311291497563819,-9.815988583557656,-9.815988583557656,0.8179990486298047,0.8179990486298047,0.048970025941436596,0.058110523596442525,1.678727411899871
308,308,2.577749203915671,1.2311291597563818,-9.815988583075063,-9.815988583557656,0.8179990485895886,0.8179990486298047,0.0489700253960992,0.058110523596442525,1.678727405903075
309,309,2.578450733345421,1.2306665903694185,-9.81601085751225,-9.81601085751225,0.8180009047926875,0.8180009047926875,0.04898050659579815,0.058110523596442525,1.6782689264940416
310,310,2.578450743345421,1.2306665903694185,-9.816010857733291,-9.816010857733291,0.8180009048111075,0.8180009048111075,0.048980505986510554,0.058110523596442525,1.6782688952867062
311,311,2.578450733345421,1.2306666003694184,-9.8160108575241,-9.816010857733291,0.818000904793675,0.8180009048111075,0.048980505451067226,0.058110523596442525,1.6782688887928572
312,312,2.5797722159445127,1.2304586132813877,-9.816027285481189,-9.816027285481189,0.818002273790099,0.818002273790099,0.04892339513920875,0.058110523596442525,1.6749511796981125
313,313,2.5797722259445126,1.2304586132813877,-9.81602728551999,-9.81602728551999,0.8180022737933325,0.8180022737933325,0.04892339452465747,0.058110523596442525,1.674951148813605
314,314,2.5797722159445127,1.2304586232813877,-9.816027285540281,-9.816027285540281,0.8180022737950234,0.8180022737950234,0.048923393999775404,0.058110523596442525,1.67495114192414
315,315,2.5800138759833735,1.2305656186622973,-9.816028068419664,-9.816028068419664,0.818002339034972,0.818002339034972,0.04889634172877146,0.058110523596442525,1.6738021235994864
316,316,2.5800138859833734,1.2305656186622973,-9.816028068419566,-9.816028068419664,0.8180023390349639,0.818002339034972,0.04889634111361858,0.058110523596442525,1.6738020927872128
317,317,2.5800138759833735,1.2305656286622972,-9.816028068419543,-9.816028068419664,0.8180023390349619,0.818002339034972,0.04889634058889907,0.058110523596442525,1.67380208594399
318,318,2.58001325745258,1.2305654079740895,-9.816028068423973,-9.816028068423973,0.8180023390353311,0.8180023390353311,0.04889640379353838,0.058110523596442525,1.67380482282924
319,319,2.5800132674525798,1.2305654079740895,-9.816028068423945,-9.816028068423973,0.8180023390353287,0.8180023390353311,0.04889640317838824,0.058110523596442525,1.6738047920169947
320,320,2.58001325745258,1.2305654179740895,-9.816028068424034,-9.816028068424034,0.8180023390353361,0.8180023390353361,0.048896402653666966,0.058110523596442525,1.6738047851726066
