,iter ,BETA_0,GAMMA_0,BETA_1,GAMMA_1,BETA_2,GAMMA_2,energy,best_energy,approx_ratio,best_approx_ratio,fidelity,best_fidelity,variance,corr_length,const_kernel,noise_kernel,std_energies,average_distances,nit,time_opt_bayes,time_qaoa,time_opt_kernel,time_step
0,0,2.219947365658492,0.16303230456182916,0.3305987690272065,3.1162781037321055,0.7592786899178829,1.1447367992548192,-6.431095078795915,-6.431095078795915,0.5359245898996595,0.5359245898996595,0.0024838347870393845,0.0024838347870393845,7.0598655625400255,13.557701761199672,41.453476662469384,0.43302025789775983,0.0,0.0,0,0.0,0.0,0.0,0.0
1,1,2.890469860719639,1.5211413241065257,0.9896763993103384,0.7791375066155068,2.5458963766711618,2.0526898105239213,-7.6316396534819475,-7.6316396534819475,0.6359699711234956,0.6359699711234956,0.030632034326640703,0.030632034326640703,5.9130572999384015,13.557701761199672,41.453476662469384,0.43302025789775983,0.0,0.0,0,0.0,0.0,0.0,0.0
2,2,1.7541416940803578,0.7024118216033777,2.8333960231305277,1.773172534542575,0.33288822518071864,1.2848631057031716,-7.317155224213569,-7.6316396534819475,0.6097629353511308,0.6359699711234956,0.012505821753496543,0.030632034326640703,4.900215665021335,13.557701761199672,41.453476662469384,0.43302025789775983,0.0,0.0,0,0.0,0.0,0.0,0.0
3,3,2.772787308613854,1.698288067110211,0.7287428701784393,2.2200264153380016,2.306817335194083,3.099818536810535,-8.443270909817565,-8.443270909817565,0.7036059091514638,0.7036059091514638,0.017215467586776605,0.030632034326640703,3.3547199463265684,13.557701761199672,41.453476662469384,0.43302025789775983,0.0,0.0,0,0.0,0.0,0.0,0.0
4,4,1.1067252099542504,2.673851763662495,1.732305126184101,1.9019259330087526,1.1530509223859484,2.7583573802972117,-7.390748470446786,-8.443270909817565,0.6158957058705655,0.7036059091514638,0.0026575621333760065,0.030632034326640703,3.9716457082732646,13.557701761199672,41.453476662469384,0.43302025789775983,0.0,0.0,0,0.0,0.0,0.0,0.0
5,5,0.47282214865194994,0.4355299151995324,1.908024782569157,1.3935326862369497,2.118240349770536,0.3451509701859157,-5.948481610567429,-8.443270909817565,0.4957068008806191,0.7036059091514638,0.00028108473351798606,0.030632034326640703,6.416594521652321,13.557701761199672,41.453476662469384,0.43302025789775983,0.0,0.0,0,0.0,0.0,0.0,0.0
6,6,1.4218079979072185,1.9904815551213095,0.17408326987221354,1.1946877557640334,1.6720765026094577,0.0818291894107335,-6.969725614711876,-8.443270909817565,0.5808104678926563,0.7036059091514638,0.006313170525340524,0.030632034326640703,4.9893689103166565,13.557701761199672,41.453476662469384,0.43302025789775983,0.0,0.0,0,0.0,0.0,0.0,0.0
7,7,0.2634120772132779,2.3712471621926894,2.7151276498761168,2.774967763398147,3.0722743304033635,0.6480596822433964,-5.25802824377804,-8.443270909817565,0.4381690203148367,0.7036059091514638,0.00041815614033521755,0.030632034326640703,5.772796711140096,13.557701761199672,41.453476662469384,0.43302025789775983,0.0,0.0,0,0.0,0.0,0.0,0.0
8,8,1.925212216250372,3.0218744261458936,1.3442234292221045,0.6231758510257137,0.03660062445716322,1.72073556301541,-7.372753829948366,-8.443270909817565,0.6143961524956972,0.7036059091514638,0.003475414575879279,0.030632034326640703,4.9291649920218745,13.557701761199672,41.453476662469384,0.43302025789775983,0.0,0.0,0,0.0,0.0,0.0,0.0
9,9,0.6926033333296351,1.1762244394123709,2.39748746585266,0.21416615003174339,1.2712678348485098,2.380784781434598,-6.9753376870530515,-8.443270909817565,0.5812781405877543,0.7036059091514638,0.015560060853992929,0.030632034326640703,5.400309910882498,13.557701761199672,41.453476662469384,0.43302025789775983,0.0,0.0,0,0.0,0.0,0.0,0.0
10,1,3.141592653589793,3.141592653589793,0.01,0.01,0.01,3.141592653589793,-7.503205436654581,-8.443270909817565,0.6252671197212151,0.7036059091514638,0.003916130787417208,0.030632034326640703,3.740332286534219,15.913283893692041,39.73341459397817,0.45925584063767505,0.0005434042488139634,0.008426603733017742,94,47.00711131095886,82.323086977005,8.058398962020874,137.38873195648193
11,2,3.141592653589793,3.141592653589793,0.01,0.01,0.35779270564031007,3.141592653589793,-7.469731506722865,-8.443270909817565,0.6224776255602388,0.7036059091514638,0.003526400832991038,0.030632034326640703,3.7362933412479364,3.5729960399760707,16.879660987125977,9.999999999999997e-06,3.357045665201552e-05,0.009285640835023002,135,61.67947244644165,124.57252359390259,11.255329132080078,197.50742363929749
12,3,3.141592653589793,2.552671547603345,0.9496213059575616,2.459349802201632,1.9402375038742048,3.141592653589793,-5.764023309259804,-8.443270909817565,0.48033527577165036,0.7036059091514638,0.002885709252667145,0.030632034326640703,6.719657067001577,24.11212438690888,44.36805182833955,0.6242705089152228,0.00020061428204227338,0.00994817422736277,54,14.77315068244934,50.183873414993286,8.97584581375122,73.93294334411621
13,4,3.141592653589793,3.141592653589793,0.01,0.01,0.01,3.141592653589793,-7.533844506990929,-8.443270909817565,0.6278203755825774,0.7036059091514638,0.004090245778325046,0.030632034326640703,3.719732135961493,23.136893321758176,44.20190088413142,0.5632807979825772,0.0009356682811247667,0.0035401093848156455,91,30.67866849899292,70.57408690452576,10.070998430252075,111.32388615608215
14,5,3.141592653589793,3.141592653589793,0.01,0.01,0.01,3.141592653589793,-7.493462377188177,-8.443270909817565,0.6244551980990147,0.7036059091514638,0.004012977499104023,0.030632034326640703,3.7756094632736534,1.9479026709871368,16.828305331530554,0.0004444065958359025,0.0009877639403797734,0.0023980947497491407,107,52.29776215553284,53.06036901473999,11.26858925819397,116.62685513496399
15,6,1.9595226359953613,1.0860518445597123,0.2547535098240168,1.7041695445723728,2.258945343251624,3.141592653589793,-8.16045695114358,-8.443270909817565,0.680038079261965,0.7036059091514638,0.037127425487733734,0.037127425487733734,5.2391898532183205,1.7706407086482057,14.657911991313018,0.0004454410629332018,0.00020273975392513205,0.00910632525746209,37,16.97161889076233,70.72957515716553,10.717840909957886,98.4192247390747
16,7,2.470219118150566,1.1298123596365166,0.9485603725589888,2.0210767331008075,2.3427704642314926,3.141592653589793,-7.21184530495597,-8.443270909817565,0.6009871087463309,0.7036059091514638,0.020635379717599992,0.037127425487733734,5.202979321422575,20.908761684343382,42.45320501434001,0.527829739531135,0.0002302672919179557,0.00887266618472448,40,16.18466067314148,91.14557361602783,7.815924882888794,115.14630055427551
17,8,3.141592653589793,3.141592653589793,0.01,0.01,0.01,3.141592653589793,-7.514210929761914,-8.443270909817565,0.6261842441468262,0.7036059091514638,0.003950377490467644,0.037127425487733734,3.7339253425685186,1.477269713085698,15.505400053576723,0.0003011609656573128,0.000869692707497594,0.007361813614961128,87,45.53914713859558,61.93159747123718,12.346732139587402,119.81763410568237
18,9,2.244111315576191,1.8828557367830117,0.01,1.7661398603811764,2.232948072763856,2.755619263013157,-4.927791711054432,-8.443270909817565,0.410649309254536,0.7036059091514638,4.915884539356232e-05,0.037127425487733734,6.052536370125797,25.779739683582367,46.48602977135632,0.7493369101897912,0.0001288877892892371,0.008886149719393513,42,13.02124571800232,47.237868547439575,7.900707244873047,68.15992474555969
19,10,3.141592653589793,3.141592653589793,0.01,0.01,0.01,3.141592653589793,-7.474899537305059,-8.443270909817565,0.6229082947754215,0.7036059091514638,0.0036054499642988462,0.037127425487733734,3.744564964484624,0.9220854346940206,19.5996973041504,0.0004891622549084598,0.0009898308772465008,0.004534976638280441,86,34.743443965911865,87.94308090209961,9.22423005104065,131.9108567237854
20,11,1.745199926076809,1.5743151905329629,1.5348223334588964,1.0722371896207104,0.8491161138294661,1.9183012201256344,-8.480770773436053,-8.480770773436053,0.7067308977863377,0.7067308977863377,0.018382763325879473,0.037127425487733734,3.7270237831134523,0.9392093093809939,18.89125767254528,0.0004893255408865274,0.00011433231884180494,0.009340639474292063,29,14.031612634658813,72.42420029640198,14.903949975967407,101.35988140106201
21,12,1.768991392213938,1.5530768256367908,1.5084343359210757,1.0438666382322008,0.8247241110847284,1.9352308493153991,-8.944175126380228,-8.944175126380228,0.7453479271983524,0.7453479271983524,0.016221726363500864,0.037127425487733734,3.3943059488273093,0.8113153763888297,24.382554073229265,0.0005128716897927873,0.00018054677671434222,0.008799102395498736,25,14.147104740142822,90.98984241485596,14.446587324142456,119.58365559577942
22,13,2.1285711051425613,1.2021020080247014,1.0861548148289606,0.6230590803635425,0.45223044178447086,2.280340745934082,-6.761254199531164,-8.944175126380228,0.5634378499609304,0.7453479271983524,0.0005718533409497636,0.037127425487733734,4.662639395030439,25.805656564099657,45.68033169887187,0.9026052830779117,0.00017355481841272217,0.008332772207236222,23,11.180869817733765,78.53394794464111,11.666143894195557,101.38112282752991
23,14,3.141592653589793,3.141592653589793,1.3534501720920893,0.01,0.01,3.141592653589793,-7.509149059197033,-8.944175126380228,0.6257624215997527,0.7453479271983524,0.004113414828985841,0.037127425487733734,3.838796226172427,25.360791677593344,45.351167396577054,0.8591418412704166,3.362344175287103e-05,0.009813776037338972,128,52.21700406074524,84.56919932365417,2.407350778579712,139.19367289543152
24,15,3.141592653589793,3.141592653589793,1.9221909096132772,0.01,0.01,3.141592653589793,-7.525305210037094,-8.944175126380228,0.6271087675030912,0.7453479271983524,0.004095248242625201,0.037127425487733734,3.8035282483380968,25.214744296423348,45.12496732742216,0.8205499199850103,3.7515298827454286e-05,0.009916786051637596,113,12.37082028388977,56.622334241867065,8.940022945404053,77.93328428268433
25,16,3.141592653589793,3.141592653589793,2.508297491783144,0.01,0.01,3.141592653589793,-7.589782891350001,-8.944175126380228,0.6324819076125001,0.7453479271983524,0.004432843274414443,0.037127425487733734,3.703193429701578,25.09513543790831,44.96907681865257,0.7854021778069941,3.820582656858927e-05,0.009666978066431823,130,59.232590675354004,88.81959104537964,10.150912046432495,158.20322513580322
26,17,3.141592653589793,3.141592653589793,3.141592653589793,0.01,0.01,3.141592653589793,-7.50350463570859,-8.944175126380228,0.6252920529757159,0.7453479271983524,0.00390897010900609,0.037127425487733734,3.7559743292138137,25.660502321724564,45.00215337828268,0.7554007453569379,0.0007574502539764693,0.00920422985808003,94,37.9825222492218,75.93472695350647,15.059695959091187,128.97707080841064
27,18,3.141592653589793,3.141592653589793,3.141592653589793,0.01,0.01,3.141592653589793,-7.484357961239833,-8.944175126380228,0.6236964967699861,0.7453479271983524,0.0036776091954277565,0.037127425487733734,3.7574737013533266,26.001049364034,44.900214401429295,0.7269272895664998,0.0008093158326324861,0.008234313613393072,93,40.29139733314514,68.01627922058105,6.711299896240234,115.01907920837402
28,19,3.141592653589793,3.141592653589793,3.141592653589793,0.01,0.01,3.141592653589793,-7.483002875403546,-8.944175126380228,0.6235835729502955,0.7453479271983524,0.0039166795029288584,0.037127425487733734,3.7569844279795532,0.6736943924904351,21.52974159172228,0.0003866607943910223,0.0009872685535647163,0.008567951230770789,87,41.70226454734802,76.86684012413025,18.907724142074585,137.4769434928894
29,20,1.958108425252086,1.5184406901630563,1.419019368498413,0.8649500985867502,0.7487025532464411,1.9961782195981066,-9.11075699797916,-9.11075699797916,0.7592297498315966,0.7592297498315966,0.021012692694037303,0.037127425487733734,3.032734083349112,0.6723660066731458,21.485234146351466,0.00039856551271608766,0.000949162210733243,0.009147748687545592,25,13.53997278213501,64.97463750839233,10.385440587997437,88.90015912055969
30,21,1.7272754479828916,1.3874158453769383,1.3493832909577876,1.0211612061000235,0.6799423321641027,2.0403728095101803,-7.709870449469562,-9.11075699797916,0.6424892041224635,0.7592297498315966,0.023405058036456133,0.037127425487733734,5.479771018830718,21.966309618143836,40.317240749073704,0.7763974933925968,0.0005984301685407125,0.00585937262009336,39,14.860027551651001,74.72995448112488,9.890966176986694,99.48109984397888
31,22,3.141592653589793,0.1841781607142575,2.639325153662736,0.01,0.01,3.141592653589793,-7.011787038134306,-9.11075699797916,0.5843155865111922,0.7592297498315966,0.001433232332108618,0.037127425487733734,3.8888508602968983,28.048363925514092,43.71298231439603,0.7784600322638827,2.2608510161939245e-05,0.009412002132519652,107,40.65317344665527,73.70281195640564,25.16840434074402,139.52448725700378
32,23,3.141592653589793,3.141592653589793,2.53973726797614,0.01,0.01,3.141592653589793,-7.582583203119751,-9.11075699797916,0.6318819335933126,0.7592297498315966,0.004388107811509531,0.037127425487733734,3.7047230771449193,0.6094211402713445,22.469804292965456,0.00040205638447280925,2.205926181073575e-05,0.009168933108205985,126,48.308358907699585,77.36590552330017,19.217084169387817,144.89155459403992
33,24,2.0654768013688347,1.5952401823672533,1.6353702213197472,0.8433885038737419,0.8646352042294335,1.9859727646316994,-9.27034269052029,-9.27034269052029,0.7725285575433575,0.7725285575433575,0.023303578504537268,0.037127425487733734,2.702952882060586,0.616108622628128,22.039644032724915,0.00040549821006941934,0.0006898535818181997,0.009338560040557189,36,15.969173192977905,68.2527928352356,20.56995463371277,104.79204273223877
34,25,1.9358478941271406,1.5738788524478369,1.4851151136746406,0.8963816362511827,0.8429393636719358,1.883735260918924,-8.960652556915738,-9.27034269052029,0.7467210464096449,0.7725285575433575,0.01718386310621953,0.037127425487733734,3.0921631129430693,0.6075778656036585,22.05355114793056,0.0004053521222630897,0.0009811290555007675,0.007888624115628353,36,13.33108401298523,74.25300431251526,22.03778386116028,109.62199378013611
35,26,2.14410658562074,1.7400364858739839,1.7499210657326152,0.8663291479382416,0.7362183905337467,2.3985924073574836,-6.426588234447714,-9.27034269052029,0.5355490195373095,0.7725285575433575,0.005205187315255286,0.037127425487733734,4.862263990912297,0.5611447010494834,23.935600401352286,0.0003885294470552425,0.000601902011134786,0.00983333820192593,34,13.154111385345459,47.99303603172302,17.81448197364807,78.9617371559143
36,27,2.039139875271933,1.3834457726374172,1.656815519233879,0.8510242798795564,0.8487751734953172,1.9658384533025828,-7.932357823174571,-9.27034269052029,0.6610298185978809,0.7725285575433575,0.01566167850758854,0.037127425487733734,4.434707558551246,4.669577241649844,14.47504040984765,0.6721564088501444,0.0008073377422010893,0.006742675894211309,36,15.568614959716797,70.63654470443726,25.202579498291016,111.40787434577942
37,28,2.19162069010513,1.83901480443655,1.4872579498597394,0.01,0.46869279410300574,1.9366298586413153,-6.8594400881388955,-9.27034269052029,0.5716200073449079,0.7725285575433575,0.002490231681795872,0.037127425487733734,5.8429836644114985,5.3440767653485794,15.215310831552515,0.7130859134506893,0.00011194253480960721,0.009060211376762283,32,18.741844415664673,75.52747917175293,17.750609636306763,112.02005791664124
38,29,2.026612337515314,1.821938930950343,1.4635941611376133,0.011331299021480048,0.24092670367486607,2.3641407626643622,-6.6033338078197685,-9.27034269052029,0.550277817318314,0.7725285575433575,9.75337618559545e-05,0.037127425487733734,5.339197742284298,38.01736872890628,47.490229492485604,0.8932554086058309,5.253457549334677e-05,0.008659622626927784,32,7.572652339935303,50.52715229988098,18.607714891433716,76.70768141746521
39,30,3.141592653589793,3.141592653589793,3.141592653589793,0.01,0.01,3.141592653589793,-7.499632734906288,-9.27034269052029,0.624969394575524,0.7725285575433575,0.003923349003263081,0.037127425487733734,3.7359448387806324,0.5323786250212047,23.427021229394374,0.000336877836935158,0.0004757590651706503,0.009289677838895345,85,32.847777128219604,54.809239625930786,20.869115114212036,108.5262496471405
40,31,1.9779435398447256,1.7261234823394813,1.4335235835480475,0.9076978328664609,0.8251790792365666,2.0402562314547774,-9.598919743839632,-9.598919743839632,0.7999099786533027,0.7999099786533027,0.05703421047362079,0.05703421047362079,2.5632125162474324,0.5393100183029711,23.132373380188085,0.0003382531767150811,0.0007845137484401308,0.006188497659977096,27,10.908153295516968,72.58131074905396,24.349117517471313,107.83870220184326
41,32,1.9581751719263378,1.6940217096213785,1.467137262657586,0.911176534989887,0.7993813268358734,2.0297765919362747,-9.677900957091872,-9.677900957091872,0.8064917464243226,0.8064917464243226,0.0546108685900288,0.05703421047362079,2.320487590933041,0.5456120300217028,22.972321995105624,0.0003375528329865222,0.0006261165679080236,0.005560325025800295,36,18.097594022750854,112.05466556549072,26.30268669128418,156.4550769329071
42,33,1.9328891126141026,1.6982911043570734,1.4906273121411941,0.9187322004316661,0.7518086080460812,2.015824340922769,-9.285068212667001,-9.677900957091872,0.7737556843889167,0.8064917464243226,0.03248648076736991,0.05703421047362079,3.0653011272024315,0.5167683282406684,23.710031073634735,0.00034322729863072457,0.0009916524695562927,0.00666968516173942,35,16.397913694381714,73.8787910938263,14.742151737213135,105.01902222633362
43,34,1.9267166203697608,1.6108076372732645,1.4495251203206947,0.8996380593492785,0.9591683610349886,2.1128983271377133,-8.147499968584611,-9.677900957091872,0.6789583307153843,0.8064917464243226,0.021130058236483784,0.05703421047362079,4.493357418636279,0.46350748232654887,25.639880831495777,0.0003454468731721399,0.0009125202407848485,0.004439779182043868,39,8.878569602966309,49.56008434295654,13.136537790298462,71.57533574104309
44,35,2.168605456312493,1.6686052010144519,1.4440934315340344,0.999417462117845,0.7937421285065906,1.9730348762347172,-8.448150653276754,-9.677900957091872,0.7040125544397294,0.8064917464243226,0.019471314788176756,0.05703421047362079,4.343739252220615,0.4420421344357157,25.529135341882082,0.0003402641680946548,0.0009835526909104785,0.004732055616004945,37,12.273667097091675,65.09939289093018,17.76697278022766,95.14013600349426
45,36,2.0059503238245746,1.6927190920531057,1.477556776568995,0.837557489591615,0.81588324439543,2.0152304528598584,-9.795625315884008,-9.795625315884008,0.8163021096570007,0.8163021096570007,0.043605824196689166,0.05703421047362079,2.0417423523421405,0.447363943311918,25.294602260145563,0.00034146452038449844,0.0007922571326816264,0.0034702317420922035,42,23.82157325744629,110.2669026851654,29.500263929367065,163.58886528015137
46,37,1.9994225288692329,1.689701202635191,1.4738604151117871,0.8500361248906383,0.8156241264643251,2.0167557193541867,-9.195556647484782,-9.795625315884008,0.7662963872903985,0.8163021096570007,0.024676876915670685,0.05703421047362079,2.652826039471833,2.056404757859188,12.85586993887459,0.5454876583018349,0.0006709484037496782,0.0023543270012859802,34,15.886348724365234,47.6301794052124,10.298707962036133,73.81535649299622
47,38,2.0851239479719474,1.8285344017084928,1.6157346521683384,1.157235684054393,1.0787179938892202,1.7036361014801367,-4.766529202727806,-9.795625315884008,0.3972107668939839,0.8163021096570007,0.0001473898203058212,0.05703421047362079,6.960087995142796,0.5999977910745803,23.156446424237057,0.0370092863991177,0.00026488347040940467,0.00761365152270311,30,3.3857898712158203,64.52501916885376,17.888779401779175,85.79972338676453
48,39,1.915419846105615,1.7716723856430052,1.446405754023177,0.7593695187785577,0.7078478608448462,1.949289853902971,-9.169276202177675,-9.795625315884008,0.764106350181473,0.8163021096570007,0.012396712346368403,0.05703421047362079,2.962275776145802,0.5792522480179233,23.082820489790176,0.034119212647515745,0.0006933461470907648,0.004661293371162887,32,18.980266332626343,78.85730791091919,30.71142816543579,128.54914021492004
49,40,2.005562361827388,1.683525423106495,1.5195848363585978,0.8140485606458083,0.7599870636408769,1.9863270170379066,-9.887277106404575,-9.887277106404575,0.823939758867048,0.823939758867048,0.053429828860367054,0.05703421047362079,1.9070007887141713,3.5024042866214873,13.665521922164,1.0727513897899323,0.0007415583523747199,0.002760544153444529,42,25.97719430923462,84.09988021850586,23.157886266708374,133.23508048057556
50,41,1.9655010917246245,1.7192365146032274,1.4430163765040644,0.7927412698034773,0.6553609340880322,2.1353163194727576,-9.289317895938279,-9.887277106404575,0.7741098246615232,0.823939758867048,0.058381581634524976,0.058381581634524976,3.3245531854953754,0.5845896802107239,23.03141438142877,0.03532091757224065,0.00031871360134802756,0.009290994680234976,21,8.527634859085083,53.54009175300598,16.524810552597046,78.61293935775757
51,42,2.0163037932786243,1.6782354637633337,1.5395512739838357,0.7967307053943982,0.7356641363006842,1.985042700696133,-9.388321770255343,-9.887277106404575,0.7823601475212786,0.823939758867048,0.025674312861896014,0.058381581634524976,2.7891193817518882,0.5967502331272482,22.841449376722064,0.04036595793842063,0.0009643270370473897,0.0025927158467138355,40,11.520076751708984,68.72283601760864,19.22826838493347,99.47149610519409
52,43,1.9985558583688858,1.691951649687505,1.4864240681536578,0.8203347704883351,0.7548946001645813,2.000927888493327,-9.322290539819246,-9.887277106404575,0.7768575449849372,0.823939758867048,0.028948125146949208,0.058381581634524976,2.718029456783171,0.603645059500619,22.79046277014755,0.043977968156129664,0.0009875306260082829,0.0024295055742886954,40,17.941429138183594,104.58519577980042,26.57432532310486,149.1012794971466
53,44,1.9334849744743972,1.684287815288048,1.5545148790152117,0.8267234846010956,0.7549927944983683,1.9892392005211237,-9.80411322194629,-9.887277106404575,0.8170094351621908,0.823939758867048,0.03945067940517403,0.058381581634524976,1.9368072312463767,0.6058013261995256,22.84331753710155,0.04438206495800947,0.0008465891745336619,0.003068086521891079,36,14.365557432174683,99.96981287002563,33.906821489334106,148.24234127998352
54,45,1.9059461382177532,1.6840661544009266,1.578396598577392,0.8225791037611311,0.7461294848323272,1.984068594581403,-9.206152819752306,-9.887277106404575,0.7671794016460255,0.823939758867048,0.02183628113783829,0.058381581634524976,3.1043654781737615,0.611508668094496,22.639122114178857,0.049350205667276145,0.000718882373294951,0.0023801033565098886,48,22.051207780838013,65.31841993331909,21.316880702972412,108.68663668632507
55,46,1.9797547087214693,1.6899494901757546,1.4942527881018923,0.834551507200684,0.7539785668314193,1.99573917999045,-9.83282631246747,-9.887277106404575,0.8194021927056224,0.823939758867048,0.045622877726375057,0.058381581634524976,1.9748904085621177,0.6101213642028657,22.639732125031912,0.04939494390954131,0.0009419171468819382,0.002632073808413702,40,13.549919366836548,75.71715450286865,14.890637159347534,104.15785193443298
56,47,1.9804579267789197,1.6895088755454357,1.4907270463320594,0.8377410629159858,0.7478113685632698,1.9939899692184588,-9.516601710323899,-9.887277106404575,0.7930501425269916,0.823939758867048,0.02343881589384198,0.058381581634524976,2.259187127589584,0.6089602654246491,22.663375361261316,0.047006016030523304,0.0009070795528222658,0.002130399364032566,40,11.679475784301758,55.47548031806946,29.316614389419556,96.47168779373169
57,48,1.9806005550091206,1.6896735395933702,1.4956977252950598,0.833760554828669,0.7559275230604992,1.9962247584045807,-9.452547449905826,-9.887277106404575,0.7877122874921522,0.823939758867048,0.017906280233740468,0.058381581634524976,2.535391731383669,0.6089719582510296,22.676619714211718,0.0456828978502629,0.0008893520550995972,0.0024048083672290462,42,25.862844944000244,79.8903751373291,30.11449670791626,135.8678171634674
58,49,1.981124936205279,1.6898870770866123,1.499676394602033,0.8307310220334474,0.7613235014946802,1.9974244749758376,-9.566589019335746,-9.887277106404575,0.7972157516113122,0.823939758867048,0.024708997900439223,0.058381581634524976,1.9171789098439262,0.6065859552645658,22.709730559705033,0.0430626872844573,0.0009715081551162524,0.0027411287060484235,39,16.901270866394043,69.29401087760925,17.72926926612854,103.92467975616455
59,50,1.9829353783479815,1.6895411509321228,1.5034128285329111,0.8295706729598532,0.7646899537682392,1.998069872465225,-9.26351338106318,-9.887277106404575,0.7719594484219318,0.823939758867048,0.02838455553880555,0.058381581634524976,2.8781621427249604,0.6130860176435853,22.652442504340243,0.04664076483378486,0.0009595958572235138,0.002539324138839432,47,6.315966844558716,45.4632728099823,18.121784210205078,69.9011492729187
60,51,1.9711505981608146,1.7016124584695338,1.4627583613655684,0.8550701549962402,0.7372821609526957,2.0018328929991998,-9.32452303035382,-9.887277106404575,0.7770435858628183,0.823939758867048,0.01865538187155759,0.058381581634524976,2.5894087791656517,0.6118094140955903,22.661154932880734,0.04613723691893555,0.000925429235575715,0.00267570104568181,46,11.823829889297485,67.46156930923462,31.113428592681885,110.39904618263245
61,52,1.9934276671993958,1.6856941135280872,1.5147056841143107,0.786859624266652,0.7860428120835635,1.9945407920651195,-9.58340859596627,-9.887277106404575,0.7986173829971892,0.823939758867048,0.02347774511313964,0.058381581634524976,2.0922466529005277,0.6097045477714005,22.68612942008769,0.04395119464727461,0.0006840267360477183,0.002601568110361336,45,24.758339405059814,63.58708667755127,22.17427349090576,110.51987099647522
62,53,1.9946937346029208,1.6860297136871674,1.5175997898262674,0.7883470607907221,0.7871659905530155,1.9951141836652724,-9.711905648735216,-9.887277106404575,0.8093254707279347,0.823939758867048,0.03940464566601846,0.058381581634524976,2.1860490412671396,0.6056661696632556,22.724040922540176,0.042389250032370894,0.0008787748021365041,0.002783319359228583,41,22.179426670074463,58.37962818145752,22.70409893989563,103.26327562332153
63,54,2.0061714361891827,1.689821155320147,1.5161051522777818,0.7592977618682931,0.7983930732392164,1.995344635996838,-9.57493185433318,-9.887277106404575,0.7979109878610983,0.823939758867048,0.03421813445237115,0.058381581634524976,2.3364301653042787,0.6045241110519018,22.74069898488025,0.04058412178109889,0.0007214244746032684,0.002285626424217458,36,5.678573369979858,79.46128606796265,35.22564220428467,120.3656439781189
64,55,1.9981472626920491,1.6878012673312965,1.5224613491245307,0.7797613742417507,0.7939587736062635,1.9960208317324615,-9.795042934745382,-9.887277106404575,0.8162535778954485,0.823939758867048,0.03841121920476629,0.058381581634524976,2.1202089874271053,0.5997208756122184,22.78817286710092,0.03973759159867302,0.0007988286025184713,0.002442678747141536,38,19.405322074890137,71.98071265220642,42.741342067718506,134.12778735160828
65,56,2.0031710731273558,1.6921762194947056,1.5259664922842233,0.7611315252764377,0.802966092323016,1.9964989341080799,-9.738653627315637,-9.887277106404575,0.8115544689429698,0.823939758867048,0.04000696254282067,0.058381581634524976,2.1925130607343988,0.5954366685253025,22.844111575359964,0.03808504874405323,0.0009959490878171456,0.0028127890137426927,37,12.725648641586304,74.73317742347717,61.22880792617798,148.68777799606323
66,57,2.0090017709028345,1.6964836131904468,1.5288123999884384,0.7458827366385301,0.8095177931862942,1.996793376781147,-9.781660851448738,-9.887277106404575,0.8151384042873948,0.823939758867048,0.04758572521243872,0.058381581634524976,2.284341317468275,0.5911794276922585,22.911888043809455,0.036653653267830384,0.000684087096360059,0.002644765877223805,42,4.462987899780273,88.74226069450378,69.94076728820801,163.14613938331604
67,58,2.0164131601770436,1.701782754887441,1.5310519469171393,0.7271657749702036,0.8165252875022225,1.996905552490605,-9.41272867859026,-9.887277106404575,0.7843940565491884,0.823939758867048,0.023536083277895418,0.058381581634524976,2.7512738355754607,0.5967992743934739,22.805011060821318,0.03776041761667767,0.0008332741031690698,0.002892315468941408,43,15.468572854995728,81.25461316108704,29.17321228981018,125.89652419090271
68,59,1.995814882157474,1.6871582595117791,1.5292076983441956,0.7760058304538437,0.8002913364059668,1.9973461305648867,-9.503701008651818,-9.887277106404575,0.7919750840543182,0.823939758867048,0.024797350747658854,0.058381581634524976,2.4012875896664383,0.5985400399870867,22.796560467393743,0.03725643370792098,0.0008987792736778119,0.0020869218754382274,36,6.195054531097412,59.02445030212402,28.753592491149902,93.97322034835815
69,60,1.9999801613407417,1.6873348090405453,1.5257231111088907,0.7777888667468208,0.7973519913248797,1.9966921355376108,-9.790037469231518,-9.887277106404575,0.8158364557692931,0.823939758867048,0.03986677110838374,0.058381581634524976,2.004397247954728,0.595038883641798,22.825671386917904,0.03641586047014221,0.000846243427746456,0.002025128852270501,44,23.561474800109863,68.00263905525208,47.20731258392334,138.77154636383057
70,61,1.9998389222616004,1.6870926154260915,1.528637248783518,0.777335964710282,0.7994602204148119,1.9971685628354288,-9.639877507074528,-9.887277106404575,0.803323125589544,0.823939758867048,0.03479643105712052,0.058381581634524976,2.5072337398007676,0.5931496217653176,22.8483953342738,0.03503381061376577,0.0009162753456485374,0.002095392492209095,41,17.34204888343811,79.90900731086731,20.757837295532227,118.00902056694031
71,62,2.000272812590334,1.687289013640204,1.529950392266848,0.7785409722499161,0.7998679734534941,1.9973969601242383,-9.613933117157394,-9.887277106404575,0.8011610930964496,0.823939758867048,0.033192504470369394,0.058381581634524976,2.4008054192223227,0.5918898257453894,22.865339518472688,0.03383125692119721,0.00099764292109968,0.0022025237508796836,42,7.910173177719116,53.52263426780701,28.227153778076172,89.66008186340332
72,63,2.0007871738448517,1.6873304874536945,1.5303992929470416,0.7795861920918519,0.7998238773913413,1.997463681189824,-9.590473568588374,-9.887277106404575,0.7992061307156978,0.823939758867048,0.028859568558339547,0.058381581634524976,2.3497937700191613,0.5911686067057315,22.877019536030872,0.03280720240066137,0.0007487921418081261,0.001697886194577351,45,16.113221168518066,61.44903802871704,31.023011207580566,108.58539056777954
73,64,2.001246761574515,1.6870543844127444,1.5299605975460528,0.7802673879433305,0.799404355339237,1.997379935391338,-9.595310167109032,-9.887277106404575,0.7996091805924194,0.823939758867048,0.027969009909559674,0.058381581634524976,2.3528541020833416,0.5902784485481429,22.889976450267756,0.031805267270940414,0.0008171613122067492,0.0019147198167013093,41,14.03958535194397,55.517390727996826,23.572614669799805,93.12977695465088
74,65,2.0015253725851005,1.6869428551694678,1.5298715025242886,0.7809771495702169,0.7991737684011294,1.9973429505890972,-9.899088534441683,-9.899088534441683,0.8249240445368069,0.8249240445368069,0.06010422401549518,0.06010422401549518,2.0881463140742085,0.5878427847998615,22.905124374152972,0.03251338165219913,0.0009365310946709134,0.002242944350150206,42,20.172269582748413,79.45758891105652,64.05261564254761,163.68258500099182
75,66,2.001824481902667,1.6884014262390785,1.5349049665410721,0.7819330606106997,0.8016680504979601,1.998020241528196,-9.69757133567888,-9.899088534441683,0.8081309446399066,0.8249240445368069,0.035393730728795564,0.06010422401549518,2.113647398369068,0.5855013232462716,22.93110301021267,0.03143519791338087,0.0007658913025357988,0.0017711174910824334,44,15.524292230606079,119.69852137565613,38.18361210823059,173.406578540802
76,67,2.0021037889602638,1.6897496037379995,1.5375475517182253,0.7835137219302324,0.8026820169977593,1.9984217795263517,-9.500991849221608,-9.899088534441683,0.7917493207684673,0.8249240445368069,0.027532550349079303,0.06010422401549518,2.3225375420349224,0.5881061642811858,22.905164275419775,0.03143672648988549,0.0008340361244873886,0.0016981651452917799,43,14.539123058319092,66.29271101951599,56.673638343811035,137.50560474395752
77,68,2.0020911308148457,1.6819163845602214,1.5288498544481481,0.7787784379930144,0.7993752576765263,1.9968322042315694,-9.727423847219786,-9.899088534441683,0.8106186539349821,0.8249240445368069,0.03517593347323473,0.06010422401549518,2.0007220752027024,0.5858867007164197,22.926314223912122,0.030574019671407954,0.0007264622546265004,0.0016352108289975317,47,20.043903350830078,92.2475996017456,71.99979090690613,184.29162049293518
78,69,2.0024649887226587,1.678941753202003,1.530159451353339,0.7785330324017821,0.799804303015842,1.9965114558294141,-9.54958562704696,-9.899088534441683,0.7957988022539134,0.8249240445368069,0.023671785390624492,0.06010422401549518,2.3932881046438723,0.586306919229986,22.9273872760173,0.030072175536268578,0.0009409632776187657,0.0020649159548111365,42,21.411460399627686,92.5535786151886,54.76038384437561,168.72554540634155
79,70,2.0022254534666466,1.6861606459446354,1.529733095329009,0.7811678166194659,0.800038710969335,1.997809152101067,-9.645801390310195,-9.899088534441683,0.8038167825258496,0.8249240445368069,0.029965711105346706,0.06010422401549518,2.3628787399535156,0.5849111027001778,22.943382902622986,0.02920108056357849,0.0006864528187919708,0.001576895306452978,44,21.227278232574463,68.16721153259277,37.512863874435425,126.9074821472168
80,71,2.0023806340026584,1.6863836656359654,1.5306170891305997,0.7820419043953301,0.8002883878117767,1.9978477591328496,-9.70454398411017,-9.899088534441683,0.8087119986758475,0.8249240445368069,0.03272130660387791,0.06010422401549518,2.1515247906629895,0.58296869274179,22.9635924825425,0.028406043990603015,0.0007898082032231936,0.0018016272800737037,45,8.451927423477173,41.38550329208374,26.314050912857056,76.15159845352173
81,72,2.00279109456958,1.6872611645733915,1.5326037837007924,0.7835177302926086,0.8010981394814416,1.998137962248099,-9.475589644798886,-9.899088534441683,0.7896324703999071,0.8249240445368069,0.021589176769700284,0.06010422401549518,2.6847686904626897,0.5852899075987407,22.941638577654246,0.028599345116151375,0.0006418696695566487,0.0017982717159578257,50,21.56447672843933,63.06226849555969,34.04244661331177,118.66932249069214
82,73,2.001433635580572,1.6808576118703782,1.526085235306648,0.7783890064191148,0.7983866844785245,1.9966513468197387,-9.625949721992795,-9.899088534441683,0.8021624768327329,0.8249240445368069,0.02976746779375672,0.06010422401549518,2.286695240042775,0.5841932340305002,22.954849886631155,0.027852572071473063,0.0009651260036814308,0.0022083884070025787,39,8.412721157073975,71.1500301361084,44.27374887466431,123.83666443824768
83,74,2.001525641841294,1.6826563196850917,1.527158516000324,0.7798656449668688,0.7987177359808808,1.996900846726303,-9.76569215790442,-9.899088534441683,0.8138076798253683,0.8249240445368069,0.03467116157423633,0.06010422401549518,1.9910263346739185,0.5825031676222672,22.968159644811674,0.027433325283304874,0.0009218218757286048,0.002145459260602497,52,26.37337636947632,111.6788260936737,26.377638816833496,164.42996096611023
84,75,2.0014868629679707,1.6773038081653846,1.5273538176025734,0.7784743061251002,0.798762409436834,1.9960857872826467,-9.397795673159223,-9.899088534441683,0.7831496394299352,0.8249240445368069,0.03235385330243322,0.06010422401549518,2.420851276359471,0.585935080410808,22.94272226679834,0.028362861102987247,0.0009057329269033219,0.0019145615045215462,45,11.814607858657837,42.483262062072754,51.84767150878906,106.14567136764526
85,76,2.0026132562413546,1.713864374549217,1.529854280886825,0.7864656698104653,0.8018537303454778,2.0050404449429853,-9.441302825556482,-9.899088534441683,0.7867752354630402,0.8249240445368069,0.039189851626,0.06010422401549518,2.775112631294533,0.5880415843241062,22.909215110468892,0.02855741525185027,0.000819106137467847,0.001965277587129689,45,15.233758687973022,36.49365305900574,24.76044464111328,76.48795199394226
86,77,2.0015360426876385,1.6614676655784795,1.5207493197137378,0.7674402910660164,0.7930053486624608,1.9887996617469605,-9.480760794303633,-9.899088534441683,0.7900633995253027,0.8249240445368069,0.02484414704789966,0.06010422401549518,2.2825173760422217,0.5888684385963648,22.909451259821342,0.028383365453536723,0.0004927194548637549,0.0015001716061585023,52,22.690812349319458,102.77011919021606,68.06133675575256,193.52242946624756
87,78,2.0659263584587757,1.761627868635351,1.383150743182991,0.719324974987456,0.7904674027862244,2.043862458845392,-9.165777686554122,-9.899088534441683,0.7638148072128436,0.8249240445368069,0.020824724297829323,0.06010422401549518,3.637143063599453,0.5925389026140527,22.84666370071972,0.028216945893305437,0.0009785602509858804,0.005810070940355552,36,15.979372501373291,139.51724767684937,40.338411808013916,195.83537936210632
88,79,1.991081569688527,1.6829953462609368,1.5367003727094024,0.7888545698478355,0.7973667070627837,1.9940079045430603,-9.43138761067143,-9.899088534441683,0.7859489675559526,0.8249240445368069,0.021654428797584863,0.06010422401549518,2.4643793374061858,0.5947587387734138,22.83287295736379,0.028532006632927303,0.0008709156430338195,0.0017676010397127996,67,18.61576557159424,86.65072894096375,40.65697407722473,145.92361068725586
89,80,1.7705047173278305,1.8606066747643675,1.3436723512554936,0.912695231129223,0.6967770848580124,2.0737372756349144,-8.864411040454177,-9.899088534441683,0.7387009200378482,0.8249240445368069,0.06573619963507939,0.06573619963507939,4.504346895389261,0.6011889844373175,22.688738014364677,0.028545991898895638,0.0007191601752628291,0.004573720655445267,40,15.886487483978271,99.09424328804016,44.30725073814392,159.28811812400818
90,81,2.0004217131682593,1.6836117493000664,1.5288588554023446,0.783801436687113,0.7930428230298904,1.9973006795831776,-9.6822289333397,-9.899088534441683,0.8068524111116416,0.8249240445368069,0.03687743614424478,0.06573619963507939,2.20434853758519,0.5998978738275923,22.698507383162344,0.027959538291054454,0.0009699310508652497,0.002001914211278056,41,18.652103900909424,103.3800995349884,54.20729207992554,176.2396275997162
91,82,2.0011996944377235,1.68301679564968,1.5297080202034663,0.7842377066622472,0.79271060501208,1.997817544381272,-9.889200271875184,-9.899088534441683,0.8241000226562654,0.8249240445368069,0.04889425861458745,0.06573619963507939,1.9380630404212837,0.5993777991680264,22.69153314229674,0.028745010965576873,0.0009302614134183614,0.0020105156618808657,43,15.558024883270264,68.62645697593689,57.80101418495178,141.98564529418945
92,83,2.0030023221587303,1.6802589395693897,1.532105560663244,0.7845043437049544,0.7904151954487395,1.9997685092540145,-9.666809608426405,-9.899088534441683,0.8055674673688671,0.8249240445368069,0.02913942428018003,0.06573619963507939,2.1019106616018775,0.5981984479641536,22.701567767961766,0.02813430545869509,0.0008973772728507624,0.0017841113187684813,42,17.247836351394653,100.13891196250916,85.51142525672913,202.8983495235443
93,84,2.00391590990552,1.679564858875804,1.532985179137231,0.7848250380997868,0.7900064369385316,2.0005238925130113,-9.611375086336341,-9.899088534441683,0.8009479238613618,0.8249240445368069,0.023230832285575174,0.06573619963507939,2.149881014124304,0.5975251549748882,22.70927373568276,0.02756206268334643,0.0009590990268941906,0.0015091594262315207,39,23.305356740951538,108.98244500160217,36.5816113948822,168.86953616142273
94,85,2.003648912153336,1.6801626625406259,1.5327045125189251,0.7851198262182438,0.7906223030527489,2.000075017986825,-9.63206902065652,-9.899088534441683,0.8026724183880433,0.8249240445368069,0.02785409124510506,0.06573619963507939,2.081056236533513,0.5966421773768273,22.717899989794564,0.026990680449452367,0.0008911347474479496,0.0016695200586656087,42,15.915347814559937,72.76716184616089,55.896047830581665,144.57867002487183
95,86,2.003885157596425,1.6802405326259362,1.5329037091962214,0.7854247253722575,0.7908156501605091,2.000118303060047,-9.775034196352202,-9.899088534441683,0.8145861830293502,0.8249240445368069,0.038409344748587544,0.06573619963507939,1.9659735278628148,0.5952075412712262,22.726382018064534,0.026772379317367586,0.0009099926844901899,0.0019433711086758246,52,26.32485604286194,61.613566637039185,40.212732791900635,128.151305437088
96,87,2.0320719263358678,1.8603069239437273,1.1902619851898277,0.8470994625578655,0.558858783607283,2.092290798583755,-8.490662829374015,-9.899088534441683,0.707555235781168,0.8249240445368069,0.056189699607306035,0.06573619963507939,5.822014356232003,0.6021251560541268,22.584389814486016,0.026824593531465917,0.0009435765950663042,0.005599029401038061,36,13.011409759521484,61.45505475997925,40.46125769615173,114.92784142494202
97,88,2.005738323726101,1.678079050392742,1.5344521080475584,0.7850724917067907,0.788737797856424,2.0033659519161167,-9.538143718741384,-9.899088534441683,0.7948453098951154,0.8249240445368069,0.021643982002258345,0.06573619963507939,2.1192356063731808,0.6025673267455146,22.584642557814085,0.026530797022901738,0.0007772274108520834,0.001364014777420288,51,21.99034810066223,56.46755003929138,56.3898720741272,134.84794521331787
98,89,2.0030360361142665,1.680872272831231,1.5321177580807719,0.7853550729905152,0.7912126973449561,1.9998018774184882,-9.447221930522481,-9.899088534441683,0.7872684942102067,0.8249240445368069,0.02510234122199832,0.06573619963507939,2.388157039211592,0.604221289727906,22.577453693454096,0.0267470708697331,0.0009321861047870574,0.0015209946195423236,52,21.218605518341064,71.53023362159729,38.126041889190674,130.8750331401825
99,90,2.0000250661248926,1.6835766957467133,1.5291033941568388,0.7844057938969278,0.7934546756583262,1.9970026553810207,-9.651140157801299,-9.899088534441683,0.8042616798167749,0.8249240445368069,0.02535432587987014,0.06573619963507939,1.9660810481016568,0.6032180480711409,22.5853230607386,0.026233672384543095,0.0008341634176793418,0.0014436217708791463,53,24.11866307258606,85.60713362693787,59.810272216796875,169.53621792793274
100,91,2.0002870029202904,1.6835534094029487,1.5293904125421578,0.7847417045338021,0.793574621642823,1.9970114609652194,-9.691323183321586,-9.899088534441683,0.8076102652767988,0.8249240445368069,0.03829206332905087,0.06573619963507939,2.191204518509238,0.6020911408451425,22.592623719207605,0.02578798059823969,0.0009912409766712695,0.0016119586899686336,51,29.365296125411987,104.9601366519928,36.04660129547119,170.3721740245819
101,92,2.00055595931994,1.6833767301712075,1.529881728967763,0.7852391090510079,0.7936312078328422,1.996973896717768,-9.473201796430054,-9.899088534441683,0.7894334830358378,0.8249240445368069,0.025035649023527735,0.06573619963507939,2.3924972635581128,0.603015314876191,22.590544085152,0.02580738434006691,0.0009940604295959085,0.0015914439981041541,56,8.572340726852417,49.83688950538635,36.30858898162842,94.71798491477966
102,93,2.00005593637607,1.6840420899699249,1.528612617541098,0.7841871893409815,0.7938300228316725,1.9972442301316304,-9.600624793776777,-9.899088534441683,0.8000520661480648,0.8249240445368069,0.029690943072258398,0.06573619963507939,2.0426379317385397,0.6023340612521002,22.597493570036608,0.0253537662361573,0.0007444383723140404,0.0013859595184708643,52,25.02331018447876,62.18047523498535,62.32396078109741,149.52787065505981
103,94,2.000408656368129,1.6842028951505683,1.5287281965711177,0.784343125179352,0.7939910229456357,1.9971814644082846,-9.545732084457384,-9.899088534441683,0.7954776737047821,0.8249240445368069,0.027300661651394446,0.06573619963507939,2.0849268058910297,0.6021429680019028,22.60207374488457,0.025031491824710636,0.0008435176157513642,0.001615320634775761,54,31.77035403251648,89.45834016799927,39.59027934074402,160.81912231445312
104,95,2.000614869032559,1.6844208972272456,1.5285736376723253,0.7841621197004568,0.7941292253988785,1.9971404034586344,-9.703877222047081,-9.899088534441683,0.8086564351705902,0.8249240445368069,0.03208252121651459,0.06573619963507939,2.0553221325140214,0.6011105712723944,22.608191955103205,0.02467791096702076,0.0009519402303116048,0.0016704752880671917,54,22.25074863433838,82.06843113899231,29.693045616149902,134.01237177848816
105,96,2.0009529939266217,1.6844195302410578,1.5289679930992246,0.784654672877053,0.794239116704184,1.997056578748065,-9.58476629887151,-9.899088534441683,0.7987305249059592,0.8249240445368069,0.030804152131241085,0.06573619963507939,2.3494067886968537,0.600572059111288,22.614057197926364,0.024286701944420876,0.0008772811317263962,0.0016062671111716925,51,23.936193227767944,50.707422733306885,27.035627126693726,101.67936944961548
106,97,2.0010068506003718,1.6845049693647525,1.5288947495650163,0.7845947129580697,0.7943530478523652,1.9971205387413224,-9.577240091586889,-9.899088534441683,0.7981033409655741,0.8249240445368069,0.030881952759117905,0.06573619963507939,2.4056735756537364,0.6000902093433281,22.619553941448277,0.023919426375354626,0.0008129554723377084,0.0015936643461887767,48,12.462099313735962,58.5485417842865,49.44597864151001,120.45675420761108
107,98,2.0010017552486286,1.6845717021816964,1.528781240043485,0.7844672830482665,0.7944485612753861,1.9971903466798344,-9.804214712528552,-9.899088534441683,0.8170178927107127,0.8249240445368069,0.03762383967458855,0.06573619963507939,2.141484071210215,0.5994426870047408,22.619811663085816,0.024009973935847893,0.0009818140987148938,0.0016535571086278165,45,21.70048427581787,91.61851954460144,64.52732110023499,177.84644436836243
108,99,2.0016477812257962,1.684628244281532,1.5295112390575267,0.7853974711200388,0.794544194099931,1.9969162940648928,-9.713777428787152,-9.899088534441683,0.8094814523989293,0.8249240445368069,0.03621739021048534,0.06573619963507939,2.0810410028400383,0.5984243887067967,22.626269410241274,0.023708197180890588,0.0007215333723807193,0.0013574690481008849,45,20.336568117141724,76.53225111961365,29.690857648849487,126.559818983078
109,100,2.002744953109178,1.6848625825721872,1.5304281460119735,0.7863878509167677,0.7947639741055781,1.9963140903178387,-9.485115726116064,-9.899088534441683,0.7904263105096719,0.8249240445368069,0.03232794430481812,0.06573619963507939,2.5764283562605073,0.5991687230050083,22.62242542877081,0.02369436324959433,0.0008083254046410826,0.001632224183289133,43,7.405691623687744,73.88867378234863,35.140923500061035,116.43541169166565
110,101,1.999111284702282,1.6840425367714382,1.5279270861060332,0.7840578335798969,0.7943232502243088,1.998811248948155,-9.743423496927951,-9.899088534441683,0.8119519580773292,0.8249240445368069,0.03140004687932133,0.06573619963507939,1.986429978010264,0.5982961557565772,22.625271317917413,0.023503957026065947,0.0008558385797475141,0.00157643743333071,44,19.761438369750977,95.86714935302734,57.58567547798157,173.21438241004944
111,102,1.9972664896641719,1.6835775159393358,1.5275333737068186,0.7841933838185778,0.7942469686296741,2.0008177913086125,-9.755256518867832,-9.899088534441683,0.812938043238986,0.8249240445368069,0.043105924098868695,0.06573619963507939,2.149057057071545,0.5974620445260793,22.6265236158093,0.02335403718187087,0.0007751604405292009,0.0014786216163300261,44,27.040266752243042,78.67152523994446,37.66512322425842,143.37703490257263
112,103,1.9928810176450198,1.6825661941740475,1.5266611481377004,0.7838611598895763,0.7939442801235734,2.00534021303176,-9.478655115837606,-9.899088534441683,0.7898879263198005,0.8249240445368069,0.02888547172284921,0.06573619963507939,2.479074220028693,0.5981684215088692,22.62982349598388,0.023364441298867483,0.0008687144257534642,0.0015286785096890942,45,7.238936424255371,45.262858152389526,42.37121820449829,94.8731210231781
113,104,2.005306928257585,1.6849113158273488,1.5304627647796654,0.7856687988041576,0.7951134790333564,1.9920906134761336,-9.589774729598583,-9.899088534441683,0.7991478941332152,0.8249240445368069,0.02541984023801785,0.06573619963507939,2.2636725034526677,0.5977559903550818,22.633422530914025,0.023038627056111916,0.000997919144104982,0.0016606877182072976,45,26.420620679855347,80.71246147155762,70.50057315826416,177.63378858566284
114,105,2.003115191583158,1.6847987184993263,1.5292497986483171,0.7850621882012793,0.7948682854724554,1.9947759592745602,-9.192873663350705,-9.899088534441683,0.7660728052792254,0.8249240445368069,0.023222295280489892,0.06573619963507939,3.2768504552456363,0.6044582156256696,22.583304954112513,0.02557645709251474,0.0007947912603736441,0.0015293567428566043,45,22.32740330696106,124.48647689819336,58.28228211402893,205.0962929725647
115,106,1.9899145484718765,1.6826406414029507,1.523812959898675,0.7793975215204104,0.7924580926662778,2.0056899420172885,-9.761025461223934,-9.899088534441683,0.8134187884353278,0.8249240445368069,0.04043909804437406,0.06573619963507939,2.0808923663789756,0.6039393157983167,22.576962213450877,0.025479593755624877,0.0008373058788016936,0.0017183128227125043,50,13.235393047332764,62.716025590896606,39.43767499923706,115.38921451568604
116,107,1.9787147485888148,1.6801660713340945,1.5206449968032707,0.7751113119213723,0.7915086543421059,2.0133741619493004,-9.550597812629382,-9.899088534441683,0.7958831510524486,0.8249240445368069,0.03365950956625291,0.06573619963507939,2.4930886552673144,0.6043106924760056,22.58248342753916,0.02520233192593892,0.0009418302270919048,0.001630022301298017,45,14.968252420425415,69.88396167755127,35.44753694534302,120.29987573623657
117,108,1.9918229166013324,1.6830690049625026,1.5241731737135609,0.7800647362132742,0.792398225498151,2.0051530107449613,-9.832078155128594,-9.899088534441683,0.8193398462607161,0.8249240445368069,0.04305313081916726,0.06573619963507939,1.9729458047501538,0.603956425229713,22.571523540750167,0.025433092843020342,0.0007690119915201586,0.001453578273603808,53,29.653616666793823,79.58010292053223,39.5075159072876,148.74137663841248
118,109,1.9833851191579264,1.680941571967766,1.5215491578765603,0.7767290038705077,0.7912148172124073,2.012335266484858,-9.506437511554148,-9.899088534441683,0.7922031259628457,0.8249240445368069,0.032894681415208134,0.06573619963507939,2.491159822750049,0.604509290286628,22.577899199167938,0.025285632207262126,0.0008988078359549399,0.001619916843284691,44,12.601163625717163,73.30730724334717,45.6810564994812,131.58965587615967
119,110,1.9938342217627576,1.6836697762812276,1.5244955567523477,0.7807705194556114,0.7924437251505517,2.003746281965528,-9.580677733940037,-9.899088534441683,0.7983898111616697,0.8249240445368069,0.028897339211706147,0.06573619963507939,2.244849672957443,0.6041263754983438,22.583748684288953,0.024964033308381414,0.0009242451562588824,0.0014339332818063225,53,27.72641110420227,54.758854389190674,40.648672580718994,123.13406372070312
120,111,1.9951037923000916,1.6840095512495,1.525038099726551,0.7812666456482774,0.7927317431319358,2.0026328008650873,-9.542744127024246,-9.899088534441683,0.7952286772520205,0.8249240445368069,0.02610471305039902,0.06573619963507939,2.3136211323577953,0.6039611037034408,22.589225991495862,0.024716144764710325,0.0008416387941639271,0.0013567251727059162,53,19.782228231430054,71.03937602043152,49.96106028556824,140.78284072875977
121,112,1.9968325701621554,1.6843973321737897,1.5258253391452172,0.7818637465099847,0.7931411336473646,2.000865958228367,-9.609418327722588,-9.899088534441683,0.800784860643549,0.8249240445368069,0.015133125454207256,0.06573619963507939,1.9101678545663958,0.6033964995256244,22.594550869847286,0.024382701506736305,0.0008246585227830559,0.001253990671799945,55,25.63771891593933,51.697272300720215,28.252044916152954,105.58715581893921
122,113,1.9971129230482039,1.6844907946981424,1.5259946797158748,0.7820262188732591,0.7932614799970612,2.000774340229405,-9.780936416712994,-9.899088534441683,0.8150780347260828,0.8249240445368069,0.045278425372420085,0.06573619963507939,2.100338241768455,0.6028814003562886,22.59268979989124,0.02437278495702661,0.0008974458365498611,0.0016366811344037246,47,12.160380363464355,83.70317077636719,47.431710720062256,143.2953805923462
123,114,1.9956432898046017,1.6843075812150652,1.5252839699893685,0.7815863614697687,0.7928975635216124,2.0026324218905955,-9.929284299206032,-9.929284299206032,0.8274403582671693,0.8274403582671693,0.048936919354587716,0.06573619963507939,1.9413332786629809,0.6033953015650564,22.574535655704324,0.025224499510229877,0.0008703645992315114,0.0014441028740922685,39,19.184534072875977,91.44414353370667,90.82278299331665,201.45158290863037
124,115,1.9906342177190606,1.6833684027880342,1.5233086007658185,0.7796914738512442,0.7916552374262561,2.008699678524958,-9.892950256113716,-9.929284299206032,0.8244125213428096,0.8274403582671693,0.06497505626367307,0.06573619963507939,2.062628687742631,0.6030390685262358,22.560836910278336,0.025730859892818068,0.0008067227910308869,0.001143666121146285,50,23.826733350753784,73.03511548042297,43.927069664001465,140.78904056549072
125,116,1.981890892405851,1.6817973889914044,1.5207578194030555,0.775541688273826,0.7897976126513104,2.0188974726693445,-9.408550405276163,-9.929284299206032,0.7840458671063469,0.8274403582671693,0.021471328344881548,0.06573619963507939,2.2998359540378033,0.6048789152185623,22.56155137994179,0.026039136021852868,0.000935828395384785,0.0016738501113503135,48,15.42886471748352,29.73459005355835,27.599573850631714,72.76315546035767
126,117,1.995740111645707,1.6845849201898968,1.5240705697070756,0.7818765450425462,0.7924988858616784,2.0017552454139613,-9.801358409329119,-9.929284299206032,0.8167798674440933,0.8274403582671693,0.02696451678726066,0.06573619963507939,1.7034702856261958,0.6043204804156808,22.55832799090185,0.02605309665781358,0.0009436297927641129,0.001436705228456608,61,25.84391474723816,62.06263589859009,61.26141595840454,149.16808891296387
127,118,1.9944613558784812,1.684330505405019,1.5230282277331142,0.7814323769683706,0.7922529428520899,2.0030215978541754,-9.48004465041118,-9.929284299206032,0.7900037208675984,0.8274403582671693,0.024717524057887987,0.06573619963507939,2.361462549530472,0.6048397034752574,22.561919227724857,0.026033314814731544,0.0007271363529029195,0.001031766137278965,51,22.516558408737183,106.96391677856445,61.89329242706299,191.37389945983887
128,119,1.9962596848687826,1.6847978609676562,1.524428013670733,0.7820544875129862,0.7925235435037381,2.0012659299546773,-9.716322137764877,-9.929284299206032,0.8096935114804064,0.8274403582671693,0.0333470353002738,0.06573619963507939,2.028917295879083,0.6041328254718474,22.56425184742214,0.02578967630591376,0.0009250561977534474,0.0013568911514236178,57,11.174248933792114,73.79277443885803,55.1880042552948,140.15513944625854
129,120,1.9958142441272575,1.6847933430882465,1.5240304180040478,0.7819609184540004,0.7924461655530628,2.0018698197640172,-9.59083456355238,-9.929284299206032,0.799236213629365,0.8274403582671693,0.0357705808291949,0.06573619963507939,2.228133112227354,0.6037643636850234,22.569236290261983,0.025498256984679186,0.0009874926862828532,0.0014050018636695748,48,12.280094385147095,100.88726449012756,93.80442476272583,206.9719307422638
130,121,1.9962016309432131,1.6848748594212217,1.5243407325460874,0.7821465556883863,0.7925648158838038,2.001604173834276,-9.653459390819663,-9.929284299206032,0.8044549492349719,0.8274403582671693,0.021560200300859568,0.06573619963507939,2.112159891963941,0.6031420361736479,22.573553360884098,0.02519170708045005,0.0008846809816854198,0.001280021004442548,48,29.20860767364502,72.41680526733398,55.310547828674316,156.93608903884888
131,122,1.9961541067556083,1.6849289240618157,1.5242838574698305,0.7822069709461313,0.792589970289632,2.0018441649030287,-9.590580690155477,-9.929284299206032,0.7992150575129564,0.8274403582671693,0.033672686027156354,0.06573619963507939,2.252494676230583,0.6027800456334316,22.578318821303263,0.02491384891367128,0.0007916032114618246,0.0012058912788303034,50,18.58692216873169,64.71712589263916,76.6629695892334,159.9671516418457
132,123,1.996484012651984,1.6849754152606344,1.5245589747295836,0.7823528750963313,0.7927043244514677,2.0015576385109797,-9.383780769447554,-9.929284299206032,0.7819817307872962,0.8274403582671693,0.018595586483386144,0.06573619963507939,2.670818525436516,0.6044065064942953,22.574351279589948,0.02536055498699009,0.000554137158981936,0.0010537300257940575,53,25.90771460533142,76.43343782424927,33.67382597923279,136.01510524749756
133,124,1.9978513954220687,1.6847067939947327,1.5258040332799037,0.7824235217828694,0.7929743697451219,1.9992555556126441,-9.761271262448378,-9.929284299206032,0.8134392718706982,0.8274403582671693,0.039373211676632006,0.06573619963507939,2.1106077240706327,0.6038240825406791,22.574952688192745,0.0252565909254209,0.000900174921220252,0.0014011333916490235,49,16.225698709487915,83.1938910484314,70.20231866836548,169.6220507621765
134,125,1.9975919020982038,1.6846677837483266,1.525470247861065,0.7823112412637068,0.7928732090196763,1.9992930675977107,-9.594680959489475,-9.929284299206032,0.7995567466241229,0.8274403582671693,0.020590849386943742,0.06573619963507939,2.2191275299790902,0.6034261209110706,22.579428377630176,0.024980846547432427,0.0009859678438732472,0.0013232473378349892,48,20.543590307235718,95.67555093765259,65.33681130409241,181.55619883537292
135,126,1.9977732093121705,1.684754890482793,1.525656826230412,0.7824589578576406,0.7929658714262033,1.9993782838764917,-9.799028401256091,-9.929284299206032,0.8165857001046742,0.8274403582671693,0.04550315482084027,0.06573619963507939,2.123072732358324,0.6029623706843479,22.577906778696995,0.02500466781943064,0.0009890058565138419,0.0012911314517114283,50,20.59081196784973,82.95893025398254,56.11101460456848,159.66088604927063
136,127,1.9973977202918132,1.6847099792789126,1.5251836317294978,0.782297705704684,0.7928200463270596,1.9994432712268413,-9.583105033036317,-9.929284299206032,0.7985920860863597,0.8274403582671693,0.0351072268084099,0.06573619963507939,2.369293075784398,0.6026392067161142,22.58226166061304,0.024751544832654754,0.00082395847875075,0.0013240812050624572,49,20.643208265304565,82.25397515296936,52.055795192718506,154.95310878753662
137,128,1.997626949568058,1.6848014139196579,1.5254350987475163,0.7824559306626596,0.7929125584959005,1.9995000436717516,-9.671401895929268,-9.929284299206032,0.8059501579941056,0.8274403582671693,0.04166794880367412,0.06573619963507939,2.385447278148618,0.602019284731757,22.586042786190102,0.024487805508475464,0.0009615581135774469,0.0015182526408454905,50,17.663172245025635,67.89626359939575,70.72195839881897,156.28154277801514
138,129,1.9975828620656861,1.68484754942808,1.525345986371562,0.7824995591634447,0.7929315400036975,1.999594596904384,-9.593272628620536,-9.929284299206032,0.799439385718378,0.8274403582671693,0.02536901369734928,0.06573619963507939,2.279366826419235,0.6016521178735789,22.590302905677497,0.024234978744784388,0.0008219430472691217,0.0011682869928740158,53,23.473304748535156,51.61864638328552,39.17630076408386,114.26847720146179
139,130,1.9977480744788607,1.6848937782435396,1.525527574234587,0.7826070961623955,0.7930070049179001,1.9996168659960485,-9.850995565471772,-9.929284299206032,0.8209162971226477,0.8274403582671693,0.03675910819808462,0.06573619963507939,1.9265061307076508,0.6014454425965619,22.585267475926717,0.024473758958863473,0.0009324968332462683,0.0011802817774065198,52,8.781640768051147,66.19376611709595,50.32615566253662,125.30169296264648
140,131,1.9972748396343871,1.6849397344854407,1.5249144413101017,0.7824625432822524,0.7928203871851218,1.999832873456223,-9.82753559663713,-9.929284299206032,0.8189612997197608,0.8274403582671693,0.037401612432147555,0.06573619963507939,1.9850296161593945,0.6010764434256718,22.581811440309206,0.024592458257704484,0.0009088817118834964,0.001157006358714662,52,18.039076805114746,110.428551197052,60.747848987579346,189.21560645103455
141,132,1.996670371890641,1.6849428813436789,1.52417454350312,0.7822645292411289,0.792682108469675,2.0000711523864374,-9.569500161273199,-9.929284299206032,0.7974583467727666,0.8274403582671693,0.0253593681632113,0.06573619963507939,2.253719120655248,0.600880873799292,22.585865920979995,0.02438124201525842,0.0008564920874192651,0.0010905516596981244,51,19.801706790924072,96.48204302787781,88.73789596557617,205.02178120613098
142,133,1.9970454431908384,1.6850077103595644,1.524588217586714,0.7824309753663719,0.7927461147507279,2.0000095365339687,-9.711382178679118,-9.929284299206032,0.8092818482232599,0.8274403582671693,0.03629718016653861,0.06573619963507939,2.265968138043675,0.6002403973013773,22.588439545819103,0.024174770079325225,0.0006980228022732246,0.0011097072938096536,52,16.95020031929016,50.59406638145447,59.7996187210083,127.34401822090149
143,134,1.9968163954238332,1.685063594781468,1.5242853126263272,0.7824156896709693,0.7927362897552688,2.0001816102367367,-9.612670106494397,-9.929284299206032,0.8010558422078664,0.8274403582671693,0.027527348673664288,0.06573619963507939,2.1259343012657865,0.5998263719554218,22.59260850787979,0.023927487346923453,0.0009308466431526978,0.0011824815342413879,50,22.862326860427856,81.9571521282196,51.96254777908325,156.78216123580933
144,135,1.9969660445708093,1.6851051770050498,1.5244401900182984,0.7825095769935574,0.7927834681058245,2.000177539966293,-9.788301007265602,-9.929284299206032,0.8156917506054668,0.8274403582671693,0.039534934594901844,0.06573619963507939,2.055927120463963,0.5992949158835322,22.591752285928138,0.023902079101022926,0.0007734300978184381,0.0011822265013542532,49,23.45174217224121,80.99766969680786,48.456130266189575,152.90568017959595
145,136,1.9964356272326977,1.6851941266339867,1.523782267442489,0.7824112595992155,0.7927245018686231,2.0004990155526947,-9.50802136045712,-9.929284299206032,0.7923351133714266,0.8274403582671693,0.021563796426800414,0.06573619963507939,2.1985094646390024,0.5995915282086401,22.59410790990033,0.02383957417799683,0.0007762603330349235,0.0010810855169718938,50,21.46989870071411,61.24188780784607,36.251163482666016,118.96309900283813
146,137,1.997143100401824,1.6851307675756801,1.5245913122170909,0.7825632533185647,0.7927474171184828,2.000147490939943,-9.40013814424438,-9.929284299206032,0.7833448453536983,0.8274403582671693,0.031496156779410894,0.06573619963507939,2.938743237477439,0.6009951711339097,22.590444096758397,0.024181043749823022,0.0008592156329018441,0.0011636073324301126,52,10.854629278182983,68.17471313476562,79.43172144889832,158.46122097969055
147,138,1.9978580332893552,1.6848625223129932,1.5255823728751254,0.7825924594336369,0.7928444498754461,1.999486736332293,-9.691723720204367,-9.929284299206032,0.8076436433503639,0.8274403582671693,0.03398984433205079,0.06573619963507939,2.027329916892768,0.6004026336592689,22.593620469331384,0.02396507552197619,0.0009699842498850539,0.001190904576268579,51,31.587676525115967,83.59461426734924,65.13808131217957,180.32065534591675
148,139,1.9978336960294476,1.684916977379499,1.5254965339583442,0.7826287291774366,0.7928239417204326,1.9995706064283691,-9.60815119498945,-9.929284299206032,0.8006792662491208,0.8274403582671693,0.03564747633747894,0.06573619963507939,2.1259079613750202,0.6000165143727881,22.597457436208273,0.02373345288102127,0.0009110825871454356,0.001341691999224392,47,24.740094661712646,87.65631413459778,68.69629430770874,181.09282684326172
149,140,1.9979058900932825,1.6849501081878875,1.5255867581847609,0.7827043854805339,0.7928902924908563,1.9995912213802212,-9.756462255420134,-9.929284299206032,0.8130385212850112,0.8274403582671693,0.033712418495739645,0.06573619963507939,2.1068580730646573,0.599461504277857,22.598611744164046,0.023634736929627195,0.000763213631242409,0.0011692271891017368,53,29.114067554473877,94.75264525413513,103.69664812088013,227.5635027885437
150,141,1.9978167571380943,1.6850457886633579,1.5253755424141742,0.78272276957185,0.7927948991808058,1.9997442220824762,-9.72457166152461,-9.929284299206032,0.8103809717937175,0.8274403582671693,0.03783623250668769,0.06573619963507939,2.0537382408860196,0.5988643668536976,22.600920635530926,0.023471772845507517,0.0008928200616857084,0.0012833557688285444,53,28.04747986793518,70.98461866378784,44.92386555671692,143.9560911655426
151,142,1.9977583233993004,1.685153524815613,1.5252051776820075,0.7827590729780827,0.7927315838988934,1.9999115994423076,-9.521582745384809,-9.929284299206032,0.7934652287820674,0.8274403582671693,0.03156525686105384,0.06573619963507939,2.5377327152868077,0.5990189671077257,22.602871674696196,0.023379558165144962,0.000647502825672497,0.0010209245198668795,52,13.61056661605835,44.61262536048889,49.54808020591736,107.77141284942627
152,143,1.9978926605627068,1.6850252466547273,1.525507564845065,0.7827814879953235,0.7928771409936051,1.9996664632289811,-9.580095037214996,-9.929284299206032,0.7983412531012496,0.8274403582671693,0.028584990584055434,0.06573619963507939,2.41374760506487,0.5987799099495599,22.606206776461903,0.023186838899081397,0.0008230143939026488,0.001229913207347707,54,32.60921764373779,60.65542387962341,74.49767184257507,167.762446641922
153,144,1.9979704202793467,1.6850084115119772,1.5256407692295266,0.7828254063373663,0.7929582455464571,1.9996216424788409,-9.632707722573803,-9.929284299206032,0.802725643547817,0.8274403582671693,0.026322657094337443,0.06573619963507939,2.3519866730419494,0.598318804079502,22.609886174628617,0.02296472142554016,0.000936905835372898,0.001215129548400756,51,29.59977436065674,65.99500608444214,42.01590371131897,137.61081647872925
154,145,1.9980062199166744,1.6850528735349974,1.5256731204875922,0.7828858672129522,0.7929956956620763,1.999658135061683,-9.235992637089028,-9.929284299206032,0.7696660530907523,0.8274403582671693,0.01212432371438573,0.06573619963507939,2.352111582941447,0.6020542567863819,22.589735552107452,0.02426513266670835,0.000696031937008831,0.0011349227260386684,52,14.763072729110718,54.104125022888184,78.79819059371948,147.66559386253357
155,146,1.9980404832621557,1.6842192033581322,1.5261659327635169,0.7822435392076437,0.7930566295314183,1.9986676632815636,-9.834614904491485,-9.929284299206032,0.8195512420409571,0.8274403582671693,0.04257313479374261,0.06573619963507939,2.052193628115944,0.6018478676488831,22.586589510476855,0.024412367914970177,0.0009111315645925782,0.0014395208646785745,49,22.72236680984497,64.79849338531494,50.757081031799316,138.27807211875916
156,147,1.9977883321610812,1.6836771368680554,1.5258817136030658,0.7818689278605888,0.7928659030858743,1.9980493028894304,-9.586252710656014,-9.929284299206032,0.7988543925546678,0.8274403582671693,0.02515605703443313,0.06573619963507939,2.157226302334621,0.6015630740220146,22.59011548765613,0.02420818868462882,0.0007702655973883142,0.0012114095815324202,53,25.860945224761963,52.89394474029541,84.93385696411133,163.68888974189758
157,148,1.9979374147191415,1.6839827516874573,1.5260435224837294,0.7820908919930336,0.7929509840391654,1.9983964860019965,-9.645153320357771,-9.929284299206032,0.8037627766964809,0.8274403582671693,0.038603106526512915,0.06573619963507939,2.3293732065606747,0.601099718661596,22.593554578675516,0.023986439766251366,0.0008140815438149627,0.0010680688223491657,52,26.26763129234314,129.55762934684753,77.1876814365387,233.01309394836426
158,149,1.9979596008738685,1.6839778842536834,1.5260562562519966,0.7821296055819816,0.7929837205840078,1.9983908925233873,-9.6297639406996,-9.929284299206032,0.8024803283916334,0.8274403582671693,0.02993239637021083,0.06573619963507939,2.208827006855813,0.6006737217716824,22.597059322798817,0.023767941007708127,0.0007195812180074465,0.0011507341575538678,50,9.014729499816895,114.48310160636902,76.06004047393799,199.5580611228943
159,150,1.998002415861369,1.6840320982542984,1.526096296472484,0.7822008531571992,0.7930299638399649,1.9984470527198115,-9.316277397008479,-9.929284299206032,0.7763564497507066,0.8274403582671693,0.020277652593898198,0.06573619963507939,2.562352661939272,0.6027569129464324,22.5874970597047,0.02446187464375553,0.0009805950001089319,0.0015197343670532194,50,20.29077649116516,112.96655011177063,82.57806015014648,215.83552861213684
160,151,1.9983245560471372,1.685090044808185,1.526565681182677,0.7826557417838671,0.7931173702319023,1.9996476453701957,-9.44587938820412,-9.929284299206032,0.7871566156836766,0.8274403582671693,0.014818733031858275,0.06573619963507939,2.398079779746098,0.6033593336759484,22.586070549189657,0.024549949929488,0.000617111285936281,0.0010739732711924797,51,28.47281241416931,102.25722002983093,35.55852222442627,166.2887315750122
161,152,1.9981670620477123,1.6846120692105042,1.5263200106651829,0.7825180506471585,0.7933334578622221,1.9990838504852448,-9.503660895234908,-9.929284299206032,0.7919717412695757,0.8274403582671693,0.0225237440903841,0.06573619963507939,2.243828210333845,0.6034875593682388,22.587504249275185,0.024472385808977724,0.0009367576216968135,0.0010999115358645908,54,12.398781299591064,52.15757727622986,55.907819509506226,120.46433997154236
162,153,1.998291616888639,1.6846667564400166,1.5264074630888846,0.7825822594657981,0.793378659437294,1.999202207184101,-9.603996190729962,-9.929284299206032,0.8003330158941635,0.8274403582671693,0.03278784332865118,0.06573619963507939,2.2723191057125405,0.6031407015065252,22.590782662391007,0.02426293903026421,0.000996906953740963,0.0014512750243442694,54,18.475627660751343,48.46496272087097,55.1322340965271,122.07293844223022
163,154,1.9983540097453805,1.6847130901419012,1.5264619138602207,0.782656877668273,0.7934396054522425,1.9992692136178016,-9.561122262827366,-9.929284299206032,0.7967601885689471,0.8274403582671693,0.026161919905488322,0.06573619963507939,2.1636432886898405,0.6029550179279476,22.593493666162896,0.024090904593113204,0.0006417576313208545,0.0011821771545430999,51,27.294738292694092,74.57832455635071,56.59025192260742,158.46344780921936
164,155,1.9983993799087245,1.6847174594143959,1.5264968760611295,0.782691174474285,0.7934992649400998,1.999290074130074,-9.709329447167702,-9.929284299206032,0.8091107872639752,0.8274403582671693,0.04134799481543085,0.06573619963507939,2.0934396563843336,0.6024797646192362,22.595926854165647,0.02393963083320805,0.000684136252035364,0.0014195260405666717,51,16.01352286338806,58.61005473136902,49.21397018432617,123.83767318725586
165,156,1.9984662139377907,1.6848052418476414,1.526556122542445,0.7827943179606104,0.7935249983271809,1.9993939061386807,-9.55434870470596,-9.929284299206032,0.7961957253921633,0.8274403582671693,0.023039208769471922,0.06573619963507939,2.085669403535533,0.6023320604924585,22.598351071155367,0.023781620964172558,0.0007498277955923942,0.0013519403478853154,55,19.089642763137817,66.46408200263977,44.116899728775024,129.67074942588806
166,157,1.998458172997443,1.684743120555034,1.5265483485540454,0.7827677550015514,0.7935774194653527,1.9993302208074117,-9.561212859317967,-9.929284299206032,0.7967677382764973,0.8274403582671693,0.02723056152412078,0.06573619963507939,2.3113723725767983,0.6021495480441996,22.600908227903286,0.023617183099121503,0.0008913416177822125,0.0014001356065352466,52,26.04865837097168,101.19200396537781,93.53700256347656,220.77784371376038
167,158,1.9984763643904588,1.6847149287707424,1.5265604295055502,0.7827511512960186,0.7936169705246165,1.9993115209359333,-9.788834342600055,-9.929284299206032,0.8157361952166712,0.8274403582671693,0.03972987455976362,0.06573619963507939,2.047426630300862,0.601832438515208,22.600811849389096,0.023635654409828594,0.0008182617087510901,0.001402556060175705,58,24.922484397888184,37.873133182525635,35.10073971748352,97.89650297164917
168,159,1.9985568106933704,1.6848408096178848,1.5266277527433763,0.7829076187945401,0.7936272958460726,1.9994509280336719,-9.405278188405704,-9.929284299206032,0.783773182367142,0.8274403582671693,0.023854994525249407,0.06573619963507939,2.457255318118186,0.6027421700442909,22.596851104427753,0.023852307330961314,0.0009676120341864066,0.001443405243085634,52,25.53211545944214,64.01606965065002,68.92436003684998,158.47270274162292
169,160,1.9982433638401604,1.684380109173225,1.5263469677377919,0.7824285657889748,0.7935672078297503,1.9989138621009246,-9.627086862873893,-9.929284299206032,0.8022572385728245,0.8274403582671693,0.023116155412647194,0.06573619963507939,2.0637968972973084,0.6023515084473686,22.60001003171589,0.02365482202621569,0.0009952673521950452,0.001485320021818573,53,35.646692514419556,114.4336450099945,79.79801487922668,229.87856197357178
170,161,1.998296463055434,1.684424151994162,1.5263952210961589,0.7824982330506951,0.7936200174538308,1.9989716449836983,-9.523539986309142,-9.929284299206032,0.7936283321924286,0.8274403582671693,0.023670528213091048,0.06573619963507939,2.3690024897352515,0.602340894963749,22.601853545621886,0.023546963730148147,0.000767976950928514,0.0013944553706741955,53,23.035820960998535,81.54674482345581,73.21184206008911,177.79454517364502
171,162,1.9984168121267865,1.6845977800265695,1.5265127355048465,0.78256536163271,0.7935962450348022,1.9992011935478193,-9.569422162902491,-9.929284299206032,0.7974518469085409,0.8274403582671693,0.028718885984819587,0.06573619963507939,2.2016691713375423,0.602118669068462,22.60451558075021,0.02338063068831121,0.0007267582848981321,0.0014240596744031556,54,25.07809567451477,95.80145645141602,61.241021394729614,182.12072157859802
172,163,2.03001289733835,1.648639128026856,1.5852853390214132,0.6919988918539411,0.7688809604796211,1.948904219144813,-9.566680129817504,-9.929284299206032,0.7972233441514587,0.8274403582671693,0.03970613628896462,0.06573619963507939,2.299049262668291,0.6066338672576627,22.606189779861506,0.023372004518833814,0.0009200873628111371,0.004288007014765901,41,20.351993083953857,77.39822578430176,93.32380390167236,191.07414650917053
173,164,1.9117108743187274,1.6776418245539813,1.6431186415670724,0.6093626762623165,0.8185376175321858,1.9298092039013757,-9.66478072479392,-9.929284299206032,0.8053983937328266,0.8274403582671693,0.07718335195490132,0.07718335195490132,2.5848953358067632,0.6074890709051781,22.691747049685286,0.023444352688371133,0.0007141422295342573,0.003088894118691064,37,23.958199739456177,102.04633688926697,69.914137840271,195.91883206367493
174,165,1.7953027157657258,1.6773659646914933,1.7180506186930171,0.53044883648305,0.8044573025377112,1.8756181399624592,-9.541037060283568,-9.929284299206032,0.7950864216902973,0.8274403582671693,0.07268187615538567,0.07718335195490132,2.581079042399921,0.6120928941763217,22.676893122371986,0.023400298512258156,0.0009334865072083708,0.0053360250461223875,33,13.71254849433899,73.01483726501465,44.21151328086853,130.93911576271057
175,166,1.600919890473017,1.7090241431852646,1.783923324033008,0.4944914932993647,0.7878146957121087,1.8328390965174526,-9.410510836051161,-9.929284299206032,0.7842092363375968,0.8274403582671693,0.08425908649671969,0.08425908649671969,3.3998144061037863,0.618188306999622,22.622770563681684,0.023397389010800566,0.0007977189061036821,0.007490430793377834,31,16.69687819480896,55.74280500411987,79.06378769874573,151.50363206863403
176,167,1.7587097377253385,1.746376836301878,1.662002917524305,0.4509372378150336,0.8985361809645807,1.910527486452725,-9.030462424064675,-9.929284299206032,0.752538535338723,0.8274403582671693,0.0813853392613439,0.08425908649671969,3.9205475409363686,0.6207021330289054,22.541697482828024,0.023402283862669595,0.0009205654891046351,0.008775566660077306,40,22.93365216255188,117.39857530593872,97.40737342834473,237.73975253105164
177,168,1.6809637104369326,1.6229546358599067,1.8707832422601443,0.5466963559190725,0.6599414853001611,1.7815889157891724,-9.73994716053971,-9.929284299206032,0.8116622633783092,0.8274403582671693,0.0755075171330164,0.08425908649671969,1.9154522984715925,0.6255930681211102,22.60447269804861,0.02337990624951276,0.0009378051755518569,0.007495688625788822,34,18.035200119018555,62.36260914802551,59.76355457305908,140.16150403022766
178,169,1.5838124797872115,1.6039824578978243,1.9705878152910958,0.5238362804865547,0.6009142583697804,1.7227166691953368,-9.725492265172655,-9.929284299206032,0.8104576887643878,0.8274403582671693,0.0621056733712218,0.08425908649671969,1.7356609662485596,0.6307692606101399,22.556297868645057,0.0233499606724318,0.0007131707953593936,0.006665144280857866,36,18.118444204330444,62.83531045913696,76.08483529090881,157.0387578010559
179,170,1.46550708274038,1.60944918361591,2.0273972970082026,0.549013558219766,0.5482652892469405,1.688044034867253,-9.282179905404353,-9.929284299206032,0.7735149921170295,0.8274403582671693,0.04152154671941292,0.08425908649671969,2.1508125700270853,0.626997794236088,22.261542955981195,0.023307490561877798,0.0008566310773159034,0.009376037126335113,32,20.377463340759277,130.22682762145996,95.52411413192749,246.1286735534668
180,171,1.7094209807392144,1.5851913194278326,1.9460855586168002,0.46950479234520676,0.6633423632524286,1.7459611557141423,-9.845540953159897,-9.929284299206032,0.8204617460966581,0.8274403582671693,0.07652744599725092,0.08425908649671969,1.9056536162304951,0.6303059198742335,22.256771929760554,0.02323217194933039,0.000815634292629725,0.004184068494417119,36,19.720155715942383,82.0348117351532,69.63979482650757,171.39492750167847
181,172,1.7156830018907934,1.5767095382292846,1.9678141347007756,0.44826401356542533,0.66917876393075,1.7365446056728044,-9.93976001166601,-9.93976001166601,0.8283133343055008,0.8283133343055008,0.09982284975583902,0.09982284975583902,2.0537290110529085,0.6305825349524669,22.314062904578986,0.02308771611403151,0.0009747483505027059,0.005628371777172079,31,11.568351030349731,73.65644264221191,92.40049695968628,177.62557315826416
182,173,1.7207004973058733,1.5682147812652136,1.9909127402420643,0.4267491316381297,0.6752941482502991,1.7268109088683772,-9.788065245135071,-9.93976001166601,0.8156721037612559,0.8283133343055008,0.07750508607790696,0.09982284975583902,2.1852722805524536,0.631282258039926,22.224169619738433,0.023004944664623807,0.0009313036682700082,0.0049307052532732406,39,25.42482614517212,76.15482449531555,66.78651547431946,168.36631655693054
183,174,1.7188901472196347,1.5662533856620644,1.9346999287943991,0.4554524533690652,0.6591643664576178,1.7344992322621717,-9.87896419499135,-9.93976001166601,0.8232470162492791,0.8283133343055008,0.07328339018032992,0.09982284975583902,1.9221461082092048,0.6323700774083146,22.198748649334043,0.0228748234133796,0.0008694799446422703,0.005567341909441641,33,19.43630027770996,52.481810331344604,73.97810196876526,145.89634919166565
184,175,1.7176019796111004,1.5620411375649654,1.9311054122270652,0.45413743631369496,0.6588884539028851,1.7310407885086014,-9.866484610605715,-9.93976001166601,0.8222070508838096,0.8283133343055008,0.1514995309634951,0.1514995309634951,2.601485231787848,0.632945036792222,22.179603433457675,0.022728125489574882,0.0007561793877594364,0.004657470856731277,33,12.893784523010254,54.793278217315674,100.58068013191223,168.2678701877594
185,176,1.722243956411598,1.570443649740296,1.9364709832190283,0.4548651037024111,0.6556136653992298,1.738804396272821,-9.946247854260662,-9.946247854260662,0.8288539878550552,0.8288539878550552,0.06171343306211119,0.1514995309634951,1.6621058334765166,0.6326840266799492,22.184037183338425,0.022592786682236746,0.0007335336532439758,0.005878536078321654,37,16.629185676574707,56.30466818809509,52.1677041053772,125.10171508789062
186,177,1.7288823922323104,1.567258300363912,1.9282368777156595,0.4478669265908619,0.6418998630984276,1.7409920751523746,-9.842353224512316,-9.946247854260662,0.820196102042693,0.8288539878550552,0.12852157078198834,0.1514995309634951,2.487303129064628,0.633474876736091,22.162991375352153,0.022462781982648384,0.0008917683472524173,0.0047460552332945745,37,9.60625433921814,59.8702187538147,87.65651154518127,157.1331057548523
187,178,1.7213685867166306,1.565563836325513,1.932113943742082,0.4616110547131929,0.6677258143762813,1.726234054108162,-10.004304911295995,-10.004304911295995,0.8336920759413329,0.8336920759413329,0.053278151626257486,0.1514995309634951,1.3033446302410994,0.6333888431226531,22.171348259548974,0.022392476564591375,0.0008746520861933426,0.005201801712712128,35,16.50821590423584,69.66990160942078,53.63805627822876,139.816303730011
188,179,1.717994721778676,1.545966165421373,1.9155875837187086,0.46792691112221946,0.6857743441385704,1.6842337359979447,-9.43713511464199,-10.004304911295995,0.7864279262201658,0.8336920759413329,0.07747089871100518,0.1514995309634951,3.226694993181738,0.6280808266552306,22.12912169064724,0.022672810643839147,0.0007745113030335013,0.004342206060251513,36,9.493788242340088,54.499083518981934,58.009613037109375,122.00261902809143
189,180,1.7269298634864259,1.6115435866614516,1.9918977440522376,0.43265557509755204,0.6130170041077447,1.8381418624744779,-9.281144287156193,-10.004304911295995,0.7734286905963494,0.8336920759413329,0.08585039181500029,0.1514995309634951,3.172297336107789,0.6202995665796188,21.996041010450437,0.023277505942147194,0.000956867566094349,0.005941459339351744,42,15.571604251861572,105.94182014465332,74.70271182060242,196.21628379821777
190,181,1.7074457222442867,1.6314104795782183,1.9374806514648868,0.4684988528874513,0.6675532879876116,1.711879531485144,-9.68419179002265,-10.004304911295995,0.8070159825018876,0.8336920759413329,0.05834344104213762,0.1514995309634951,1.9107942945170038,0.6229342768061963,21.906776687405056,0.023272420206992623,0.0008786139239586701,0.0028309367694319292,43,28.175607681274414,77.82506656646729,89.39800786972046,195.39878582954407
191,182,1.6625223100896895,1.5319276847784509,1.9307526896075171,0.4684852082748382,0.682707804762362,1.7633067392220747,-9.713599103014204,-10.004304911295995,0.8094665919178503,0.8336920759413329,0.04332926367557445,0.1514995309634951,2.0066031403143114,0.6271656579940778,21.906210177697073,0.023263101386061403,0.000944379343865078,0.0030553414189153274,46,24.04516863822937,107.14947724342346,77.72145938873291,208.91624188423157
192,183,1.7281489350665207,1.5625921444824056,1.9499524385490337,0.5082559488617214,0.6586051181908195,1.740686103863756,-9.957912939538808,-10.004304911295995,0.8298260782949006,0.8336920759413329,0.10692672090184546,0.1514995309634951,1.941517268338501,0.6265418353965443,21.857039452449335,0.02319594018539524,0.0007480213258024953,0.0028568852645188742,43,19.615435361862183,88.7397403717041,103.72879672050476,212.08410239219666
193,184,1.7351798349605834,1.5581482295048832,1.9599327706712983,0.5267341657973382,0.6596458316499267,1.739903341231339,-9.098281030627833,-10.004304911295995,0.7581900858856527,0.8336920759413329,0.04968830689050609,0.1514995309634951,3.1944190528652427,0.6233706700897306,22.079159945576237,0.02510548404649211,0.0007548255602702026,0.0027977992972897828,41,22.574706315994263,83.1871747970581,104.12791967391968,209.88994359970093
194,185,1.6542108980099337,1.582993042327757,1.8909088311381803,0.38501041299140165,0.6365056214271796,1.7218495767791115,-10.101985228839288,-10.101985228839288,0.841832102403274,0.841832102403274,0.055891179738834,0.1514995309634951,1.1199167475234901,0.6246087818721214,22.154452058685006,0.024976942104737904,0.0005073331371565452,0.0032770814052413316,40,13.792413473129272,88.0573160648346,80.65985941886902,182.50973653793335
195,186,1.6308504538024728,1.5790712153349933,1.8773343493049208,0.3525531354838917,0.6191917656639682,1.7078417284583383,-10.170996561802173,-10.170996561802173,0.8475830468168478,0.8475830468168478,0.07842549750672118,0.1514995309634951,1.4161543845012403,0.6258653937273102,22.21411241284173,0.024839411221161355,0.0009905735733306041,0.004648130380930485,42,15.831566333770752,94.21155428886414,119.35997986793518,229.40339016914368
196,187,1.6129718368430501,1.5735184863558707,1.8711881219946451,0.3271633715430104,0.6062680220171695,1.694713124017553,-9.95207029732219,-10.170996561802173,0.8293391914435159,0.8475830468168478,0.06987690311852401,0.1514995309634951,1.4215160101316826,0.6244551956647728,22.045501520557803,0.02480879462573822,0.0005844596334183226,0.0032922342804322714,31,20.160084009170532,76.51708388328552,66.31913805007935,162.99646854400635
197,188,1.64321329136308,1.5860746786636997,1.86992505504627,0.3693094642675086,0.6246587262318813,1.7202601455910462,-10.081953469292868,-10.170996561802173,0.840162789107739,0.8475830468168478,0.1046486667012319,0.1514995309634951,1.608942221551132,0.6242832170820698,22.044757505860876,0.024634552383008088,0.0006416113064764938,0.0025862367320559866,36,7.988954067230225,37.032047510147095,37.42481565475464,82.44594097137451
198,189,1.6430533054554843,1.5860596349225715,1.8707564082144648,0.36923104598461126,0.6249423337106741,1.7202162466623145,-9.925003484376997,-10.170996561802173,0.8270836236980831,0.8475830468168478,0.05474400933425162,0.1514995309634951,1.3679507775339488,0.626437379755577,22.05544208123297,0.024641141844687464,0.0008614401156400048,0.002978701201781034,36,13.695843935012817,68.81576347351074,89.73916888237,172.2509307861328
199,190,1.6330612152730213,1.580647932058649,1.898277939982884,0.35268401350524087,0.6365831203407828,1.7083278244421471,-10.061936352147914,-10.170996561802173,0.8384946960123262,0.8475830468168478,0.08357249835019852,0.1514995309634951,1.5369643784432583,0.6265481436131374,22.057891008372593,0.024477936021934876,0.0009745939491638918,0.0034704333961487863,47,20.393741607666016,59.784159421920776,67.03274416923523,147.21076655387878
200,191,1.6337279195757317,1.5808182531828734,1.8973480664382276,0.35410999943175947,0.6357666979044099,1.7090162293693942,-9.94837621449271,-10.170996561802173,0.8290313512077258,0.8475830468168478,0.04943438192388765,0.1514995309634951,1.377026922108584,0.6270021925771447,22.041238450644734,0.02438655983581347,0.000994508649035577,0.0038059146041023724,47,12.810011386871338,77.69516825675964,110.70940327644348,201.21474862098694
201,192,1.646887188272362,1.5800087006975798,1.866698375132353,0.3808793401915457,0.6114869994448022,1.718326666685784,-10.101777897656671,-10.170996561802173,0.8418148248047226,0.8475830468168478,0.1050485438708757,0.1514995309634951,1.715276836693718,0.6264980190147634,22.030475262852217,0.02423832430268545,0.0007414418947121751,0.0031514769844805056,41,13.670534610748291,59.10789656639099,76.89591336250305,149.67451429367065
202,193,1.6476664339495106,1.5792715010004368,1.85852363886725,0.3850635538386731,0.6034533097092402,1.7190385162603201,-10.068046681403175,-10.170996561802173,0.8390038901169312,0.8475830468168478,0.08757683458921094,0.1514995309634951,1.4539979786821675,0.6265396197963754,22.024986785175145,0.024082764275592458,0.0009156508269219995,0.003016828862187412,48,17.33223247528076,93.63842701911926,154.84365844726562,265.8145339488983
203,194,1.6476261212489194,1.579400839313483,1.8587695107187159,0.3851407041134285,0.6035888136051151,1.7192095559444232,-10.141189984292001,-10.170996561802173,0.8450991653576668,0.8475830468168478,0.10004497576888849,0.1514995309634951,1.5614808968200293,0.6257565540447477,22.01865074330406,0.02394812695594917,0.0007296573443131995,0.0027210462520803886,48,22.420296907424927,94.39360809326172,73.1439757347107,189.95816850662231
204,195,1.6478671207111644,1.5784467988796507,1.849616509289657,0.38914750162321504,0.5944105712867355,1.7195904881369948,-10.19217070870644,-10.19217070870644,0.84934755905887,0.84934755905887,0.08560975320624671,0.1514995309634951,1.2471344623765646,0.6248768698446668,22.01800163807138,0.02384622040584241,0.0007290461698669169,0.0028695460109912445,34,12.434766292572021,75.53134489059448,84.478351354599,172.44459795951843
205,196,1.6469503955947555,1.5761498294221488,1.8330927512454553,0.39474773357762655,0.5773613180718455,1.7189393110444726,-9.850742237290337,-10.19217070870644,0.8208951864408615,0.84934755905887,0.06619105893419025,0.1514995309634951,1.7682333923372937,0.6260211245629949,21.98821878294156,0.02398979818309771,0.0009604713322430669,0.0031997284255331424,47,16.355782508850098,69.83211970329285,82.6765866279602,168.86461353302002
206,197,1.6493770728112902,1.584037699800552,1.871384370328613,0.38141459028501035,0.6210105787675421,1.7233627338509847,-10.215498885753881,-10.215498885753881,0.8512915738128234,0.8512915738128234,0.08348204790150461,0.1514995309634951,1.2282870638304075,0.6237706773576503,21.970015912978543,0.023922588357501204,0.0008293916430977959,0.0024386123400294327,38,11.793542861938477,32.47582721710205,54.291802406311035,98.56131911277771
207,198,1.6522419749435444,1.5877370302384153,1.8672046266434197,0.38300746497201216,0.6253893078513464,1.7296033853061843,-10.101005606258322,-10.215498885753881,0.8417504671881936,0.8512915738128234,0.05723815697012297,0.1514995309634951,1.3260215682902867,0.6231184609065039,21.967255537461707,0.023755922094152032,0.0007038372135739103,0.0021601460263566525,42,28.91559410095215,63.01740527153015,83.29905700683594,175.2322006225586
208,199,1.6526041624006311,1.588304045812142,1.8665922689682808,0.38319389269732346,0.6261118890007611,1.730668989415681,-10.18392536164174,-10.215498885753881,0.8486604468034783,0.8512915738128234,0.09913346903606024,0.1514995309634951,1.3455085438427403,0.621212570616187,21.954897217987305,0.02362378228980343,0.000982151054042911,0.002215230155533634,44,25.98112177848816,57.653522968292236,42.96643257141113,126.60120916366577
209,200,1.6547446839362818,1.5908674682463506,1.8624488314852674,0.38319342348769664,0.6300208258618109,1.7356753107967535,-9.594813584495832,-10.215498885753881,0.799567798707986,0.8512915738128234,0.04620044210262225,0.1514995309634951,1.9843811428621052,0.6307698649534907,22.00726015276632,0.02505696078449784,0.0009872370180178224,0.0025393713395647863,48,13.04277229309082,65.88478016853333,68.78236699104309,147.71004343032837
210,197,1.6493770728112902,1.584037699800552,1.871384370328613,0.38141459028501035,0.6210105787675421,1.7233627338509847,-10.215498885753881,-10.215498885753881,0.8512915738128234,0.8512915738128234,0.08348204790150461,0.1514995309634951,1.2282870638304075,0.6237706773576503,21.970015912978543,0.023922588357501204,0.0008293916430977959,0.0024386123400294327,38,11.793542861938477,32.47582721710205,54.291802406311035,98.56131911277771
